*---------------------------------------------------------*
*   Country: Netherlands
*   Station: Wageningen
*      Year: 2000
*    Source: Dep. of Meteorology, Wageningen Agricultural
*            University.
*    Author: Peter Uithol
* Longitude: 05 40 E
*  Latitude: 51 58 N
* Elevation: 7 m.
*  Comments: Location Haarweg.
*
*  Columns:
*  ========
*  station number
*  year
*  day
*  irradiation (kJ m-2 d-1)
*  minimum temperature (degrees Celsius)
*  maximum temperature (degrees Celsius)
*  vapour pressure (kPa)
*  mean wind speed (m s-1)
*  precipitation (mm d-1)
** WCCDESCRIPTION=Netherlands, Wageningen
** WCCFORMAT=2
** WCCYEARNR=2000
*---------------------------------------------------------*
   5.67  51.97     7.  -0.18 -0.55
   1 2000   1   831.   0.1   8.2   0.833   1.0   0.9
   1 2000   2  1021.   4.4   8.3   0.925   1.7   0.3
   1 2000   3   740.   7.2   9.2   0.979   4.8   2.4
   1 2000   4   436.   4.5   9.3   0.888   3.2   9.5
   1 2000   5  3670.   1.4   7.6   0.741   2.7   0.0
   1 2000   6  1627.   3.7   9.1   0.893   3.4   2.6
   1 2000   7  1846.   5.3   7.5   0.855   3.7   0.0
   1 2000   8   629.   1.6   7.5   0.829   2.9   0.6
   1 2000   9  4019.  -2.8   6.5   0.646   0.3   0.0
   1 2000  10  2422.  -4.0   0.0   0.524   0.6   0.0
   1 2000  11  3726.  -1.5   4.3   0.601   2.6   0.0
   1 2000  12  3675.  -0.7   3.1   0.562   3.3   0.0
   1 2000  13  2235.  -0.6   3.7   0.581   2.3   0.0
   1 2000  14   970.   1.6   3.6   0.704   0.2   0.0
   1 2000  15  2387.   1.1   4.6   0.666   0.2   0.0
   1 2000  16  1615.   0.7   7.0   0.823   0.6   0.9
   1 2000  17  1071.   4.7   7.4   0.905   3.4   0.1
   1 2000  18  2389.   3.9   8.1   0.801   4.0   0.9
   1 2000  19  1694.   1.1   5.3   0.701   0.6   0.0
   1 2000  20  1072.   3.1   6.0   0.762   3.2   0.6
   1 2000  21  2697.   1.7   7.4   0.754   1.9   1.9
   1 2000  22  2447.   1.9   6.0   0.752   2.6   5.0
   1 2000  23  1219.  -4.8   4.3   0.566   0.7   0.4
   1 2000  24  5657.  -9.0   1.7   0.377   0.2   0.0
   1 2000  25  4915.  -2.0   3.1   0.523   0.7   0.0
   1 2000  26  2524.  -1.3   4.1   0.622   1.3   0.0
   1 2000  27   907.  -0.6   3.3   0.583   4.0   0.0
   1 2000  28  1427.  -1.0   6.4   0.623   5.6   0.0
   1 2000  29  1061.   5.3  11.1   0.973   9.3  10.2
   1 2000  30  1333.   6.7  10.4   0.926   5.6   0.5
   1 2000  31   550.   8.7  10.5   1.024   6.3   6.5
   1 2000  32  3421.   7.5  10.1   0.910   5.0   0.8
   1 2000  33  4027.   3.9   8.7   0.858   3.6   6.6
   1 2000  34  2899.   2.3   8.4   0.800   2.0   0.0
   1 2000  35  1750.   5.2   9.2   0.912   5.7   2.2
   1 2000  36  5791.   5.2  11.8   0.789   3.1   0.0
   1 2000  37  1750.   4.2   9.1   0.874   2.7   0.9
   1 2000  38  4376.   5.1   9.4   0.918   6.0   7.9
   1 2000  39  1294.   5.4  11.6   0.883   6.7   7.3
   1 2000  40  2817.   3.8   8.1   0.684   5.8   0.1
   1 2000  41  2887.   1.7   8.5   0.750   4.6   8.3
   1 2000  42  7708.  -0.6   8.4   0.663   2.2   0.1
   1 2000  43  3188.   2.2   6.8   0.735   5.1   4.3
   1 2000  44  6717.   0.4   8.4   0.710   3.5   0.0
   1 2000  45  6260.  -0.5   7.8   0.700   2.2   2.1
   1 2000  46  5379.   3.8   8.9   0.849   2.6   1.1
   1 2000  47  7581.   0.4   6.1   0.635   5.5  10.7
   1 2000  48  4666.   0.3   6.8   0.633   3.3   0.7
   1 2000  49  1782.   0.6   7.9   0.765   4.1  10.6
   1 2000  50  3516.   1.0   6.6   0.746   4.0   1.4
   1 2000  51  8949.  -3.1   7.6   0.573   1.0   0.0
   1 2000  52  6458.  -3.7   5.5   0.645   1.7   0.6
   1 2000  53  3378.  -0.7   5.7   0.709   1.3   0.0
   1 2000  54  7938.  -1.9   9.9   0.768   1.2   0.0
   1 2000  55  4178.   4.4   9.7   0.854   3.4   8.8
   1 2000  56  8598.   1.9   8.8   0.708   2.1  23.8
   1 2000  57 10333.  -0.1   9.1   0.592   0.8   0.0
   1 2000  58  9851.   0.2  12.6   0.738   3.6   0.0
   1 2000  59  1820.   4.7  13.0   0.958   5.6   2.7
   1 2000  60  5034.   3.7   8.6   0.841   6.0   8.2
   1 2000  61  7932.   1.6   8.6   0.781   3.7   2.5
   1 2000  62  5160.   0.5   7.3   0.751   5.4  10.9
   1 2000  63  5613.   2.7   9.7   0.850   6.1  13.4
   1 2000  64  8772.  -1.5   5.3   0.586   3.3   1.9
   1 2000  65  7320.  -1.4   7.1   0.654   2.4   0.0
   1 2000  66  4207.   2.6   8.4   0.777   5.3   0.0
   1 2000  67  5420.   7.3  12.3   1.044   6.7   2.3
   1 2000  68  2123.   9.1  11.9   1.172   7.6  10.3
   1 2000  69  3247.   6.2  12.7   1.086   6.0   3.0
   1 2000  70  7152.   1.3   9.6   0.831   2.0   0.5
   1 2000  71  5637.   6.1  11.4   0.933   4.4   0.9
   1 2000  72  9258.   4.7  11.7   0.852   0.7   0.0
   1 2000  73  4820.   5.1  10.0   0.969   2.1   0.1
   1 2000  74  3083.   2.6  10.5   0.939   4.3   2.9
   1 2000  75  8723.   0.7   8.2   0.696   4.1   0.2
   1 2000  76  2200.   4.1   9.5   0.973   2.3   0.1
   1 2000  77  5378.   4.0  10.8   0.921   2.6   0.0
   1 2000  78  7745.   5.2   8.8   0.860   2.6   2.6
   1 2000  79 11294.   0.7  10.7   0.771   0.8   0.0
   1 2000  80  8964.  -2.1   9.2   0.737   0.2   0.0
   1 2000  81  5494.  -0.3   9.8   0.758   0.5   0.0
   1 2000  82 14474.  -2.1  16.2   0.749   1.2   0.0
   1 2000  83 13926.  -0.1  14.3   0.786   2.0   0.0
   1 2000  84  3361.   6.1  12.7   1.070   2.2   2.7
   1 2000  85  6980.   6.6  12.2   1.020   2.3   1.5
   1 2000  86 10786.   4.0  10.8   0.819   2.2   3.1
   1 2000  87  4507.   2.1   8.9   0.795   2.5   1.6
   1 2000  88  1798.   0.6   4.7   0.705   2.6   0.0
   1 2000  89  4733.   4.1   7.3   0.815   4.3   0.0
   1 2000  90  2410.   5.2   7.3   0.849   2.2   0.0
   1 2000  91  3723.   4.0   7.3   0.818   0.9   0.0
   1 2000  92  6130.   4.1  10.0   0.825   1.6   0.3
   1 2000  93 13130.   4.2  14.8   0.917   3.1   0.6
   1 2000  94 12290.   7.0  17.3   0.982   3.4   0.8
   1 2000  95 12990.   5.1  16.2   1.010   3.8   0.6
   1 2000  96  8890.  -2.3   8.0   0.534   3.5   0.0
   1 2000  97 18740.  -4.4  11.4   0.562   2.0   0.0
   1 2000  98 20040.  -3.0  12.7   0.595   1.5   0.0
   1 2000  99 13670.  -2.8  13.6   0.586   1.4   0.0
   1 2000 100 17790.   3.4  15.2   0.693   3.9   0.0
   1 2000 101 21770.  -0.2  10.8   0.528   2.8   0.0
   1 2000 102 18250.  -3.7  12.4   0.597   1.7   0.0
   1 2000 103  7820.   3.9   8.9   0.775   4.0   2.9
   1 2000 104  7200.   3.6   8.9   0.800   4.9   4.5
   1 2000 105 13950.   2.1  11.8   0.820   2.8   0.1
   1 2000 106  8290.   5.7  13.7   0.904   4.5   2.6
   1 2000 107 18450.   5.4  13.1   0.708   4.2   0.1
   1 2000 108 14450.   5.4  14.9   0.962   4.4   5.0
   1 2000 109 15590.   6.2  15.1   0.907   3.6   0.0
   1 2000 110 16980.   8.3  17.9   1.058   2.2   0.0
   1 2000 111 14160.   8.2  17.7   1.159   3.1   0.1
   1 2000 112 17560.  10.2  17.9   1.074   2.6   0.1
   1 2000 113  6880.  12.4  19.2   1.251   2.6  10.7
   1 2000 114  3950.   8.7  13.6   1.278   1.6   7.6
   1 2000 115 16480.   6.9  16.8   1.023   1.8   0.0
   1 2000 116 22000.   8.5  20.4   1.023   3.7   0.0
   1 2000 117 20140.   9.5  22.9   1.262   3.2   0.0
   1 2000 118 13490.  11.5  20.4   1.438   1.9   0.9
   1 2000 119 20070.   8.2  23.3   1.526   1.7   0.0
   1 2000 120  4320.  11.1  13.9   1.289   2.2   0.6
   1 2000 121  5590.  11.3  15.0   1.336   1.1   0.0
   1 2000 122 13090.  10.3  17.9   1.345   1.9   0.0
   1 2000 123  5140.   8.9  12.4   1.170   2.2   0.4
   1 2000 124  6060.   9.3  14.1   1.282   1.7   1.3
   1 2000 125 15060.   9.3  21.3   1.249   2.0   0.0
   1 2000 126 25140.   6.0  25.4   0.950   3.0   0.0
   1 2000 127 23340.  13.9  26.5   1.218   3.3   0.0
   1 2000 128 22280.  12.9  26.3   1.375   2.6   0.0
   1 2000 129 23290.   9.1  26.7   1.512   1.5   2.8
   1 2000 130 22290.  13.1  25.9   1.591   1.2   0.0
   1 2000 131 20750.  11.9  27.4   1.471   2.0   0.0
   1 2000 132 25550.  13.3  25.9   1.128   3.0   0.0
   1 2000 133 25920.  11.0  25.4   1.176   3.1   0.0
   1 2000 134 22090.   9.7  24.1   0.880   2.8   0.0
   1 2000 135 27400.   6.1  28.9   1.034   0.9   0.0
   1 2000 136 25670.   9.7  28.8   1.215   1.5   0.0
   1 2000 137 22410.  12.8  29.3   1.578   2.4  14.2
   1 2000 138 17060.  10.5  17.5   1.166   4.9   4.6
   1 2000 139 17330.   8.4  15.2   0.998   4.6   2.0
   1 2000 140 10000.   6.1  13.6   1.074   3.4   6.4
   1 2000 141 17490.   5.1  15.4   0.972   2.4   1.9
   1 2000 142  8060.   5.0  13.7   1.141   2.3   8.9
   1 2000 143 11020.   8.6  15.4   1.172   1.7   0.0
   1 2000 144 13690.   7.6  18.6   1.310   3.1   4.1
   1 2000 145 14450.  12.4  18.3   1.386   2.4   8.3
   1 2000 146 15170.   9.6  15.9   1.214   5.4   2.8
   1 2000 147 17390.   8.2  17.9   1.063   3.1   1.2
   1 2000 148 18270.   8.7  17.4   0.998   6.2   0.1
   1 2000 149  9300.   7.2  14.5   1.029   7.0  11.2
   1 2000 150 18260.   6.0  15.1   1.007   3.9  12.4
   1 2000 151 16230.   5.0  14.9   1.022   1.7   0.0
   1 2000 152 21940.   3.4  18.1   0.917   1.1   0.0
   1 2000 153 14870.  11.6  20.9   1.458   3.3   0.1
   1 2000 154 24380.  12.1  21.8   1.470   2.3   0.0
   1 2000 155 19010.   9.4  25.0   1.690   2.2  17.8
   1 2000 156 23110.   8.9  21.1   1.552   3.2   0.8
   1 2000 157  4520.   7.1  15.0   1.272   1.5  14.8
   1 2000 158 14260.  10.7  17.0   1.251   3.2   6.0
   1 2000 159 16620.   5.8  16.5   1.135   3.1   0.0
   1 2000 160 29610.   4.8  21.9   1.012   3.2   0.0
   1 2000 161 27710.  14.2  28.9   1.653   3.3   0.0
   1 2000 162 17000.  12.3  21.1   1.567   1.7   0.0
   1 2000 163 24300.   8.8  19.9   1.267   2.5   0.0
   1 2000 164 20520.  10.9  21.5   1.453   3.3   0.0
   1 2000 165 22590.  14.1  20.7   1.662   2.5   0.0
   1 2000 166 12010.  15.4  21.0   1.684   4.2   1.6
   1 2000 167 17420.   7.4  18.7   1.273   2.3   0.7
   1 2000 168 26490.   5.3  17.9   0.894   1.6   0.0
   1 2000 169 30300.   3.7  20.6   0.901   1.6   0.0
   1 2000 170 28750.  10.0  30.0   1.274   1.8   0.0
   1 2000 171 28840.  16.3  31.8   1.816   2.4   0.0
   1 2000 172 27610.  19.4  32.6   1.805   2.4   0.0
   1 2000 173 18070.  14.2  26.3   1.796   3.3   1.7
   1 2000 174 12660.  12.0  20.4   1.402   3.3   0.2
   1 2000 175  9770.  11.7  18.4   1.483   4.1   3.3
   1 2000 176 12290.   9.6  17.5   1.292   3.1   3.3
   1 2000 177 11980.  10.2  15.5   1.196   2.6   4.9
   1 2000 178 17830.   6.1  16.4   0.986   2.6   0.0
   1 2000 179 23810.   5.2  17.4   0.995   1.7   0.0
   1 2000 180 21040.   4.5  17.3   0.971   1.8   0.0
   1 2000 181 20740.   8.8  17.8   0.976   2.5   0.0
   1 2000 182 21650.   6.5  19.9   1.104   1.4   0.0
   1 2000 183  7927.   7.7  16.4   1.367   1.9   5.7
   1 2000 184 19915.  14.5  24.4   1.711   1.7   3.4
   1 2000 185 17217.  13.3  24.4   1.710   1.2   0.0
   1 2000 186 13144.  10.5  23.6   1.635   1.5  29.0
   1 2000 187 10593.  14.3  20.9   1.626   2.8   9.3
   1 2000 188 16910.  13.7  21.0   1.428   1.7   0.2
   1 2000 189 15731.   8.8  17.5   1.190   2.9   0.0
   1 2000 190  9944.   6.3  15.2   1.237   2.5   0.9
   1 2000 191  5629.  12.3  15.0   1.437   4.3   4.9
   1 2000 192 14324.  12.5  18.3   1.419   4.9   5.0
   1 2000 193 11666.  11.4  16.4   1.345   3.7   1.7
   1 2000 194 18523.   8.0  17.6   1.030   2.8   0.0
   1 2000 195  5164.  10.8  16.2   1.473   2.7  12.2
   1 2000 196 14822.  10.4  17.1   1.324   3.0   6.7
   1 2000 197 17628.  10.8  16.4   1.262   2.9   2.5
   1 2000 198 13453.  11.8  17.9   1.357   2.1   3.0
   1 2000 199  7576.  12.0  16.3   1.350   2.3   0.0
   1 2000 200 15118.  12.2  16.6   1.217   2.5   0.0
   1 2000 201 13375.  10.3  19.9   1.346   2.5   0.1
   1 2000 202 23600.   8.4  22.0   1.305   1.5   0.0
   1 2000 203 19362.  10.3  18.7   1.302   2.1   0.0
   1 2000 204 14264.  10.4  20.9   1.528   1.6   0.1
   1 2000 205 21174.  13.1  21.7   1.519   2.0   0.2
   1 2000 206 16219.  13.7  23.7   1.698   3.1  14.4
   1 2000 207 11928.  14.4  21.4   1.743   3.1   2.7
   1 2000 208 13518.  14.2  19.5   1.581   1.8   0.0
   1 2000 209 13830.  13.3  21.2   1.579   1.3  10.6
   1 2000 210 14394.  10.9  22.1   1.614   1.9   2.8
   1 2000 211  8805.  12.1  20.1   1.644   1.7  14.5
   1 2000 212 14462.  10.6  21.9   1.598   1.7   0.2
   1 2000 213 22667.  12.8  24.1   1.613   1.5   0.0
   1 2000 214 20703.  16.2  28.2   1.806   2.1  13.0
   1 2000 215 18237.  14.5  21.8   1.567   3.3   2.6
   1 2000 216 19675.  13.4  22.2   1.480   2.9   0.0
   1 2000 217 19989.  10.8  22.1   1.520   1.2   0.0
   1 2000 218 20186.  10.5  21.5   1.444   1.1   0.0
   1 2000 219 14212.  10.0  22.2   1.670   1.9   0.0
   1 2000 220 10173.  12.7  21.1   1.711   1.2   0.9
   1 2000 221 12818.  11.0  22.0   1.622   1.5   0.8
   1 2000 222 20403.   9.5  24.7   1.549   1.4   0.0
   1 2000 223  8213.  16.9  20.6   1.887   3.0   0.1
   1 2000 224 16846.  12.6  23.4   1.603   1.3   0.0
   1 2000 225 21454.  11.3  24.3   1.463   1.1   0.0
   1 2000 226 19882.  12.2  29.1   1.768   2.8   0.0
   1 2000 227 16028.  18.2  26.2   2.075   2.1   0.3
   1 2000 228 12357.  12.0  22.1   1.773   2.8   0.0
   1 2000 229 15338.  13.1  23.0   1.566   2.5   4.0
   1 2000 230 16752.  13.0  22.5   1.571   3.5   0.3
   1 2000 231 16830.  11.3  22.2   1.384   1.8   0.1
   1 2000 232 12698.  15.5  23.0   1.761   2.3  10.1
   1 2000 233 17676.  13.2  23.2   1.624   1.5   5.7
   1 2000 234 20185.  11.6  20.9   1.293   1.5   5.9
   1 2000 235 16723.   9.1  21.1   1.368   1.4   0.0
   1 2000 236 20968.   7.6  21.1   1.191   2.4   0.0
   1 2000 237 21381.   7.6  23.6   1.189   1.3   0.0
   1 2000 238  9221.   9.6  21.0   1.502   1.4   0.0
   1 2000 239 19554.  13.1  26.9   1.486   3.7   0.0
   1 2000 240  5059.  13.0  20.0   1.735   1.5  15.8
   1 2000 241 14103.  11.2  20.5   1.407   2.2   0.0
   1 2000 242 15866.   7.8  20.6   1.355   1.5   0.0
   1 2000 243 16217.   7.0  20.7   1.243   1.0   0.0
   1 2000 244 16508.   5.7  21.7   1.250   1.4   0.0
   1 2000 245  8614.  12.8  18.5   1.513   2.8   0.6
   1 2000 246  7280.  12.5  17.1   1.469   2.3   8.1
   1 2000 247 11376.  12.1  17.9   1.279   2.3   4.5
   1 2000 248 10157.  11.3  17.1   1.305   1.5   0.3
   1 2000 249  9741.   9.2  18.3   1.428   2.0   0.0
   1 2000 250  4573.  12.5  16.2   1.455   4.3   3.4
   1 2000 251 10254.  13.9  18.4   1.329   3.6   0.0
   1 2000 252  2998.  14.7  18.7   1.795   3.7   0.9
   1 2000 253  5437.  12.7  20.6   1.870   2.3   0.0
   1 2000 254 10321.  12.8  24.3   1.808   0.9   0.0
   1 2000 255 15573.  10.4  23.5   1.783   2.4   0.0
   1 2000 256  9042.  13.7  22.8   1.805   2.7   0.0
   1 2000 257 11419.  10.5  20.2   1.527   2.2   0.0
   1 2000 258  9721.  10.0  21.1   1.487   0.9   0.0
   1 2000 259  9767.  11.8  22.1   1.711   2.3  17.0
   1 2000 260 11649.   8.3  19.9   1.516   2.2   0.2
   1 2000 261  4323.   8.8  16.9   1.443   1.3   0.6
   1 2000 262 11445.  11.2  20.3   1.482   2.7   0.0
   1 2000 263 14044.  12.8  22.4   1.563   4.0   0.2
   1 2000 264  1952.  12.5  16.3   1.510   2.3   9.7
   1 2000 265  8549.  10.1  16.6   1.334   1.6   1.0
   1 2000 266 11272.   9.0  20.0   1.496   2.7   0.0
   1 2000 267 13796.  12.4  20.3   1.489   3.1   0.0
   1 2000 268 14838.  10.3  20.6   1.289   3.7   0.3
   1 2000 269 11328.  12.5  19.6   1.436   1.8   4.3
   1 2000 270  9465.  13.5  22.6   1.601   2.4   5.3
   1 2000 271 10789.  13.4  19.3   1.480   3.0   6.2
   1 2000 272  3092.  14.6  17.8   1.620   3.6   2.5
   1 2000 273  6176.  14.0  23.1   1.671   2.1   0.0
   1 2000 274  8447.  11.7  19.4   1.575   1.9   1.6
   1 2000 275  1336.  10.8  15.4   1.458   1.6  13.0
   1 2000 276  8090.  10.4  16.5   1.309   2.7   0.0
   1 2000 277  7268.   9.4  15.9   1.255   2.3   0.0
   1 2000 278  2978.  10.1  15.4   1.317   2.2   0.1
   1 2000 279  6457.   8.7  16.7   2.228   2.2   3.2
   1 2000 280  7584.   6.1  13.9   1.022   2.3   2.8
   1 2000 281 10750.   4.0  13.8   0.916   1.7   0.0
   1 2000 282  1757.   6.0  12.5   1.117   3.4   2.6
   1 2000 283 10770.   4.8  14.4   0.992   3.1   0.6
   1 2000 284  6520.   7.6  11.7   0.988   6.2   8.1
   1 2000 285  6880.   7.8  13.7   1.021   6.1   8.4
   1 2000 286  9392.   8.6  15.7   1.081   4.3   0.0
   1 2000 287  8654.   6.4  15.8   1.178   2.5   1.3
   1 2000 288  4216.   6.6  11.4   1.092   1.3   0.0
   1 2000 289  2752.   7.7  12.5   1.174   1.7   0.1
   1 2000 290  3947.  10.7  17.4   1.314   4.6   2.3
   1 2000 291  6164.   5.4  14.2   1.128   2.7   7.7
   1 2000 292  3441.   5.6  12.2   1.066   3.7   0.3
   1 2000 293  5956.   3.5  15.7   1.146   2.3   6.5
   1 2000 294  8497.   2.5  16.4   1.188   3.8   0.0
   1 2000 295  4612.  11.8  18.0   1.436   2.6   0.0
   1 2000 296  7194.  10.5  19.6   1.412   2.0   0.0
   1 2000 297  6723.  11.1  19.0   1.413   3.7   6.0
   1 2000 298  1640.  11.2  13.0   1.227   4.9   0.5
   1 2000 299  1620.   9.8  14.8   1.207   5.5   0.3
   1 2000 300  6216.   7.0  13.0   1.025   3.8   3.4
   1 2000 301  1145.   8.3  12.3   1.190   4.3   5.9
   1 2000 302  1415.  12.1  14.2   1.348   4.7   2.7
   1 2000 303  4667.   8.5  12.8   0.952   7.0   2.0
   1 2000 304   752.   7.4  13.2   1.054   8.7   6.3
   1 2000 305  2016.   7.4  11.3   0.988   5.7   0.8
   1 2000 306  1734.   6.0   9.9   0.949   5.4   4.0
   1 2000 307  3490.   4.9  11.9   0.955   4.6   6.4
   1 2000 308  5969.   5.7  11.0   0.901   3.7   0.3
   1 2000 309  3758.   3.8   9.7   0.883   3.0   0.0
   1 2000 310  6054.   3.8  10.8   0.837   3.8   0.0
   1 2000 311  2860.   7.1  12.2   0.953   5.5   4.0
   1 2000 312  1307.   7.3   9.4   1.015   4.2   1.6
   1 2000 313  1039.   6.5   9.1   0.997   4.9   5.4
   1 2000 314  2541.   6.9   9.8   0.967   5.1   2.1
   1 2000 315  3411.   5.6   9.4   0.886   4.5   1.5
   1 2000 316  2885.   6.1  10.3   0.885   5.1   0.3
   1 2000 317   987.   7.4   9.9   0.972   4.6   5.8
   1 2000 318  3269.   5.9  10.3   0.991   2.5   0.0
   1 2000 319  3901.   2.6   9.6   0.878   2.0   0.0
   1 2000 320  2229.   3.7   8.1   0.855   3.6   0.0
   1 2000 321  2243.   4.6   9.3   0.923   4.1   6.1
   1 2000 322  3698.   2.0   7.3   0.788   2.7   6.7
   1 2000 323  3339.   3.8   8.4   0.859   4.8   5.4
   1 2000 324  1524.   7.8  10.8   1.041   4.9   3.6
   1 2000 325  1901.   4.7   8.0   0.864   4.0   5.6
   1 2000 326  2147.   4.5   8.0   0.795   4.8   2.4
   1 2000 327  1918.   5.3  10.4   0.953   4.6   0.6
   1 2000 328  1131.   5.0  11.3   1.027   3.7   6.9
   1 2000 329  3504.   4.2   9.7   0.907   3.7   0.1
   1 2000 330  2395.   4.3   9.5   0.869   4.7   9.2
   1 2000 331  2107.   5.3   9.1   0.924   4.5   4.5
   1 2000 332  3405.   3.8   8.6   0.858   3.3   0.0
   1 2000 333   907.   7.2  14.3   1.250   3.9   6.3
   1 2000 334  2646.   9.4  13.4   1.149   3.3   0.0
   1 2000 335  3820.   7.3  12.7   1.123   2.6   0.0
   1 2000 336  2023.   9.1  13.7   1.192   4.2   1.3
   1 2000 337  2392.   8.7  12.3   1.196   2.7   0.0
   1 2000 338  1894.   4.6  10.7   1.022   3.2   4.3
   1 2000 339  2004.   4.4   9.2   0.894   4.2   1.5
   1 2000 340  3086.   6.7  12.1   0.994   3.8   0.0
   1 2000 341   981.   8.6  11.2   1.152   3.6   4.0
   1 2000 342  1825.   8.3  11.4   1.125   3.6   1.3
   1 2000 343  2090.   9.9  14.7   1.089   5.6   1.5
   1 2000 344  2022.   7.4  11.1   1.018   4.4   0.0
   1 2000 345  1053.   6.8  11.5   1.038   6.0   3.7
   1 2000 346  1976.   9.5  13.3   1.164   5.6   5.8
   1 2000 347   467.  12.0  13.8   1.341   5.6   5.3
   1 2000 348  1114.   8.6  13.0   0.998   8.9   2.5
   1 2000 349  1645.   5.0   9.6   0.926   4.7   0.5
   1 2000 350  1608.   3.1   7.4   0.811   4.8  12.1
   1 2000 351  1073.   2.3   4.3   0.712   4.2  10.9
   1 2000 352  2893.   0.7   5.3   0.672   1.7   0.2
   1 2000 353   833.   2.0   4.4   0.707   2.4   0.0
   1 2000 354  3382.   0.4   4.4   0.666   3.3   0.0
   1 2000 355  2796.  -0.3   2.7   0.547   4.8   0.0
   1 2000 356  3723.  -2.4   2.2   0.436   4.0   0.0
   1 2000 357  3608.  -3.9   1.3   0.419   2.8   0.0
   1 2000 358  3236.  -5.6   3.6   0.464   1.2   0.0
   1 2000 359  1275.  -1.0   1.0   0.592   2.3   3.3
   1 2000 360  2713.  -4.1   0.8   0.511   4.2   1.6
   1 2000 361  1562.  -4.7  -1.3   0.457   3.0   0.0
   1 2000 362   824.  -1.9  -0.3   0.534   2.2   3.3
   1 2000 363  1907.  -1.6   1.7   0.563   3.8   1.6
   1 2000 364  2990.  -2.9   2.0   0.559   4.7   1.3
   1 2000 365  2117.  -1.6   2.5   0.621   3.2   8.2
   1 2000 366  1776.  -3.0   1.2   0.556   2.8   0.0