*---------------------------------------------------------*
*   Country: Netherlands
*   Station: Wageningen
*      Year: 2002
*    Source: Dep. of Meteorology, Wageningen Agricultural
*            University.
*    Author: Peter Uithol
* Longitude: 05 40 E
*  Latitude: 51 58 N
* Elevation: 7 m.
*  Comments: Location Haarweg.
*
*  Columns:
*  ========
*  station number
*  year
*  day
*  irradiation (kJ m-2 d-1)
*  minimum temperature (degrees Celsius)
*  maximum temperature (degrees Celsius)
*  vapour pressure (kPa)
*  mean wind speed (m s-1)
*  precipitation (mm d-1)
** WCCDESCRIPTION=Netherlands, Wageningen
** WCCFORMAT=2
** WCCYEARNR=2002
*---------------------------------------------------------*
   5.67  51.97     7.  -0.18 -0.55
   1 2002   1  2246.  -1.6   0.4   0.550   3.5   0.1
   1 2002   2  1642.  -3.9  -0.1   0.500   2.0   0.0
   1 2002   3  4320.  -5.0   0.2   0.420   4.8   0.0
   1 2002   4  4493.  -6.5  -0.2   0.270   3.8   0.0
   1 2002   5  3629.  -6.0   1.4   0.390   2.2   0.0
   1 2002   6   605.  -2.0   2.5   0.620   1.2   0.4
   1 2002   7  1555.   0.8   3.9   0.680   0.7   0.0
   1 2002   8  1555.  -1.0   3.6   0.630   1.9   0.0
   1 2002   9  3974.  -3.0   2.8   0.540   1.8   0.1
   1 2002  10  3456.  -2.8   1.5   0.520   2.5   0.0
   1 2002  11   605.  -0.1   3.7   0.650   3.0   0.9
   1 2002  12   432.   1.7   4.4   0.720   2.0   2.2
   1 2002  13  4493.   0.4   7.4   0.620   2.4   0.0
   1 2002  14   864.  -0.2   2.8   0.640   2.9   0.1
   1 2002  15   605.   1.7   3.9   0.700   3.1   6.2
   1 2002  16  3110.   1.0   6.5   0.740   1.8   0.1
   1 2002  17  1296.   3.1   6.0   0.780   3.5   1.0
   1 2002  18  2506.   2.8   6.5   0.780   3.2   2.1
   1 2002  19  2592.   4.0   9.5   0.860   5.0   2.1
   1 2002  20   778.   3.9  10.5   0.970   6.3  10.1
   1 2002  21   864.   6.7  11.8   1.140   5.3   1.4
   1 2002  22  1296.   5.2   9.3   0.870   5.8   1.6
   1 2002  23  1037.   5.3   9.4   0.860   4.9   3.8
   1 2002  24  1037.   4.2  11.0   0.940   7.0   4.1
   1 2002  25  3974.   1.0   9.2   0.730   3.6   3.1
   1 2002  26  1296.   9.1  11.2   1.070   8.6  18.4
   1 2002  27  2851.   8.3  12.4   1.080   4.8   7.6
   1 2002  28  3802.   8.9  13.4   1.050   9.6   3.9
   1 2002  29  2851.   7.8  11.7   1.035   6.1   0.0
   1 2002  30  3110.   7.3  11.8   1.090   3.7   0.0
   1 2002  31  4320.   6.6  11.6   0.870   5.7   2.5
   1 2002  32  2246.   7.3  12.7   1.030   5.8   0.0
   1 2002  33  6826.   7.3  14.9   0.788   4.4   0.0
   1 2002  34  4579.   6.4  13.4   0.737   4.0   0.1
   1 2002  35  1901.   6.3  12.6   0.900   6.7   6.3
   1 2002  36  1642.   7.9  12.6   1.140   5.5  11.9
   1 2002  37  3456.   5.6   8.8   0.900   4.9   0.9
   1 2002  38  3110.   2.5   7.6   0.810   4.2   3.1
   1 2002  39  4061.   6.0  12.2   1.120   4.8   1.7
   1 2002  40  2678.   7.2  12.5   1.090   6.9   2.9
   1 2002  41  3197.   6.4   9.4   0.900   5.9   3.7
   1 2002  42  1037.   9.2  12.3   1.200   8.5  17.0
   1 2002  43  4925.   9.0  12.8   1.120   7.1   0.3
   1 2002  44  5357.   3.5  11.1   0.900   2.1   0.0
   1 2002  45  9418.  -0.5   5.5   0.510   3.6   0.0
   1 2002  46  9418.  -3.8   7.5   0.410   2.5   0.0
   1 2002  47  9936.  -5.3  10.1   0.420   2.1   0.0
   1 2002  48  8726.  -5.1   6.5   0.530   1.3   0.0
   1 2002  49  5357.   1.3   8.5   0.720   3.4   0.5
   1 2002  50  5616.   2.9   8.9   0.790   6.1   6.8
   1 2002  51  7085.   1.6  10.2   0.820   6.0  17.9
   1 2002  52 10109.   0.0   6.4   0.490   3.7   0.0
   1 2002  53  1642.   1.5  10.8   0.820   7.0  15.4
   1 2002  54  4925.   0.8   7.2   0.600   7.2   2.5
   1 2002  55  8035.   0.6   6.8   0.640   4.4   4.2
   1 2002  56  1814.   2.9  10.2   0.920   4.0   9.3
   1 2002  57  5357.   7.4  12.4   1.000   9.2  10.5
   1 2002  58  8554.   3.6   9.3   0.730   7.0   2.3
   1 2002  59  5443.   3.4   7.7   0.760   5.9   1.2
   1 2002  60  8899.  -2.4   8.4   0.670   3.2   3.1
   1 2002  61 12010.  -5.1   6.9   0.530   2.1   0.7
   1 2002  62  7603.  -1.2   8.8   0.710   2.6   0.0
   1 2002  63  3456.   6.0   9.6   0.920   2.1   0.0
   1 2002  64  4406.   2.7   9.6   0.840   1.6   0.0
   1 2002  65  2246.   4.0  10.4   0.940   6.1   1.0
   1 2002  66 10195.   3.5  11.9   0.830   6.5   0.8
   1 2002  67 12182.   1.9  12.4   0.800   2.5   0.0
   1 2002  68 10541.   4.4  12.6   0.840   6.3   1.4
   1 2002  69 13997.   2.0  11.4   0.677   4.3   0.0
   1 2002  70 13046.   4.8  14.8   0.800   2.9   0.0
   1 2002  71  6826.   4.6  13.5   0.950   1.3   3.2
   1 2002  72  1642.   0.8   8.3   0.820   2.5   3.2
   1 2002  73  9504.  -0.4   6.6   0.616   5.0   4.3
   1 2002  74  7344.   1.9   7.6   0.730   5.6   0.5
   1 2002  75 12960.   6.1  16.2   0.980   2.8   0.0
   1 2002  76  6998.   8.3  15.8   1.118   2.8   1.9
   1 2002  77  5184.   8.3  13.7   1.080   4.8  24.1
   1 2002  78  9763.   7.9  12.7   0.973   5.6   1.3
   1 2002  79  9418.   7.8  13.5   1.100   3.9   8.1
   1 2002  80 10195.   7.7  14.8   1.080   3.8   1.9
   1 2002  81  7171.   0.4   9.7   0.840   2.5   0.6
   1 2002  82 13392.   1.2  10.3   0.640   1.8   0.0
   1 2002  83 10454.  -2.0   7.8   0.570   1.7   0.0
   1 2002  84 17539.  -2.6   9.8   0.540   1.5   0.0
   1 2002  85 11232.  -1.1   9.8   0.560   1.3   0.0
   1 2002  86 17798.   0.7  10.7   0.500   2.3   0.0
   1 2002  87 18835.  -3.7  13.5   0.540   2.7   0.0
   1 2002  88 18403.   3.1  15.4   0.660   2.7   0.0
   1 2002  89  8813.   3.2  15.2   0.770   1.4   0.0
   1 2002  90 12442.   6.5  16.2   0.950   2.0   1.4
   1 2002  91 16243.   5.6  17.5   0.980   1.7   0.0
   1 2002  92 17798.   9.3  20.7   0.805   3.5   0.0
   1 2002  93 18835.  10.3  19.5   0.790   5.2   0.0
   1 2002  94 17712.   7.4  17.9   0.700   4.1   0.0
   1 2002  95 20045.   4.8  14.3   0.520   5.7   0.0
   1 2002  96 20909.  -0.2  10.7   0.490   4.1   0.0
   1 2002  97 20563.  -3.1  13.2   0.570   2.2   0.0
   1 2002  98 20563.  -2.7  13.7   0.530   2.5   0.0
   1 2002  99 12874.  -1.8  10.9   0.710   2.0   0.0
   1 2002 100 16848.   2.2  11.5   0.530   4.3   0.0
   1 2002 101 15466.   0.9  13.2   0.660   2.9   0.0
   1 2002 102 14861.  -1.7  13.8   0.780   2.5   0.0
   1 2002 103 10627.   0.6  10.8   0.790   2.6   0.0
   1 2002 104 11059.  -3.0  11.2   0.780   1.9   0.5
   1 2002 105  3629.   6.3   7.5   0.930   3.2   9.2
   1 2002 106  4579.   6.3   9.8   1.010   1.6   6.9
   1 2002 107  3370.   4.9  10.6   1.000   0.7   0.2
   1 2002 108  6048.   3.2  12.2   0.980   1.7   2.8
   1 2002 109 18144.  -0.4  14.0   0.800   1.4   0.0
   1 2002 110  9504.  -1.2  12.2   0.840   1.1   0.0
   1 2002 111 22637.  -1.1  18.9   0.830   1.1   0.0
   1 2002 112 17626.   3.5  19.8   0.990   1.8   0.0
   1 2002 113 15293.   8.9  17.9   1.200   1.8   0.0
   1 2002 114 16675.   8.3  20.3   1.290   1.3   0.0
   1 2002 115 11491.   4.5  17.1   1.130   2.2   0.0
   1 2002 116  5962.   4.5  12.5   1.000   4.2  10.4
   1 2002 117 15638.   5.9  11.3   0.866   5.3   1.1
   1 2002 118  6566.   6.8  14.0   1.025   5.3   8.1
   1 2002 119  1642.   8.7  10.1   0.830   8.7   0.0
   1 2002 120  7171.   7.3  14.6   1.030   4.9   1.8
   1 2002 121 16416.   4.4  14.2   0.990   3.8   5.6
   1 2002 122 12787.   4.7  15.0   1.080   3.1   6.7
   1 2002 123 19440.   4.8  14.1   0.920   2.3   0.0
   1 2002 124  3715.   7.0  10.3   0.970   2.8   0.4
   1 2002 125  4320.   6.4  10.6   1.080   2.6  10.6
   1 2002 126 14947.   7.2  14.7   1.080   2.2   1.3
   1 2002 127 25488.   8.5  18.4   1.110   2.4   0.0
   1 2002 128 20218.  10.2  18.7   1.330   2.7   0.0
   1 2002 129 18662.  12.0  24.0   1.500   1.6   0.0
   1 2002 130  7862.  10.9  16.1   1.460   2.1   0.2
   1 2002 131  5098.  10.8  15.3   1.370   2.0   0.0
   1 2002 132  6653.   9.2  16.1   1.210   1.2   0.0
   1 2002 133 22378.   6.4  21.8   1.220   3.2   0.0
   1 2002 134 11146.   9.6  18.1   1.220   5.0   7.0
   1 2002 135 21168.   8.3  20.0   1.160   2.9   0.0
   1 2002 136 26179.   6.9  25.1   1.270   1.4   0.0
   1 2002 137 26179.   6.9  23.1   1.210   2.3   0.0
   1 2002 138  8726.  10.3  19.6   1.360   2.6   0.0
   1 2002 139 21341.   9.6  21.0   1.270   2.4   0.0
   1 2002 140 23933.  10.0  23.0   1.234   2.3   0.0
   1 2002 141 22550.  13.7  25.2   1.430   3.8   1.7
   1 2002 142  5789.  13.8  18.8   1.620   2.8   3.7
   1 2002 143 18835.   9.3  19.5   1.270   2.0   0.0
   1 2002 144 12010.   8.0  16.8   1.230   4.0   1.1
   1 2002 145 17366.   9.5  16.4   1.110   3.5   0.2
   1 2002 146 12528.   9.4  17.6   1.140   3.6   4.5
   1 2002 147 23155.   8.8  18.6   1.120   2.3   0.0
   1 2002 148 23414.   7.8  20.0   1.090   2.4   0.0
   1 2002 149 16243.   8.8  16.9   1.130   3.6   1.1
   1 2002 150 19613.   7.7  18.7   1.090   2.4   0.0
   1 2002 151 22118.   5.2  18.2   1.080   3.0   0.0
   1 2002 152 29722.   2.3  20.3   0.890   1.9   0.0
   1 2002 153 27648.   8.4  24.0   1.060   3.3   0.0
   1 2002 154 15984.  13.8  24.8   1.380   2.7   0.6
   1 2002 155 25315.  11.3  24.6   1.400   2.4   0.0
   1 2002 156 10195.  15.8  24.4   1.780   3.1   2.5
   1 2002 157 16675.  13.1  21.7   1.480   2.0   0.0
   1 2002 158 14170.  11.8  20.0   1.480   3.0   0.0
   1 2002 159 20045.  12.1  22.4   1.270   1.4   0.0
   1 2002 160 18662.  12.8  23.0   1.390   1.9   3.1
   1 2002 161 12701.  10.4  16.7   1.320   3.4   3.4
   1 2002 162 17885.   9.5  17.9   1.270   3.0   3.3
   1 2002 163 12614.  10.9  19.9   1.510   3.8  14.2
   1 2002 164  7085.  11.9  17.1   1.430   3.4   0.6
   1 2002 165 14256.  13.7  23.4   1.790   2.5   5.1
   1 2002 166 23674.  15.0  21.0   1.640   3.9   0.0
   1 2002 167 12787.  13.3  23.0   1.830   1.9   0.7
   1 2002 168 27994.  16.7  31.6   2.043   1.6   0.0
   1 2002 169 23242.  13.6  31.9   2.310   3.0   0.4
   1 2002 170 20477.  11.2  23.5   1.520   1.4   0.2
   1 2002 171  6653.  11.2  18.6   1.670   2.5  25.6
   1 2002 172 18317.  10.6  20.6   1.370   1.7   0.0
   1 2002 173 19181.  13.7  22.6   1.640   3.0   2.8
   1 2002 174 23069.  11.2  20.0   1.340   3.1   0.0
   1 2002 175 22205.   8.7  20.3   1.160   1.8   0.0
   1 2002 176 21514.   8.4  21.7   1.280   1.9   0.0
   1 2002 177 27907.   8.2  22.3   1.280   2.4   0.0
   1 2002 178 25056.   9.6  18.8   1.180   3.4   0.3
   1 2002 179 15466.   9.2  16.0   1.270   4.3   4.5
   1 2002 180 23674.   8.1  19.5   1.090   3.0   0.0
   1 2002 181 12528.  11.0  19.1   1.420   4.3   0.0
   1 2002 182  4493.  12.2  15.2   1.430   5.2   5.9
   1 2002 183 12528.  11.7  16.8   1.350   4.9   4.9
   1 2002 184  5184.  12.1  17.9   1.520   4.4  17.4
   1 2002 185 23069.  12.3  20.0   1.410   4.3   1.5
   1 2002 186 14515.  12.7  20.9   1.390   2.7   0.0
   1 2002 187 10454.  12.4  19.7   1.610   2.2   0.2
   1 2002 188 10541.  11.7  19.4   1.550   2.2   0.1
   1 2002 189 25056.  13.8  24.2   1.650   2.5   0.0
   1 2002 190 16157.  15.2  26.6   1.960   2.4   1.5
   1 2002 191  4838.  11.0  18.3   1.505   1.8  12.1
   1 2002 192 25056.  10.7  20.3   1.360   3.0   1.5
   1 2002 193 19699.  11.2  22.9   1.370   1.6   0.0
   1 2002 194 12269.  14.2  22.5   1.780   1.2  17.4
   1 2002 195 19440.  14.6  23.6   1.960   2.3   0.0
   1 2002 196 22810.  16.2  25.8   1.700   2.0   0.0
   1 2002 197 17366.  12.3  24.4   1.540   2.2   0.0
   1 2002 198 19872.  12.3  23.9   1.650   2.3   0.0
   1 2002 199 21600.  11.2  19.7   1.370   2.7   0.0
   1 2002 200  9590.  11.5  17.6   1.340   1.5   0.0
   1 2002 201 21773.   7.4  23.0   1.350   1.9   9.8
   1 2002 202 15466.  12.7  17.9   1.550   3.9   5.3
   1 2002 203 16762.  11.8  19.8   1.380   3.6   0.0
   1 2002 204  9072.  15.0  20.3   1.710   4.2   2.8
   1 2002 205 16416.  12.1  19.6   1.540   2.6   3.1
   1 2002 206 17971.  10.6  20.4   1.430   2.3   0.2
   1 2002 207 17107.  14.2  24.2   1.770   3.1   1.6
   1 2002 208 19267.  13.3  26.3   2.020   1.5   0.0
   1 2002 209 25834.  16.6  29.7   1.940   1.9   0.0
   1 2002 210 25056.  15.4  30.8   1.950   1.4   0.0
   1 2002 211 22810.  15.5  32.9   2.060   1.4  20.6
   1 2002 212 18144.  17.4  26.5   2.270   1.6   1.1
   1 2002 213  6134.  12.4  19.5   1.790   2.5   4.2
   1 2002 214 22896.  12.2  24.5   1.590   1.7   0.0
   1 2002 215  9936.  12.4  20.7   1.680   1.2   6.5
   1 2002 216 20131.  12.5  23.1   1.650   1.4   0.2
   1 2002 217 12010.  14.8  22.6   1.710   1.1  37.2
   1 2002 218 13565.  13.7  21.8   1.760   1.6   0.6
   1 2002 219 19613.  12.5  24.0   1.760   1.2  14.5
   1 2002 220 16070.  13.8  24.1   1.710   1.1   0.0
   1 2002 221 14602.  13.8  23.7   1.830   2.1   2.2
   1 2002 222 12096.  15.9  21.5   1.820   1.4   0.0
   1 2002 223 12010.  14.2  21.7   1.820   2.3   0.0
   1 2002 224 12960.  13.5  22.4   1.650   2.6   0.0
   1 2002 225 20304.  13.0  23.4   1.640   2.3   0.0
   1 2002 226 14515.  12.9  25.7   1.760   0.9   0.0
   1 2002 227 21686.  12.2  28.2   1.780   1.4   0.0
   1 2002 228 22205.  13.3  28.9   1.710   1.7   0.0
   1 2002 229 22118.  13.1  29.3   1.730   2.1   0.0
   1 2002 230 21168.  19.5  29.9   1.970   2.7   0.0
   1 2002 231 10800.  17.7  28.1   2.090   1.8   1.0
   1 2002 232  8640.  16.5  24.9   2.070   2.0   9.4
   1 2002 233  3110.  16.0  19.4   1.880   2.2  25.0
   1 2002 234  7517.  14.6  19.2   1.690   1.4   0.5
   1 2002 235 10282.  14.3  21.1   1.690   1.0   0.0
   1 2002 236  3974.  14.7  19.3   1.810   1.4  12.0
   1 2002 237 10282.  13.5  22.1   1.720   1.2   0.0
   1 2002 238 15984.  13.0  22.9   1.820   1.8   0.0
   1 2002 239 12701.  16.8  24.5   2.180   2.0   0.0
   1 2002 240 15725.  15.5  24.7   2.070   1.6   0.0
   1 2002 241 15638.  13.0  24.6   1.730   1.0   0.0
   1 2002 242 13392.  12.4  22.0   1.756   1.7   0.0
   1 2002 243  -999.  13.1  15.7   1.480   0.7   0.0
   1 2002 244 16934.  10.9  20.5   1.230   1.4   0.0
   1 2002 245 17626.   9.0  22.4   1.340   2.9   0.0
   1 2002 246 17453.  11.1  23.0   1.250   2.9   1.1
   1 2002 247 17539.   7.5  22.9   1.320   1.2   0.0
   1 2002 248 15379.   7.7  22.8   1.380   1.2   0.0
   1 2002 249 10541.  12.9  21.5   1.650   3.0   0.0
   1 2002 250  9936.  13.4  22.2   1.630   3.0   0.0
   1 2002 251 13997.  13.0  24.7   1.620   2.4   0.0
   1 2002 252 12355.  11.3  26.5   1.580   2.5   0.0
   1 2002 253  4320.  13.1  17.9   1.520   0.8   1.3
   1 2002 254  6394.  13.1  18.5   1.650   2.0   2.6
   1 2002 255 18317.  12.2  22.7   1.460   3.1   0.0
   1 2002 256 17107.   7.3  22.9   1.350   1.7   0.0
   1 2002 257  7603.  10.6  19.8   1.590   1.7   0.0
   1 2002 258 14947.   7.3  20.9   1.190   1.5   0.0
   1 2002 259  9936.   5.7  19.5   1.260   1.1   0.0
   1 2002 260  7258.   8.2  19.1   1.420   1.1   0.0
   1 2002 261  4666.  11.8  17.6   1.410   0.8   0.0
   1 2002 262  6048.  12.4  17.4   1.390   1.1   0.0
   1 2002 263  9245.   8.6  18.9   1.320   1.0   0.0
   1 2002 264  6480.   9.0  17.6   1.320   1.4   0.1
   1 2002 265 11578.   8.1  17.0   1.230   2.1   0.8
   1 2002 266 13392.   7.7  16.3   0.990   3.1   0.0
   1 2002 267 15984.   3.3  16.1   0.820   2.4   0.0
   1 2002 268  8726.   7.1  17.8   1.250   1.6   3.7
   1 2002 269  6739.   8.9  15.8   1.260   2.0   1.4
   1 2002 270  8986.   5.7  19.3   1.240   1.0   0.0
   1 2002 271  7344.   3.7  18.1   1.190   0.7   0.0
   1 2002 272  9418.   4.7  19.2   1.130   1.2   0.0
   1 2002 273 13997.   4.9  19.6   1.030   1.7   0.0
   1 2002 274 12442.   6.8  20.7   1.160   1.3   0.0
   1 2002 275  8294.   7.0  19.2   1.380   1.6   0.0
   1 2002 276  2765.   9.1  17.8   1.600   2.3   5.0
   1 2002 277 11578.   5.8  18.3   1.180   1.6   0.0
   1 2002 278  2160.   7.7  15.3   1.370   3.3  10.9
   1 2002 279  9936.   1.9  14.4   1.050   2.6   0.5
   1 2002 280  4493.   0.2  13.4   1.010   1.7   0.2
   1 2002 281 12874.   1.1  11.1   0.680   3.2   0.0
   1 2002 282 12269.   5.1  14.1   0.860   5.4   0.0
   1 2002 283 11232.   5.0  12.6   0.850   4.8   0.0
   1 2002 284 11664.   2.2  10.9   0.670   4.5   0.0
   1 2002 285  4147.   5.0   7.9   0.756   3.5   0.0
   1 2002 286  2678.   5.2   9.4   0.949   3.0   0.0
   1 2002 287  1296.   6.8  11.4   1.110   3.5   9.9
   1 2002 288  2246.   6.5  13.4   1.082   2.7   0.1
   1 2002 289  5011.  10.5  15.3   1.230   4.6   1.9
   1 2002 290  7776.   6.2  13.3   1.030   2.9   2.6
   1 2002 291  5616.   4.3  10.7   0.920   3.3   4.2
   1 2002 292  5530.   3.1   9.6   0.820   2.6   0.7
   1 2002 293  7085.   2.4  11.3   0.870   1.9   1.4
   1 2002 294  1814.   6.3  13.9   1.200   2.9   2.9
   1 2002 295  3197.  10.9  16.1   1.410   4.0   3.1
   1 2002 296  5270.   5.6  14.2   1.020   5.2   3.8
   1 2002 297  8035.   5.1  11.7   0.860   3.8   0.0
   1 2002 298  1901.   9.0  13.7   1.256   5.1   4.9
   1 2002 299  4493.   7.9  12.9   1.010   6.3   2.9
   1 2002 300  3197.   8.3  16.5   1.110   9.6  20.8
   1 2002 301  7690.   6.1  12.2   0.910   4.4   0.0
   1 2002 302  2851.   4.9  10.3   0.960   2.2   1.0
   1 2002 303  6653.   5.6  12.7   0.980   1.4   1.6
   1 2002 304  7344.   1.4  11.8   0.840   1.0   0.0
   1 2002 305  1642.   2.6  13.0   1.110   2.5   4.8
   1 2002 306  4838.  10.1  15.7   1.350   2.9   2.8
   1 2002 307  4579.   8.5  14.7   1.230   3.5  13.6
   1 2002 308  5011.   5.8  13.2   1.060   1.4   7.6
   1 2002 309  5702.   4.2  10.6   0.880   1.6   0.0
   1 2002 310  5098.   4.1  12.1   0.920   3.6   7.0
   1 2002 311  3802.   3.0  10.4   0.910   2.2  16.6
   1 2002 312  2678.   4.4  11.3   0.930   5.2  25.9
   1 2002 313  5962.   1.0  11.3   0.880   2.5   0.0
   1 2002 314  3197.   0.7   9.4   0.850   2.6   4.9
   1 2002 315  4493.   5.9  12.9   1.080   3.1   0.9
   1 2002 316  3024.   8.4  11.2   1.080   4.2   1.1
   1 2002 317  1469.   7.4  11.8   1.090   3.9   3.8
   1 2002 318  3456.   7.6  13.1   1.000   4.1   0.3
   1 2002 319  2765.   2.4  10.5   0.970   1.9   0.0
   1 2002 320  1555.   4.0   8.7   0.950   1.7   0.0
   1 2002 321  3542.   7.6  10.6   1.060   2.5   0.1
   1 2002 322  1037.   6.1   8.9   0.970   1.6   0.0
   1 2002 323  2506.   5.2   9.0   0.870   2.0   0.0
   1 2002 324  3888.   3.5   8.9   0.850   3.5   0.0
   1 2002 325  1296.   6.4  12.8   0.990   4.0   0.4
   1 2002 326  1728.   5.9  10.3   0.978   2.5   0.0
   1 2002 327  4666.   5.2  11.3   0.913   3.0   3.1
   1 2002 328  4838.   1.4  11.5   0.960   2.4   0.9
   1 2002 329   691.   2.7   7.5   0.897   2.1   5.0
   1 2002 330  2765.   1.9   9.8   0.940   2.0   2.0
   1 2002 331  4147.   2.5   9.3   0.840   3.3   0.0
   1 2002 332  1037.   6.7   9.4   0.960   2.5   2.1
   1 2002 333  1642.   4.5  10.7   1.010   1.5   0.8
   1 2002 334  1382.   1.8   7.8   0.920   1.1   0.1
   1 2002 335  2419.   6.2   9.0   0.908   4.5   7.5
   1 2002 336   691.   5.1   7.8   0.910   3.4   0.8
   1 2002 337  1728.   1.7   8.9   0.940   1.5   0.0
   1 2002 338  1123.   1.9   6.0   0.810   2.3   0.0
   1 2002 339  2333.   3.0   7.6   0.790   2.4   0.0
   1 2002 340   605.   0.5   4.3   0.590   3.8   0.1
   1 2002 341   605.  -2.0   1.3   0.510   4.2   0.3
   1 2002 342  2160.  -3.5   0.1   0.340   4.9   0.0
   1 2002 343  3888.  -7.9  -2.7   0.260   4.9   0.0
   1 2002 344  3888.  -8.5  -2.7   0.260   3.8   0.0
   1 2002 345  3715.  -8.5  -1.9   0.250   4.1   0.0
   1 2002 346  1642.  -5.5  -0.4   0.320   3.3   0.0
   1 2002 347  1296.  -4.6   0.8   0.420   1.5   0.6
   1 2002 348   691.  -0.5   1.0   0.590   2.9   0.0
   1 2002 349  1555.   0.6   3.6   0.670   5.1   4.1
   1 2002 350   259.   0.4   6.5   0.430   3.1   5.2
   1 2002 351   518.  -1.6   2.1   0.630   1.8   0.0
   1 2002 352  2419.  -6.0   1.5   0.530   0.7   0.1
   1 2002 353  2506.  -1.9   4.1   0.600   2.0   0.0
   1 2002 354  1901.  -2.6   1.5   0.560   1.7   0.0
   1 2002 355   691.   1.2   2.8   0.690   1.6   0.0
   1 2002 356   259.   1.2   9.7   0.850   4.6  24.7
   1 2002 357   605.   1.4   5.7   0.750   3.3   0.0
   1 2002 358  1555.   5.5  11.1   1.100   2.8   5.3
   1 2002 359  1814.   8.5  11.1   1.140   2.5   0.5
   1 2002 360   518.   8.6  11.0   1.080   3.9  10.7
   1 2002 361   432.   8.6  11.6   1.210   3.6   8.3
   1 2002 362  1037.   7.3  10.5   1.080   3.3   2.2
   1 2002 363   605.   5.7   8.2   0.950   3.3  17.9
   1 2002 364   259.   1.9  12.0   0.990   4.9   7.9
   1 2002 365  1642.  -1.3   2.1   0.470   4.1   0.0
