*---------------------------------------------------------------------------*
* Station name: Wageningen (Haarweg), Netherlands
* Year: 1975
* Author: Peter Uithol                                     -99.000: NIL VALUE
* Source: Natuur- en Weerkunde via Nel van Keulen
* Comments: Humidity measured as relative humidity.
* Longitude: 5 40 E, latitude: 51 58 N, altitude: 7 m.
*
* Column  Daily value
* 1       station number
* 2       year
* 3       day
* 4       irradiation                   (kJ m-2 d-1)
* 5       minimum temperature           (degrees Celsius)
* 6       maximum temperature           (degrees Celsius)
* 7       early morning vapour pressure (kPa)
* 8       mean wind speed (height: 2 m) (m s-1)
* 9       precipitation                 (mm d-1)
*
** WCCDESCRIPTION=Netherlands, Wageningen
** WCCFORMAT=2
** WCCYEARNR=1975
*---------------------------------------------------------------------------*
   5.67  51.97     7.  -0.18 -0.55
   1 1975   1   470.   7.2   8.3   0.960   3.5   0.2
   1 1975   2  1360.   0.1   7.1   0.630   1.1   0.1
   1 1975   3  1050.   0.3   4.8   0.630   2.6   0.3
   1 1975   4  2390.   3.0   6.7   0.710   3.5   0.3
   1 1975   5   560.   5.0   8.8   0.820   5.4   0.2
   1 1975   6  1270.   6.8  10.0   0.860   6.6  16.7
   1 1975   7  2590.   3.0   8.3   0.690   4.4   7.2
   1 1975   8  4010.   0.3   6.5   0.570   2.1   0.2
   1 1975   9  1030.   0.5   8.1   0.620   3.4   0.0
   1 1975  10  1040.   5.8   8.3   0.740   3.5   0.0
   1 1975  11  1050.   5.6   8.4   0.790   4.3   0.0
   1 1975  12  2860.   5.6  10.4   0.780   4.7   0.0
   1 1975  13  3860.   5.0   9.0   0.760   3.5   0.0
   1 1975  14  3940.   5.2  12.8   0.660   4.3   2.1
   1 1975  15  1770.   9.7  13.4   0.820   4.7   0.6
   1 1975  16   920.   7.9  12.0   0.860   4.8   2.4
   1 1975  17  1030.   3.9   8.8   0.720   5.1   5.9
   1 1975  18  2920.   2.5   6.7   0.700   2.6   3.9
   1 1975  19  4010.   0.7   7.5   0.660   1.6   0.0
   1 1975  20  3900.   0.7   5.3   0.560   4.3   2.0
   1 1975  21  1550.   2.7   6.4   0.660   4.7   0.4
   1 1975  22  1010.   2.1   9.3   0.710   6.6  11.2
   1 1975  23  3130.   2.6   7.8   0.630   5.4   3.4
   1 1975  24  4130.   3.2   7.9   0.680   4.9   0.0
   1 1975  25   850.   4.3  11.0   0.750   5.8   4.7
   1 1975  26  6040.   1.8   6.8   0.600   3.5   5.0
   1 1975  27   840.   2.5   9.6   0.760   5.2   9.6
   1 1975  28  2080.   1.8   6.0   0.680   4.5   5.5
   1 1975  29  4840.   3.1   6.9   0.620   3.5   0.5
   1 1975  30  1630.   4.7  11.4   0.920   3.1   1.3
   1 1975  31  2710.   7.4  11.5   0.950   3.5   9.8
   1 1975  32  6150.   3.0   9.3   0.710   2.6   0.0
   1 1975  33  3200.   5.2  11.1   0.930   1.5   0.0
   1 1975  34  2420.   3.6   6.3   0.610   3.1   0.0
   1 1975  35  6520.  -1.1   4.4   0.440   3.3   0.0
   1 1975  36  6610.  -2.6   3.4   0.490   1.9   0.0
   1 1975  37  7360.  -2.9   8.0   0.470   1.3   0.0
   1 1975  38  7270.  -4.6   6.4   0.510   1.6   0.0
   1 1975  39  6980.  -1.0   4.5   0.540   3.1   0.0
   1 1975  40  8020.   0.0   7.2   0.460   3.0   0.0
   1 1975  41  3960.  -0.5   7.1   0.650   1.4   0.0
   1 1975  42  5120.   0.7  10.7   0.740   1.9   0.3
   1 1975  43  1280.   5.6   8.6   0.880   2.1   4.4
   1 1975  44  1740.   4.0   7.0   0.790   4.0   5.6
   1 1975  45  4010.  -1.0   5.2   0.550   2.4   0.0
   1 1975  46  5220.  -3.4   1.9   0.450   1.8   0.0
   1 1975  47  9060.  -4.2   3.2   0.350   3.1   0.0
   1 1975  48  2990.  -1.7   6.0   0.510   3.9   3.6
   1 1975  49  5880.   3.0   9.6   0.750   1.0   4.8
   1 1975  50  6270.   0.3   7.3   0.630   1.9   0.0
   1 1975  51  8010.  -0.1   6.3   0.570   1.9   0.0
   1 1975  52 10220.  -0.4   8.2   0.480   3.9   0.0
   1 1975  53  9630.  -0.7   7.0   0.480   2.6   0.0
   1 1975  54 10050.  -2.7  10.0   0.590   1.4   0.0
   1 1975  55  7800.  -3.1   9.3   0.600   1.2   0.0
   1 1975  56  3200.   1.3   4.3   0.610   3.6   0.0
   1 1975  57 11160.   0.5  10.0   0.430   4.2   0.0
   1 1975  58 11310.  -3.7  10.0   0.410   1.9   0.0
   1 1975  59 11180.  -5.3  10.1   0.510   1.2   0.0
   1 1975  60  8520.   0.1  11.5   0.630   2.5   0.0
   1 1975  61  7040.   1.9  14.6   0.860   2.8   3.9
   1 1975  62  5700.   6.1  12.9   0.900   3.4   0.6
   1 1975  63  2720.   5.9  10.6   0.950   1.5   0.1
   1 1975  64  4850.   5.2  11.0   0.910   2.1   2.9
   1 1975  65  4180.   5.4   8.8   0.870   1.9   1.5
   1 1975  66  4700.   5.6  10.3   0.970   3.5  10.5
   1 1975  67  6580.   3.3   9.3   0.750   3.0   0.0
   1 1975  68  3130.   6.6   9.5   0.920   2.0   1.9
   1 1975  69  3420.   5.3   9.1   0.890   1.7   2.7
   1 1975  70  1670.   5.6   7.4   0.900   1.2   0.1
   1 1975  71  1660.   4.1   6.4   0.810   3.0   2.3
   1 1975  72  2000.   3.1   5.5   0.710   2.8   0.0
   1 1975  73  1880.   3.5   5.5   0.740   1.4   2.4
   1 1975  74  1970.   1.3   6.2   0.750   1.3   2.7
   1 1975  75  9470.  -1.8   5.3   0.590   2.1   1.6
   1 1975  76  8350.  -2.3   4.0   0.580   2.6   2.1
   1 1975  77  7940.  -2.3   2.6   0.490   4.4   0.5
   1 1975  78  2180.   0.0   5.6   0.610   5.8   5.2
   1 1975  79  1200.   3.0   6.0   0.720   4.2   2.0
   1 1975  80 17130.  -0.2   8.4   0.530   2.9   0.0
   1 1975  81  5550.   0.5   6.8   0.660   3.2   2.1
   1 1975  82 14900.  -0.5   9.7   0.540   1.1   2.2
   1 1975  83 10190.  -1.7   7.5   0.650   3.5   2.8
   1 1975  84 10380.   0.2   6.2   0.610   4.7   9.0
   1 1975  85  6160.  -0.5   5.6   0.640   4.3   1.5
   1 1975  86  6390.   0.2   4.8   0.700   2.2  10.8
   1 1975  87  8630.  -0.3   5.5   0.660   2.9   1.9
   1 1975  88  9050.  -0.4   5.4   0.680   3.6   3.9
   1 1975  89 12040.  -1.6   6.7   0.650   1.4   0.0
   1 1975  90 17610.  -3.5   7.4   0.600   1.6   0.8
   1 1975  91  9750.   0.7   6.6   0.650   2.2   3.3
   1 1975  92  5490.  -0.3   6.0   0.640   3.1   1.1
   1 1975  93 12150.  -2.0   7.9   0.660   0.8   0.6
   1 1975  94  5350.  -0.2   3.4   0.650   3.4   4.6
   1 1975  95  9670.  -2.5   6.7   0.620   3.1   0.3
   1 1975  96 10350.  -2.6   7.9   0.600   1.5   0.1
   1 1975  97  9300.  -1.5   6.0   0.640   4.5   3.0
   1 1975  98 11300.   2.3   6.3   0.650   5.7   3.2
   1 1975  99  6960.  -1.5   6.0   0.620   2.9   2.6
   1 1975 100 13940.  -2.3   6.3   0.580   1.6   3.2
   1 1975 101  3710.   0.0   6.0   0.700   2.5   0.4
   1 1975 102  3320.   4.0   9.0   0.930   3.2   1.2
   1 1975 103  9300.   3.6  10.6   0.850   1.5   2.0
   1 1975 104  4640.   8.2  11.5   1.130   3.7   3.8
   1 1975 105  4900.   6.6  10.2   1.010   2.9   7.4
   1 1975 106  3930.   2.0   8.4   0.820   2.3   0.1
   1 1975 107 14380.  -0.1  11.7   0.820   2.4   4.6
   1 1975 108  7940.   9.6  16.6   1.400   3.1   0.8
   1 1975 109  3560.   7.2  12.6   1.070   3.1   3.2
   1 1975 110 16620.   2.6  14.5   1.010   1.9   0.0
   1 1975 111 21930.   1.0  16.6   0.890   1.1   0.0
   1 1975 112 19650.   4.1  20.0   1.180   1.0   0.0
   1 1975 113 11800.   5.6  14.7   1.230   3.0   0.0
   1 1975 114 11800.   3.0  12.9   1.050   2.5   0.0
   1 1975 115 23650.   1.6  12.9   0.890   3.2   0.1
   1 1975 116  8180.   7.5  11.4   1.030   2.4   0.0
   1 1975 117 10930.   7.0  14.4   1.180   1.4   1.3
   1 1975 118 13000.   8.9  17.1   1.360   1.9   0.0
   1 1975 119 18560.   8.5  22.5   1.340   3.0   9.2
   1 1975 120 17690.   4.6  13.0   0.940   3.1   0.0
   1 1975 121 17480.   3.6  14.8   0.830   4.0   0.0
   1 1975 122  8260.   5.4  13.4   1.140   3.5  10.4
   1 1975 123 19040.   1.5  10.8   0.850   3.2   0.7
   1 1975 124 15370.   1.1  11.9   0.850   3.1   5.3
   1 1975 125 23740.   4.7  15.6   0.770   4.9   0.0
   1 1975 126 20080.   7.9  18.4   0.910   4.9   1.7
   1 1975 127 11980.   6.4  18.4   1.430   3.3   3.9
   1 1975 128 13000.   4.2  16.6   1.140   1.2   0.1
   1 1975 129 15500.   8.3  17.2   1.320   1.5   3.6
   1 1975 130 14790.   7.6  15.3   1.260   2.6   7.0
   1 1975 131 14650.   2.9  15.0   1.120   2.8   0.7
   1 1975 132 23660.   2.3  13.4   0.780   2.2   0.0
   1 1975 133 11840.   9.0  14.1   1.100   2.7   2.6
   1 1975 134 15240.   7.0  16.1   1.220   1.7   1.3
   1 1975 135 13960.   5.0  16.5   1.220   0.9   0.0
   1 1975 136 17060.   7.6  19.6   1.520   1.8   0.0
   1 1975 137 14580.  11.4  21.2   1.750   1.6   3.6
   1 1975 138 17080.  10.5  15.3   1.260   2.4   0.0
   1 1975 139 17150.   5.1  14.8   1.110   1.7   0.0
   1 1975 140 26890.   2.2  20.6   1.210   1.1   0.0
   1 1975 141 25190.   6.0  13.1   0.820   2.7   0.0
   1 1975 142 15910.   2.0  10.6   0.710   3.0   0.0
   1 1975 143 10690.   1.5   9.5   0.770   2.1   0.0
   1 1975 144 10700.   5.0  10.6   0.850   1.1   0.0
   1 1975 145 21070.   5.5  18.5   0.960   3.1   0.0
   1 1975 146 23320.   7.1  19.3   0.980   3.8   0.0
   1 1975 147 19620.   7.9  19.6   1.110   3.9   0.0
   1 1975 148 26500.   8.1  22.1   1.350   2.4   0.0
   1 1975 149 18230.   8.1  13.0   1.010   2.3   0.0
   1 1975 150 14230.   3.2  10.2   0.700   2.3   0.0
   1 1975 151 17790.   1.7  12.3   0.830   2.7   0.8
   1 1975 152 21040.   1.4  12.8   0.880   2.1   0.7
   1 1975 153 16170.   1.0  13.4   0.930   3.1  10.2
   1 1975 154 12000.   5.1  10.1   0.970   4.3   6.5
   1 1975 155 16290.   2.6  12.9   0.900   3.1   0.0
   1 1975 156 21670.   2.3  17.6   0.930   1.7   0.0
   1 1975 157 24950.  12.4  22.9   1.300   1.5   0.0
   1 1975 158 27370.   9.1  22.8   1.030   2.5   0.0
   1 1975 159 28080.   7.6  22.6   1.080   2.3   0.0
   1 1975 160 22380.   7.4  22.6   1.260   2.6   0.0
   1 1975 161 20480.   9.7  25.1   1.760   2.4   1.6
   1 1975 162 28310.  13.0  24.9   1.230   2.8   0.0
   1 1975 163 24790.   9.3  27.6   1.510   1.9   0.0
   1 1975 164 23430.   7.4  24.7   1.460   1.8   0.0
   1 1975 165 16930.  12.9  21.1   1.610   2.0   3.2
   1 1975 166  5140.  12.4  14.8   1.470   1.3   5.8
   1 1975 167 23540.   8.5  17.3   1.220   2.9   1.3
   1 1975 168 12710.   8.5  17.0   1.420   1.6  12.6
   1 1975 169 15150.  11.0  18.8   1.490   1.6   0.0
   1 1975 170 25570.   7.4  22.3   1.450   1.2   0.0
   1 1975 171 22100.  10.2  23.1   1.710   2.0   0.0
   1 1975 172 16340.  11.5  24.4   1.760   2.5   1.0
   1 1975 173  9810.  15.0  21.4   2.020   2.5   3.8
   1 1975 174 18730.  15.0  26.6   2.460   1.7  38.0
   1 1975 175 18050.  12.6  24.1   2.090   2.6   0.0
   1 1975 176 21690.   8.5  17.4   1.200   2.1   0.0
   1 1975 177 28480.   5.7  21.6   1.450   1.6   0.0
   1 1975 178 12270.  11.5  16.0   1.070   2.4   0.0
   1 1975 179 14830.   9.4  15.0   0.990   2.3   0.6
   1 1975 180 21220.   9.7  16.5   1.240   2.3   0.1
   1 1975 181 19500.   7.1  18.6   1.340   2.1   1.7
   1 1975 182 28120.   5.6  19.6   1.340   2.3   0.0
   1 1975 183 19460.   7.7  22.3   1.430   1.6   0.0
   1 1975 184  8430.  15.0  20.0   1.380   2.1   8.0
   1 1975 185 10620.  12.5  20.9   1.490   3.0   0.0
   1 1975 186 26410.   9.5  20.6   1.630   2.5   0.0
   1 1975 187 23600.  12.0  25.5   1.720   1.9   0.0
   1 1975 188 26270.  10.3  27.3   1.700   2.2   0.0
   1 1975 189 20330.  15.3  30.4   2.350   1.8  15.7
   1 1975 190 17550.  13.2  23.5   1.950   1.7   0.1
   1 1975 191 16700.  11.3  23.1   1.880   1.0  10.5
   1 1975 192 17010.  14.1  24.9   2.130   1.4   0.1
   1 1975 193 15330.  13.7  22.0   1.830   2.6   0.0
   1 1975 194 12760.  15.6  23.0   1.950   2.3   0.0
   1 1975 195 22700.  14.4  30.0   2.300   3.8   0.1
   1 1975 196 11830.  14.8  20.6   1.550   4.1   0.2
   1 1975 197 16910.  13.7  21.4   1.620   4.5   0.0
   1 1975 198 12810.  12.9  22.7   1.930   1.4   1.5
   1 1975 199 11560.  13.7  21.4   2.010   1.0  20.5
   1 1975 200 12440.  10.7  21.9   1.900   1.6  16.7
   1 1975 201  8170.  12.3  21.2   1.960   1.9   7.5
   1 1975 202 15270.  11.5  22.0   1.750   1.9   0.0
   1 1975 203 15030.  11.4  19.6   1.440   3.2   0.0
   1 1975 204 16580.  15.3  21.7   1.660   3.7   1.2
   1 1975 205 16940.  10.7  17.6   1.330   4.2   8.6
   1 1975 206 16530.  10.3  18.1   1.390   3.2   0.0
   1 1975 207 11890.   8.5  19.1   1.470   0.9   0.0
   1 1975 208 14810.   9.9  22.1   1.770   0.9   0.0
   1 1975 209 20790.  11.5  23.1   1.830   1.1   0.0
   1 1975 210 24400.   8.9  25.8   1.900   0.6   0.0
   1 1975 211 22590.  10.1  28.8   2.090   0.7   0.0
   1 1975 212 21370.  13.2  27.6   2.060   1.7   6.9
   1 1975 213 22460.  13.8  26.5   2.010   1.8   0.0
   1 1975 214 25080.  11.0  26.0   1.600   1.2   0.0
   1 1975 215 24580.  12.4  28.7   1.890   2.0   0.0
   1 1975 216 23880.  15.2  30.9   1.890   2.1   0.0
   1 1975 217 22020.  19.6  31.2   1.690   3.2   0.0
   1 1975 218 22190.  17.4  31.2   1.810   1.9   0.0
   1 1975 219 21090.  15.9  31.6   1.710   1.8   0.0
   1 1975 220 21040.  22.1  31.6   1.830   3.0   0.0
   1 1975 221 20190.  17.3  31.6   2.260   3.1   3.8
   1 1975 222 21260.  14.0  30.0   2.440   1.9   0.0
   1 1975 223 15600.  14.9  24.6   2.080   2.0   5.8
   1 1975 224 18260.  15.8  29.0   2.470   1.7   0.0
   1 1975 225 17330.  14.3  28.5   2.010   1.6   0.0
   1 1975 226 19830.  18.6  27.8   1.300   2.5   0.0
   1 1975 227 11220.  15.7  24.5   2.000   3.2   3.0
   1 1975 228  5140.  15.2  19.2   1.790   3.4  13.0
   1 1975 229 13850.   9.9  19.6   1.570   2.6   0.0
   1 1975 230 16300.   9.0  20.6   1.410   2.0   0.0
   1 1975 231 16930.   9.0  23.2   1.630   2.1   0.7
   1 1975 232 15430.  15.6  24.4   2.090   2.9   0.0
   1 1975 233 10840.  15.5  25.0   2.350   1.6  19.1
   1 1975 234 12100.  10.6  19.6   1.500   1.8   0.3
   1 1975 235 12300.   9.8  19.0   1.480   1.2   0.1
   1 1975 236 12540.   9.1  19.1   1.510   1.6   0.4
   1 1975 237 16980.   9.4  20.3   1.510   1.8   0.1
   1 1975 238 17830.   8.0  21.6   1.460   1.4   0.0
   1 1975 239 20690.   5.7  23.3   1.360   1.4   0.0
   1 1975 240 19840.  10.0  25.6   1.430   2.0   0.0
   1 1975 241 18360.  11.4  25.9   1.650   1.5   0.0
   1 1975 242 16010.  10.0  26.1   1.690   0.8   0.0
   1 1975 243 12150.  14.0  25.2   2.060   1.7   0.0
   1 1975 244  9230.  16.2  22.8   2.030   1.9   0.2
   1 1975 245 14670.  13.6  26.1   2.130   0.7   0.0
   1 1975 246  5030.  10.9  21.6   1.750   1.6   0.0
   1 1975 247 15610.   7.3  20.6   1.210   0.7   3.8
   1 1975 248 10360.   8.0  20.1   1.350   0.5   0.1
   1 1975 249 15630.   7.1  20.5   1.370   1.2   0.0
   1 1975 250 12280.   5.7  20.1   1.360   0.9   0.7
   1 1975 251 17610.   3.3  22.1   1.310   1.0   0.0
   1 1975 252 11080.  11.6  23.5   1.520   2.8   8.2
   1 1975 253 12380.  12.6  19.6   1.590   2.9   0.2
   1 1975 254  9720.  11.9  19.6   1.610   2.0   3.6
   1 1975 255  9670.  10.4  17.6   1.310   3.7   9.3
   1 1975 256 13380.  10.0  16.3   1.170   4.2  11.5
   1 1975 257  5190.  10.6  16.0   1.290   2.3   4.6
   1 1975 258 14180.  10.3  17.9   1.340   1.1   0.0
   1 1975 259 14830.   9.6  21.5   1.460   2.0   0.0
   1 1975 260  7040.  11.4  18.9   1.450   2.0   0.6
   1 1975 261 11520.  11.0  20.0   1.450   2.8   0.0
   1 1975 262 12980.   8.9  20.8   1.510   0.8   0.0
   1 1975 263 11410.  10.2  21.0   1.550   1.8   3.7
   1 1975 264 14240.   5.3  18.8   1.180   1.8   0.0
   1 1975 265 14640.   3.6  19.0   1.160   0.8   0.0
   1 1975 266 12210.   7.4  20.7   1.370   2.5   0.8
   1 1975 267 11200.  14.6  19.2   1.580   2.8   0.0
   1 1975 268  4610.  14.1  18.2   1.510   5.6  15.8
   1 1975 269 11270.   8.8  16.0   1.130   4.4   7.5
   1 1975 270  6370.   8.1  22.6   1.440   5.6   1.3
   1 1975 271 12750.  12.0  17.6   1.070   3.5   0.3
   1 1975 272  8320.  12.5  22.6   1.770   2.7   0.3
   1 1975 273  9220.  13.6  25.6   1.750   3.1   1.9
   1 1975 274 12160.   8.7  16.8   1.180   2.7   0.0
   1 1975 275 12220.   7.7  18.0   1.220   2.8   0.4
   1 1975 276  1580.   7.7  16.6   1.200   4.6   0.2
   1 1975 277  8890.   7.0  14.8   1.050   3.3   1.0
   1 1975 278  3140.  10.2  15.3   1.320   2.8   0.0
   1 1975 279  6950.   8.6  17.0   1.310   2.7   0.1
   1 1975 280  7790.   8.2  14.5   0.970   2.6   0.0
   1 1975 281  8500.   5.5  13.2   0.910   1.4   0.1
   1 1975 282  5920.   0.3  12.0   0.830   1.2   0.8
   1 1975 283 10860.  -1.8  11.4   0.680   1.2   3.8
   1 1975 284  7790.   1.5   9.6   0.740   2.5   0.0
   1 1975 285 11690.   0.7   9.3   0.640   3.1   3.5
   1 1975 286  4330.   0.3   5.6   0.690   1.6   0.2
   1 1975 287  6520.   2.6   9.3   0.800   2.1   0.0
   1 1975 288  5980.   6.5  14.1   1.060   2.1   0.0
   1 1975 289  6920.   6.6  15.2   1.120   1.7   1.7
   1 1975 290  8320.   3.9  15.0   0.970   1.8   0.0
   1 1975 291  2670.   8.5  10.1   0.930   2.9   0.0
   1 1975 292  3070.   7.0  11.9   0.980   2.2   0.0
   1 1975 293  7710.   6.7  10.7   0.910   2.6   0.0
   1 1975 294  2680.   7.1   9.3   1.000   1.4   0.5
   1 1975 295  7560.   6.0  11.6   1.010   1.5   0.0
   1 1975 296  6580.   5.8  12.4   0.970   2.8   0.0
   1 1975 297  7760.   3.9  14.7   0.950   1.5   0.0
   1 1975 298  1930.   1.2   7.0   0.780   1.3   0.1
   1 1975 299  2440.   3.9   6.1   0.830   1.2   0.1
   1 1975 300   980.   3.8   6.0   0.800   1.2   0.0
   1 1975 301  1110.   3.2   4.5   0.730   1.2   0.0
   1 1975 302  5660.   0.3  10.5   0.760   1.2   0.0
   1 1975 303  6500.   3.5  15.8   0.920   1.4   0.1
   1 1975 304  6590.   6.2  16.0   0.990   2.3   4.0
   1 1975 305  3490.   7.9  13.9   1.150   1.3   2.0
   1 1975 306  2550.   6.4  11.9   1.040   1.4   0.2
   1 1975 307  2800.   3.5   9.9   0.840   2.5   1.4
   1 1975 308  5680.   0.6   9.7   0.790   1.1   0.2
   1 1975 309  2310.   4.0   6.8   0.840   1.6   0.0
   1 1975 310  2610.   4.7  10.1   0.890   1.5   3.8
   1 1975 311  1340.   2.6   9.3   0.840   1.2   2.2
   1 1975 312  4640.   5.8   8.2   0.820   3.4   0.0
   1 1975 313  5010.   3.3   7.7   0.670   3.3   0.0
   1 1975 314  2800.   1.6   5.6   0.650   1.3   0.0
   1 1975 315  4030.  -4.2   7.3   0.580   0.5   0.0
   1 1975 316  4990.  -2.3   5.0   0.520   2.3   0.0
   1 1975 317   840.   0.5   3.7   0.630   2.1   0.0
   1 1975 318  1700.   0.8   5.6   0.680   1.6   0.0
   1 1975 319  2170.  -2.2   7.8   0.640   3.1  16.5
   1 1975 320  1400.   7.3  10.7   1.060   2.5   4.9
   1 1975 321  1250.   7.7  10.3   1.050   1.4   1.9
   1 1975 322  1430.   1.4   8.3   0.690   2.2   0.0
   1 1975 323   520.   2.4  11.6   0.810   3.9   9.6
   1 1975 324  2490.   2.1  11.5   0.650   4.6   0.3
   1 1975 325  3430.  -0.4   7.3   0.580   2.4   4.0
   1 1975 326  3180.  -1.0   8.0   0.550   1.7   0.0
   1 1975 327  4830.  -1.8   4.0   0.450   2.6   0.0
   1 1975 328  4510.  -3.4   1.9   0.350   2.4   0.0
   1 1975 329  3210.  -3.5   3.4   0.430   2.9   7.2
   1 1975 330   700.   2.6   7.0   0.780   3.2   5.2
   1 1975 331  3190.   1.9   7.0   0.690   5.0   5.5
   1 1975 332  2740.   4.0  12.4   0.850   4.6  16.9
   1 1975 333  2040.   3.7   6.0   0.770   2.7   0.3
   1 1975 334  2270.   2.5   5.7   0.740   0.7   0.0
   1 1975 335  2040.   2.2   5.8   0.660   4.5   9.2
   1 1975 336  1740.   5.0   9.5   0.820   5.3   0.2
   1 1975 337  3690.   1.1   8.6   0.650   2.1   0.0
   1 1975 338  2310.   0.6   6.4   0.610   3.4   0.7
   1 1975 339   600.   5.5   8.7   0.910   3.1   0.3
   1 1975 340  2970.   3.3   9.6   0.700   2.9   0.0
   1 1975 341  1290.   1.3   7.7   0.670   2.5   0.0
   1 1975 342  2320.   1.3   7.5   0.570   2.0   0.0
   1 1975 343  1700.  -0.5   5.9   0.590   0.9   0.0
   1 1975 344   490.   3.6   4.3   0.690   1.4   0.7
   1 1975 345  2320.   3.0   7.0   0.680   1.2   0.0
   1 1975 346   780.   1.2   2.9   0.590   1.5   2.3
   1 1975 347  3650.  -4.3   4.4   0.430   2.3   0.0
   1 1975 348  5190.  -8.4   1.1   0.340   0.3   0.0
   1 1975 349  4730. -10.4   0.6   0.300   0.2   0.0
   1 1975 350  3740. -10.3  -2.0   0.300   0.6   0.0
   1 1975 351  2630.  -4.2   3.7   0.450   1.8   0.0
   1 1975 352  4200.  -9.6   0.0   0.310   0.5   0.0
   1 1975 353  1100.  -2.6   0.7   0.430   1.1   0.9
   1 1975 354  1370.  -1.9   4.4   0.550   0.5   0.2
   1 1975 355  1550.   2.2   5.9   0.720   2.2   0.0
   1 1975 356   590.   3.8   5.7   0.760   2.7   0.0
   1 1975 357   900.   4.1   6.2   0.730   3.2   0.3
   1 1975 358   770.   2.1   5.1   0.630   4.0   4.2
   1 1975 359   560.   0.2   6.8   0.650   2.8   3.3
   1 1975 360  1330.   0.5   7.8   0.640   2.6   0.0
   1 1975 361   640.   4.7   6.9   0.750   3.6   0.0
   1 1975 362   360.   3.5   6.6   0.700   3.5   0.0
   1 1975 363   660.   3.1   4.1   0.640   3.4   0.0
   1 1975 364  1340.   1.9   4.4   0.580   4.0   0.2
   1 1975 365  1170.   2.4   6.4   0.620   6.5  14.6
