*---------------------------------------------------------*
*   Country: Netherlands
*   Station: Wageningen
*      Year: 2007
*    Source: Meteorology and Air Quality Group,
*            Wageningen University
*            www.met.wau.nl/haarwegdata/dayfiles/2007/
*    Author: Peter Uithol
* Longitude: 05 40 E
*  Latitude: 51 58 N
* Elevation: 7 m.
*  Comments: Location Haarweg.
*
*  Columns:
*  ========
*  station number
*  year
*  day
*  irradiation (kJ m-2 d-1)
*  minimum temperature (degrees Celsius)
*  maximum temperature (degrees Celsius)
*  vapour pressure (kPa)
*  mean wind speed (m s-1)
*  precipitation (mm d-1)
** WCCDESCRIPTION=Netherlands, Wageningen
** WCCFORMAT=2
** WCCYEARNR=2007
*---------------------------------------------------------*
   5.67  51.97     7.  -0.18 -0.55
   1 2007   1  1382.   4.7  12.1   0.920   5.9   3.7
   1 2007   2  1210.   2.9   7.1   0.850   3.7   5.8
   1 2007   3   778.   2.0   8.9   0.900   4.0   1.7
   1 2007   4  1210.   6.9   9.8   1.050   6.1   7.9
   1 2007   5   864.   5.4  10.1   1.060   3.8   2.3
   1 2007   6  1210.   6.3  10.8   1.080   3.2  10.5
   1 2007   7  1210.   6.2   9.8   0.990   4.8   0.5
   1 2007   8  2678.   8.1  12.0   1.060   5.1   5.9
   1 2007   9  1123.  11.9  13.8   1.190   7.4   0.2
   1 2007  10   518.   6.6  13.5   1.090   6.6   4.1
   1 2007  11   173.   5.3  10.3   0.880   8.3  19.3
   1 2007  12  1469.   6.2  12.4   1.050   6.7   0.0
   1 2007  13   691.  10.1  11.8   1.220   6.0   0.5
   1 2007  14  4061.   3.1  10.4   0.830   4.2   1.3
   1 2007  15  3715.   3.1   8.7   0.770   3.2   0.0
   1 2007  16  1123.   3.8   9.2   1.000   4.1   1.5
   1 2007  17  1555.   7.7  11.9   1.110   6.1   8.8
   1 2007  18   259.   7.4  13.7   0.560   9.9  28.3
   1 2007  19  2592.   8.1  11.7   1.020   5.3   2.4
   1 2007  20  1123.   6.7  13.4   1.120   7.5   3.2
   1 2007  21  2938.   4.0   7.8   0.820   6.5   5.6
   1 2007  22  2160.  -4.4   5.2   0.650   2.6   3.5
   1 2007  23  3456.  -6.0   1.2   0.440   0.7   0.0
   1 2007  24  2333.  -5.5  -0.9   0.500   1.2   0.0
   1 2007  25  4320.  -5.7   0.2   0.210   1.5   0.0
   1 2007  26  1210.  -2.2   4.2   0.630   4.0   4.7
   1 2007  27  3024.   0.7   6.4   0.710   2.4   0.3
   1 2007  28   691.   4.7   8.1   0.900   5.3   2.4
   1 2007  29  2333.   6.8   9.7   0.990   2.7   0.2
   1 2007  30  1901.   6.6   9.2   1.010   2.1   0.0
   1 2007  31  2765.   3.3   8.7   0.890   4.2   0.6
   1 2007  32   950.   6.5   9.5   0.000   1.5   0.0
   1 2007  33  1642.   2.2   9.9   0.960   2.6   0.0
   1 2007  34  6480.   0.3  10.3   0.760   1.4   0.0
   1 2007  35  3629.  -2.8   9.1   0.750   0.9   0.0
   1 2007  36  2333.  -2.6   4.7   0.670   1.3   0.7
   1 2007  37  5098.  -2.6   5.3   0.620   1.1   0.1
   1 2007  38  5098.  -2.4   3.2   0.580   2.4   0.0
   1 2007  39  1382.  -3.2   3.8   0.617   4.0  10.6
   1 2007  40  1642.   1.4   3.9   0.700   2.7   0.3
   1 2007  41  2333.   1.5   7.3   0.780   4.3   4.6
   1 2007  42  1642.   5.2   9.9   1.000   4.0  12.5
   1 2007  43  3197.   6.5  11.9   1.030   4.9   7.9
   1 2007  44  2506.   5.4   9.3   0.970   5.0   3.9
   1 2007  45  1210.   5.1   6.4   0.900   2.8   7.9
   1 2007  46  8294.   1.3  11.2   0.820   2.3   0.0
   1 2007  47  6739.   3.1  11.9   0.700   4.8   0.0
   1 2007  48  5875.   3.2  10.9   0.740   3.6   0.0
   1 2007  49  1814.   2.1   6.4   0.820   1.5   0.0
   1 2007  50  3715.   2.8   7.5   0.820   1.9   0.0
   1 2007  51  6048.   4.6  11.5   0.960   2.4   0.0
   1 2007  52  1814.   4.2  10.1   1.000   2.9   1.6
   1 2007  53  6826.   3.3  11.8   0.888   2.9   0.0
   1 2007  54  2678.   6.6  11.9   1.050   3.2   1.2
   1 2007  55  3715.   8.4  12.6   1.090   4.6   5.3
   1 2007  56  2074.   6.3   9.0   1.000   3.6  12.7
   1 2007  57  1987.   5.2   8.3   0.900   4.2   2.5
   1 2007  58  1987.   3.7  11.2   0.950   4.1  11.7
   1 2007  59  4493.   7.0  11.9   1.040   7.3   9.5
   1 2007  60  7171.   5.1  10.2   0.898   6.5  14.1
   1 2007  61  5443.   3.0   8.6   0.768   3.7   2.3
   1 2007  62  2419.   4.1   8.5   0.859   3.2   9.2
   1 2007  63  6394.   3.3  12.4   0.888   3.3   0.0
   1 2007  64  7862.   6.7  11.3   0.880   5.1   7.4
   1 2007  65  1728.   7.9   9.6   1.020   5.9  16.4
   1 2007  66  4234.   6.2  10.4   1.044   3.5   3.3
   1 2007  67 12096.   3.3  13.3   0.900   2.0   0.0
   1 2007  68  2160.   3.0   8.3   0.900   2.8   4.5
   1 2007  69 11923.   1.5  11.9   0.840   2.9   0.0
   1 2007  70 10800.   3.9  13.9   0.970   2.3   0.0
   1 2007  71 13824.   2.3  16.6   0.820   1.6   0.0
   1 2007  72 12701.   0.3  14.0   0.860   1.8   0.0
   1 2007  73  9158.  -2.0  12.4   0.760   1.0   0.0
   1 2007  74 13046.  -1.5  13.1   0.760   1.1   0.0
   1 2007  75  3888.   5.5  11.3   1.000   2.7   0.3
   1 2007  76  4234.   8.0  13.6   1.080   5.5   0.1
   1 2007  77  7517.   1.9   9.6   0.802   7.1  12.3
   1 2007  78  6998.  -1.0   6.9   0.670   2.8   2.9
   1 2007  79  8381.  -1.2   7.3   0.710   2.3   2.4
   1 2007  80  9418.   0.0   9.1   0.670   2.7   1.3
   1 2007  81  7344.   4.7   9.6   0.690   4.5   0.0
   1 2007  82  4320.   4.1   8.4   0.690   3.5   0.0
   1 2007  83  5875.   5.2  12.5   0.890   3.1   0.0
   1 2007  84 12960.   6.2  14.1   0.730   4.0   0.0
   1 2007  85 16330.   6.7  16.9   0.710   4.6   0.0
   1 2007  86 16330.   7.4  16.9   0.660   4.2   0.0
   1 2007  87 14342.   2.9  17.1   0.710   2.7   0.0
   1 2007  88  8381.   1.2  14.5   0.970   1.7   0.2
   1 2007  89 14429.   2.5  15.7   0.450   2.1   0.7
   1 2007  90 15725.   5.7  16.1   0.810   3.9   0.0
   1 2007  91 17712.   7.3  17.3   0.630   4.2   0.0
   1 2007  92 16934.   4.7  18.8   0.690   2.9   0.0
   1 2007  93  8122.   3.8  11.0   0.780   3.1   0.0
   1 2007  94 18749.   0.9  12.4   0.640   2.2   0.0
   1 2007  95 16416.  -0.7  15.7   0.900   1.4   0.0
   1 2007  96 17021.   3.6  17.9   0.920   2.1   0.0
   1 2007  97 10627.   3.6  13.3   0.860   1.5   0.0
   1 2007  98 18317.  -1.5  15.1   0.800   2.1   0.0
   1 2007  99 16157.   4.7  15.5   0.970   3.0   0.0
   1 2007 100  8899.   6.7  15.5   1.170   2.5   0.0
   1 2007 101 11318.   6.2  16.3   1.100   1.5   0.0
   1 2007 102 19008.   3.5  20.5   1.030   2.4   0.0
   1 2007 103 16070.   9.4  23.7   1.230   2.2   0.0
   1 2007 104 19699.   6.7  26.5   1.160   1.9   0.0
   1 2007 105 21082.   8.5  27.3   1.090   1.8   0.0
   1 2007 106 20131.   6.4  26.9   1.170   1.5   0.0
   1 2007 107 15898.   4.4  14.2   1.010   2.1   0.0
   1 2007 108 14688.   2.0  14.3   0.800   1.3   0.0
   1 2007 109 21427.   0.7  16.8   0.870   2.9   0.0
   1 2007 110 19440.   3.3  12.4   0.670   1.7   0.0
   1 2007 111 21082.  -1.8  14.7   0.610   1.9   0.0
   1 2007 112 22291.   0.4  20.1   0.770   1.4   0.0
   1 2007 113 17107.   7.0  22.9   0.990   1.8   0.0
   1 2007 114 13738.  10.3  22.2   1.380   1.3   0.0
   1 2007 115 17971.  13.5  28.1   1.400   2.1   0.0
   1 2007 116 20822.   9.4  27.7   1.459   1.6   0.0
   1 2007 117 21946.   6.7  26.6   1.030   2.1   0.0
   1 2007 118 22291.   8.0  26.8   1.140   1.8   0.0
   1 2007 119 24106.  11.3  21.6   0.930   4.0   0.0
   1 2007 120 25229.   6.6  19.4   0.630   4.3   0.0
   1 2007 121 24710.   8.2  21.4   0.800   3.5   0.0
   1 2007 122 25142.   7.5  21.2   0.700   3.0   0.0
   1 2007 123 22550.   3.9  21.2   0.920   2.0   0.0
   1 2007 124 20736.   6.0  23.1   0.920   2.5   0.0
   1 2007 125 23933.   7.7  20.9   1.090   2.7   0.0
   1 2007 126 15984.   1.9  17.6   1.070   3.2   0.1
   1 2007 127  2246.  10.9  14.1   1.450   4.3  27.7
   1 2007 128 13738.   9.3  15.9   1.210   5.1  12.3
   1 2007 129 11405.   9.7  16.2   1.290   3.6   4.5
   1 2007 130 11318.  10.8  16.9   1.330   5.0   9.9
   1 2007 131  8726.  10.1  15.0   1.290   4.5   8.2
   1 2007 132 12528.  10.9  17.3   1.300   4.6   6.7
   1 2007 133 12010.  11.5  18.7   1.480   2.9   0.8
   1 2007 134  9850.   9.8  17.3   1.330   3.3   7.2
   1 2007 135 21341.   8.1  16.2   1.060   2.4   0.8
   1 2007 136 14256.   8.3  16.4   1.180   2.9  20.7
   1 2007 137 14947.   5.4  15.5   1.020   1.4   1.4
   1 2007 138 20822.   5.2  22.6   1.580   2.9   0.0
   1 2007 139 22723.   6.5  18.4   1.190   3.1   0.8
   1 2007 140 16070.   4.3  19.8   1.290   1.6   5.7
   1 2007 141  6739.  12.8  19.4   1.800   1.0   0.0
   1 2007 142  9245.   6.6  19.1   1.610   1.2   0.0
   1 2007 143 27216.   5.0  22.0   1.140   1.3   0.0
   1 2007 144 26784.   8.5  24.9   1.330   1.2   0.0
   1 2007 145 20390.  12.6  25.4   1.620   1.3   0.0
   1 2007 146 16762.  12.5  18.4   1.390   2.1   2.7
   1 2007 147 10454.  11.1  18.9   1.431   1.9   5.5
   1 2007 148  7949.  10.4  15.3   1.390   1.4   2.7
   1 2007 149  8554.   6.4  13.0   1.160   3.8   0.3
   1 2007 150 25142.   6.3  19.9   0.980   2.9   0.0
   1 2007 151 17107.   9.6  20.9   1.440   2.0   3.3
   1 2007 152 24797.   8.6  24.4   1.230   1.6   0.0
   1 2007 153 21600.   9.3  24.1   1.310   1.6   0.0
   1 2007 154 15034.  11.2  22.4   1.640   1.6   0.0
   1 2007 155 21859.  10.6  23.4   1.450   1.8   0.0
   1 2007 156 21773.  14.8  24.1   1.600   2.1   0.0
   1 2007 157 20563.  13.5  23.8   1.670   1.9   0.0
   1 2007 158 20909.  14.3  27.8   1.890   1.9   0.0
   1 2007 159 22550.  16.8  31.1   2.040   2.4  12.1
   1 2007 160 10800.  15.3  22.4   2.000   1.9   4.3
   1 2007 161 11837.  15.5  23.6   1.979   1.4  18.7
   1 2007 162 16502.  16.2  26.8   2.090   1.3   0.0
   1 2007 163  5443.  14.5  18.6   1.780   2.4   0.0
   1 2007 164 18058.  13.3  22.1   1.790   2.3   0.0
   1 2007 165 16848.  12.9  26.2   1.891   1.9  17.5
   1 2007 166 11923.  15.8  21.7   1.860   2.6   0.2
   1 2007 167 15725.  14.0  20.5   1.620   3.1   1.3
   1 2007 168 17280.  13.8  20.9   1.580   3.0   1.1
   1 2007 169 10973.  13.0  21.0   1.760   1.6  10.0
   1 2007 170 28080.   9.9  25.3   1.510   1.7   0.0
   1 2007 171 20563.  13.1  23.3   1.810   2.3   0.7
   1 2007 172  5357.  13.7  19.5   1.690   1.3   3.8
   1 2007 173 17366.  13.7  21.3   1.610   2.2   3.8
   1 2007 174 13392.  13.4  19.2   1.680   2.8   9.3
   1 2007 175 14602.  12.4  19.3   1.620   2.5   2.7
   1 2007 176 12614.  11.9  20.7   1.620   2.4   4.0
   1 2007 177 12182.   8.9  15.5   1.310   4.5   4.6
   1 2007 178 19613.   8.4  17.4   1.150   4.2   0.4
   1 2007 179 25747.  12.1  18.5   1.170   3.4   1.2
   1 2007 180  6221.  12.5  16.9   1.560   4.2   8.8
   1 2007 181 11578.  14.6  19.4   1.640   2.9   0.1
   1 2007 182 19526.  16.7  24.3   1.900   2.5   0.9
   1 2007 183 15725.  14.8  20.7   1.740   3.2   9.0
   1 2007 184  9850.  13.5  18.5   1.590   3.4   2.0
   1 2007 185  8986.  11.6  17.0   1.550   3.1  16.8
   1 2007 186 18144.  11.8  19.8   1.550   3.7  23.8
   1 2007 187  4579.  13.1  16.5   1.510   6.1   5.8
   1 2007 188 19786.  11.7  20.6   1.510   4.1   1.1
   1 2007 189 22032.  10.8  22.3   1.350   1.4   0.7
   1 2007 190 20390.  11.0  20.3   1.360   1.5   0.4
   1 2007 191 16762.   9.7  18.6   1.407   2.1   5.1
   1 2007 192 10109.  10.6  17.5   1.501   3.2   0.7
   1 2007 193 10022.  12.5  19.6   1.652   3.3   1.4
   1 2007 194 14861.  16.3  25.1   2.064   2.9   0.1
   1 2007 195 19958.  14.5  25.2   2.020   3.3   0.0
   1 2007 196 16330.  14.4  29.8   2.230   1.6   0.0
   1 2007 197 17885.  16.9  28.6   2.228   1.9   0.8
   1 2007 198 22032.  13.8  23.4   1.644   3.4   2.1
   1 2007 199 20131.  12.6  22.9   1.600   1.9   2.2
   1 2007 200 21168.  10.0  25.0   1.455   1.2   0.0
   1 2007 201  8467.  14.8  22.5   1.862   2.6  11.8
   1 2007 202 24451.  12.0  23.2   1.453   2.4  14.9
   1 2007 203 15120.  10.7  20.0   1.568   2.1   4.2
   1 2007 204  8640.  10.2  20.9   1.608   2.7   6.7
   1 2007 205 15120.  13.4  19.8   1.547   4.2   4.2
   1 2007 206 21686.  13.0  22.2   1.599   2.9   0.0
   1 2007 207 10368.  15.4  21.4   1.817   3.5   9.1
   1 2007 208 19094.  14.3  21.5   1.584   4.7   0.2
   1 2007 209 19008.  14.3  20.8   1.601   2.9  13.9
   1 2007 210 10627.   9.4  18.8   1.447   2.2  19.1
   1 2007 211 20563.   9.0  17.8   1.172   3.1   2.3
   1 2007 212 20736.   9.1  18.8   1.216   1.7   0.0
   1 2007 213 24278.   8.3  22.9   1.254   1.5   0.0
   1 2007 214  8381.  10.0  21.3   1.525   1.1   0.0
   1 2007 215 19526.  10.1  22.6   1.407   1.4   0.0
   1 2007 216 25315.  12.0  26.0   1.556   1.9   0.0
   1 2007 217 25747.  14.1  29.3   1.568   3.2   0.0
   1 2007 218 19440.  16.7  27.9   1.888   2.8   0.4
   1 2007 219 10368.  15.4  22.0   1.764   1.3   0.4
   1 2007 220 12614.  10.7  19.7   1.477   1.5   0.0
   1 2007 221  1987.  14.0  17.4   1.694   2.2   7.6
   1 2007 222  9936.  11.7  20.3   1.807   1.9   0.0
   1 2007 223 22550.   9.8  21.2   1.368   1.1   0.0
   1 2007 224 19872.   7.8  23.4   1.549   1.5   7.0
   1 2007 225 17626.  13.5  21.5   1.603   2.5   0.0
   1 2007 226 17885.  13.6  24.8   1.613   3.5   2.3
   1 2007 227 13910.  17.7  25.0   1.998   4.4   5.6
   1 2007 228 14947.  11.4  19.0   1.531   4.2   6.6
   1 2007 229 10800.  11.6  17.5   1.425   2.4   8.8
   1 2007 230 18403.  10.8  20.5   1.411   2.2   0.0
   1 2007 231 14947.  14.5  23.3   1.625   2.3   0.0
   1 2007 232  9072.  13.5  20.3   1.725   2.0   5.7
   1 2007 233 10973.  13.2  21.3   1.820   1.6   6.9
   1 2007 234  9072.  15.2  20.5   1.760   3.7   0.9
   1 2007 235 10973.  13.9  23.7   1.796   1.6   3.9
   1 2007 236 19958.  10.8  25.6   1.790   1.0   0.3
   1 2007 237 17107.  13.8  23.5   1.780   1.7   0.0
   1 2007 238 12614.  10.0  22.6   1.610   1.5   0.0
   1 2007 239 13392.   7.4  19.2   1.230   1.2   0.0
   1 2007 240 16157.   8.3  18.5   1.050   1.1   0.0
   1 2007 241 17712.   7.2  18.8   1.000   1.2   0.0
   1 2007 242  9590.   6.8  19.0   1.450   2.9   0.1
   1 2007 243  7344.  14.7  19.3   1.680   3.1   1.1
   1 2007 244  9418.  11.6  20.2   1.660   2.0   1.2
   1 2007 245 11232.  13.6  21.1   1.680   3.7   3.3
   1 2007 246 16416.   6.8  18.1   1.340   1.9  16.9
   1 2007 247 17366.   6.3  16.7   1.040   2.0   0.3
   1 2007 248  5184.   5.8  14.3   1.325   1.3   0.9
   1 2007 249 10195.  13.2  20.7   1.694   1.7   0.0
   1 2007 250  9158.  10.8  20.0   1.585   1.4   0.5
   1 2007 251  6826.  11.2  18.9   1.653   1.8   0.0
   1 2007 252  8640.  10.4  18.5   1.390   1.5   0.0
   1 2007 253  6307.  11.6  17.0   1.471   3.5   5.2
   1 2007 254 11923.   9.1  17.9   1.400   1.9   0.0
   1 2007 255  9590.   7.3  18.1   1.360   0.8   0.0
   1 2007 256  8467.   6.3  18.0   1.240   1.0   0.0
   1 2007 257 10454.   4.7  19.7   1.320   2.2   0.0
   1 2007 258 16416.   5.5  18.1   1.120   1.1   0.0
   1 2007 259 13910.   9.3  21.2   1.430   2.9   0.0
   1 2007 260  2678.  11.1  15.7   1.550   2.0   5.6
   1 2007 261 11491.   6.9  14.8   1.100   2.1   5.2
   1 2007 262 11491.   5.7  16.1   1.100   3.6   0.1
   1 2007 263  5616.  12.1  17.3   1.460   4.3   1.7
   1 2007 264  7862.  11.2  20.4   1.480   2.8   0.0
   1 2007 265  7430.   8.2  19.9   1.510   1.0   0.0
   1 2007 266 12787.   7.4  22.5   1.580   1.5   0.0
   1 2007 267  5875.  10.5  19.0   1.510   3.3   2.6
   1 2007 268  9331.   8.5  16.4   1.230   2.8   2.5
   1 2007 269  8899.   5.0  14.1   1.150   1.4   0.4
   1 2007 270  9418.   4.9  16.5   1.160   2.4   3.4
   1 2007 271  6739.  11.5  16.9   1.460   2.0   6.4
   1 2007 272  2074.  11.6  13.6   1.420   2.8   3.0
   1 2007 273  4925.   7.0  15.8   1.330   2.2   0.2
   1 2007 274  2506.   5.5  12.7   1.240   1.8   1.6
   1 2007 275  3110.  11.2  13.7   1.380   1.9   0.0
   1 2007 276  1555.  12.1  15.9   1.580   1.6   7.8
   1 2007 277  6048.   6.4  17.3   1.460   1.7   0.0
   1 2007 278  9158.   3.4  17.5   1.180   0.8   0.0
   1 2007 279 12960.   3.6  17.3   1.130   2.0   0.0
   1 2007 280 12010.   2.6  19.3   1.050   0.8   0.0
   1 2007 281  7344.   3.9  16.4   1.180   0.7   0.0
   1 2007 282  3024.   9.6  14.0   1.330   1.5   0.0
   1 2007 283  6998.   9.1  17.2   1.310   1.4   0.0
   1 2007 284  8986.   4.8  15.3   1.190   1.1   0.0
   1 2007 285  5962.  10.0  18.2   1.420   1.8   0.0
   1 2007 286  9850.   4.1  16.5   1.160   1.1   0.0
   1 2007 287 11146.   7.0  17.6   1.080   2.0   0.0
   1 2007 288  9072.   7.2  18.7   1.300   2.2   0.0
   1 2007 289  7776.  10.6  16.8   1.360   2.6   0.0
   1 2007 290  2160.   6.5  14.1   1.300   2.7   2.8
   1 2007 291  7603.   4.7  12.8   0.970   1.8   0.6
   1 2007 292  5875.   3.7  12.1   0.930   1.0   0.0
   1 2007 293  9504.  -1.6  12.9   0.690   0.6   0.0
   1 2007 294  3283.   5.0  12.7   1.040   1.3   0.4
   1 2007 295  9504.   1.9   9.8   0.780   2.5   0.0
   1 2007 296  9504.  -0.9   9.3   0.680   2.5   0.0
   1 2007 297  3629.   3.0  10.6   0.910   3.1   0.0
   1 2007 298  1987.   6.9   9.9   1.000   2.7   0.0
   1 2007 299  2938.   7.4  10.4   0.960   1.8   0.0
   1 2007 300  1901.   7.3  10.0   1.030   1.8   0.0
   1 2007 301  4234.   8.2  11.8   1.070   4.0   2.5
   1 2007 302   864.   8.0  10.0   1.140   1.9   6.4
   1 2007 303  5962.   2.2  12.6   0.960   1.1   0.0
   1 2007 304  4234.   3.1  12.8   1.050   1.9   0.0
   1 2007 305  1642.  10.7  13.9   1.350   2.3   0.0
   1 2007 306  1469.  11.7  14.8   1.490   1.8   2.0
   1 2007 307  1728.   7.0  13.6   1.360   1.6   0.1
   1 2007 308  2506.   6.2  11.9   1.100   0.7   0.0
   1 2007 309  1728.   7.5  11.6   1.120   2.7   3.9
   1 2007 310  5270.   4.6  10.8   0.930   3.1   0.1
   1 2007 311  1123.   7.3  12.3   1.140   4.4   1.1
   1 2007 312  2506.   5.7  12.0   1.110   3.8  10.1
   1 2007 313  4925.   3.0   8.0   0.800   4.2   5.1
   1 2007 314  3974.   5.2  10.4   1.020   3.5  34.2
   1 2007 315  3370.   2.9  11.1   0.990   4.7  10.2
   1 2007 316  4666.   2.3   9.9   0.760   2.8   0.1
   1 2007 317   950.   2.4   5.4   0.800   2.9   3.1
   1 2007 318  4493.  -0.5   5.8   0.680   1.3   0.0
   1 2007 319  5616.  -3.6   5.9   0.600   1.0   0.0
   1 2007 320  2765.  -1.2   6.3   0.750   1.3   0.0
   1 2007 321  4493.   0.5   8.8   0.720   1.5   0.0
   1 2007 322  4493.  -0.7   7.2   0.710   3.1   0.0
   1 2007 323  1728.   2.3   5.6   0.750   3.5   0.0
   1 2007 324  2851.   4.4  10.5   0.870   3.6   1.0
   1 2007 325   691.   5.8  11.2   1.000   2.9   0.2
   1 2007 326  4579.   4.6  12.8   1.000   2.3   0.0
   1 2007 327  1814.   0.8   7.6   0.820   1.7   1.2
   1 2007 328  2938.  -1.9   7.6   0.740   2.7   0.8
   1 2007 329  2592.   2.9   8.6   0.880   3.8   6.2
   1 2007 330  2678.   1.8   7.4   0.730   2.2   0.3
   1 2007 331  2678.   1.4   7.1   0.800   1.2   0.0
   1 2007 332  1037.   4.2   6.8   0.810   3.2   0.1
   1 2007 333   518.   3.1   7.2   0.880   4.1   3.2
   1 2007 334   605.   2.6   9.1   0.970   4.2   7.7
   1 2007 335  4061.   7.0  10.3   1.010   6.4   6.5
   1 2007 336   432.   6.4  11.4   1.060   6.9  17.1
   1 2007 337  2419.   3.5   8.4   0.900   4.7   5.4
   1 2007 338  1469.   2.7  10.5   0.950   3.2   0.5
   1 2007 339   950.   9.9  12.7   1.250   5.8   1.3
   1 2007 340   518.   7.5  12.9   1.204   5.3  17.9
   1 2007 341  1987.   6.5  14.0   1.080   7.5  10.3
   1 2007 342  2074.   3.7   7.7   0.883   5.1  11.5
   1 2007 343  3283.   6.4   9.1   0.975   4.5   6.0
   1 2007 344  1814.   3.2   7.8   0.914   2.2   0.8
   1 2007 345  2678.  -0.2   6.9   0.779   2.0   0.1
   1 2007 346   864.  -0.7   4.8   0.740   0.7   0.1
   1 2007 347  1123.  -3.7   3.4   0.640   1.0   0.0
   1 2007 348  1728.  -4.8   2.3   0.590   1.3   0.0
   1 2007 349  2592.  -1.0   4.4   0.610   2.3   0.0
   1 2007 350  3542.  -3.1   3.0   0.510   2.2   0.0
   1 2007 351  1382.  -2.1   1.2   0.540   3.5   0.0
   1 2007 352  2419.  -2.9   0.8   0.540   2.6   0.0
   1 2007 353  3197.  -4.1   0.6   0.490   1.6   0.0
   1 2007 354   950.  -4.6  -3.0   0.460   1.9   0.0
   1 2007 355   950.  -5.2  -3.3   0.440   1.5   0.0
   1 2007 356  3370.  -7.1   0.8   0.490   1.6   0.0
   1 2007 357  2246.  -2.0   5.8   0.690   1.0   0.0
   1 2007 358  1382.  -0.3   3.3   0.670   2.7   0.0
   1 2007 359  1987.   1.0   4.8   0.710   3.9   0.1
   1 2007 360   950.   2.9   4.9   0.800   2.5   0.7
   1 2007 361   778.   2.6   7.3   0.840   4.0   0.0
   1 2007 362  2938.   4.7   8.5   0.940   4.8   0.0
   1 2007 363  2419.   3.4   8.7   0.870   5.4   2.0
   1 2007 364  1642.   1.1   7.9   0.850   3.2   1.5
   1 2007 365  1469.  -0.8   6.0   0.780   0.8   0.0
