*---------------------------------------------------------*
*   Country: Netherlands
*   Station: Wageningen
*      Year: 2008
*    Source: Meteorology and Air Quality Group,
*            Wageningen University
*            www.met.wau.nl/haarwegdata/dayfiles/2008/
*    Author: Peter Uithol
* Longitude: 05 40 E
*  Latitude: 51 58 N
* Elevation: 7 m.
*  Comments: Location Haarweg.
*
*  Columns:
*  ========
*  station number
*  year
*  day
*  irradiation (kJ m-2 d-1)
*  minimum temperature (degrees Celsius)
*  maximum temperature (degrees Celsius)
*  vapour pressure (kPa)
*  mean wind speed (m s-1)
*  precipitation (mm d-1)
** WCCDESCRIPTION=Netherlands, Wageningen
** WCCFORMAT=2
** WCCYEARNR=2008
*---------------------------------------------------------*
   5.67  51.97     7.  -0.18 -0.55
   1 2008   1  1123.  -0.7   3.7   0.640   2.4   0.0
   1 2008   2  3715.  -2.1   2.0   0.560   3.8   0.0
   1 2008   3  1814.  -0.6   1.6   0.550   4.9   0.2
   1 2008   4  1469.   1.1   5.6   0.670   4.8   0.8
   1 2008   5  1555.   4.4   8.6   0.930   4.5   8.6
   1 2008   6  3629.   1.7   7.2   0.780   2.4   0.2
   1 2008   7  2246.   3.8   8.6   0.870   6.4   3.2
   1 2008   8  1469.   3.3   7.4   0.870   4.3   0.0
   1 2008   9  1901.   3.2   8.6   0.880   4.7   0.1
   1 2008  10  2506.   4.2  10.4   0.950   5.4   0.4
   1 2008  11   950.   8.7  11.8   1.130   4.5   7.2
   1 2008  12  1814.   3.1   8.8   0.860   4.5   1.8
   1 2008  13  2246.   2.6   8.9   0.790   4.2   0.0
   1 2008  14  3110.   2.4   9.1   0.880   5.1   0.1
   1 2008  15   691.   7.3   9.5   1.020   7.1   5.1
   1 2008  16  3110.   3.3   9.5   0.940   4.0   0.0
   1 2008  17  1210.   2.4   9.5   0.920   4.4   3.6
   1 2008  18  1037.   7.5  12.4   1.130   5.9   8.4
   1 2008  19   346.   9.5  12.9   1.303   5.9  20.1
   1 2008  20   346.  10.3  12.5   1.324   7.2   3.8
   1 2008  21   864.   8.5  10.9   1.164   7.5  13.4
   1 2008  22  4925.   1.0   9.3   0.770   2.4   3.5
   1 2008  23   778.   1.8   9.2   0.900   3.7   1.2
   1 2008  24   518.   1.8  10.0   1.010   4.1   2.3
   1 2008  25  3802.   2.1   9.2   0.860   5.2   0.0
   1 2008  26  4493.   6.2  10.5   0.990   6.0   0.0
   1 2008  27  2592.   7.1   9.6   1.030   4.6   0.4
   1 2008  28  1382.   6.8   8.8   1.000   1.9   0.0
   1 2008  29   950.   5.0   7.1   0.870   2.6   0.0
   1 2008  30  1555.   0.7   6.2   0.790   2.5   3.4
   1 2008  31  1901.   1.0   7.1   0.750   7.3   2.9
   1 2008  32  2765.   2.7   6.9   0.760   7.0   0.5
   1 2008  33  5098.   0.4   5.6   0.630   4.3   6.4
   1 2008  34  5530.   0.6   5.0   0.560   4.7   0.0
   1 2008  35  1555.   3.0   7.8   0.780   4.2   0.2
   1 2008  36  1123.   3.4  11.0   0.990   5.8   5.0
   1 2008  37  2333.   1.5  10.4   0.960   4.6   1.9
   1 2008  38  4493.   0.4   8.0   0.740   1.9   0.1
   1 2008  39  7344.   2.9  11.5   0.670   2.1   0.0
   1 2008  40  7603.   2.3  12.7   0.600   2.2   0.0
   1 2008  41  7171.   0.1  12.5   0.620   1.5   0.0
   1 2008  42  7517.  -1.6  13.6   0.680   1.2   0.0
   1 2008  43  7776.  -2.1  13.6   0.680   1.2   0.0
   1 2008  44  2419.  -0.3   4.4   0.700   1.6   0.0
   1 2008  45  1642.   0.4   5.1   0.750   1.9   0.0
   1 2008  46  8899.  -1.3   5.0   0.510   3.4   0.0
   1 2008  47  9072.  -3.2   3.6   0.410   2.7   0.0
   1 2008  48  9158.  -4.4   7.6   0.440   1.4   0.0
   1 2008  49  6134.  -5.8   5.1   0.580   0.7   0.0
   1 2008  50  4061.  -2.7   5.0   0.670   1.4   0.0
   1 2008  51  6826.  -1.6   7.2   0.680   1.6   0.0
   1 2008  52  2160.   1.1   9.9   0.960   4.2   0.3
   1 2008  53  1901.   8.7  11.0   1.150   6.9   0.4
   1 2008  54  4493.   4.3  11.4   1.020   3.3   0.0
   1 2008  55  3110.   8.2  10.8   1.000   2.8   2.5
   1 2008  56  9936.   2.3  10.6   0.900   2.6   2.2
   1 2008  57  2074.   6.2  12.0   1.110   5.4   5.9
   1 2008  58  9245.   2.9  10.3   0.820   4.0   0.0
   1 2008  59  6826.   1.5  11.2   0.840   1.5   0.0
   1 2008  60  5098.   1.5   9.7   0.940   4.3  10.6
   1 2008  61  5530.   7.5  10.8   0.880   8.6   4.6
   1 2008  62  8122.   4.9  11.5   0.920   6.4   1.5
   1 2008  63  8899.   1.5   8.0   0.710   4.8   0.0
   1 2008  64  9763.  -2.6   7.9   0.650   2.6   1.4
   1 2008  65 11405.  -2.9   7.6   0.570   2.4   0.3
   1 2008  66  2333.   4.1   8.2   0.940   4.4   0.8
   1 2008  67  3283.   3.3  10.2   0.940   2.9   1.0
   1 2008  68  9072.   1.0  10.5   0.760   4.0   0.1
   1 2008  69  2246.   5.8   9.2   0.980   4.7   3.6
   1 2008  70  3542.   4.2   8.5   0.810   6.8   2.5
   1 2008  71  3542.   4.8  11.1   0.950   6.9   8.6
   1 2008  72  2333.   4.0   9.3   0.800   8.3   4.2
   1 2008  73  9763.   5.0  10.3   0.850   5.5   0.0
   1 2008  74 12442.   2.2  10.9   0.840   3.1   0.7
   1 2008  75  6998.   1.8  13.1   0.990   2.3   0.0
   1 2008  76  2851.   5.3  10.5   1.060   3.1  14.7
   1 2008  77  6221.  -0.3   8.2   0.720   2.7   0.0
   1 2008  78 12442.  -0.6   8.3   0.670   2.5   0.6
   1 2008  79 12442.   0.3   8.2   0.710   2.8   1.0
   1 2008  80  6134.   0.4   8.5   0.800   5.0  19.7
   1 2008  81  6653.   0.5   6.7   0.750   3.8  11.2
   1 2008  82  7171.  -2.7   6.3   0.640   2.6   0.5
   1 2008  83 14256.  -4.8   6.1   0.540   1.7   0.3
   1 2008  84 11578.  -1.0   5.1   0.630   2.7   2.1
   1 2008  85 11578.  -2.0   5.1   0.630   4.2   3.0
   1 2008  86  6048.   0.8   5.7   0.730   1.8   0.3
   1 2008  87  8726.  -1.5   9.4   0.820   2.2   0.1
   1 2008  88  7949.   3.6  10.6   0.900   4.5   4.7
   1 2008  89 12442.   6.1  12.6   0.850   5.8   1.0
   1 2008  90  4061.   8.6  12.7   0.970   3.9   7.7
   1 2008  91 12355.   3.0  13.9   0.990   2.0   0.1
   1 2008  92  7171.   4.7  12.0   1.050   3.6   3.0
   1 2008  93  7258.   3.4  11.1   0.950   3.6   0.2
   1 2008  94  8035.   5.0  10.2   0.950   3.1   0.5
   1 2008  95  4925.   4.7  11.3   1.040   2.0   0.0
   1 2008  96  3024.   1.3   8.8   0.960   1.9  13.5
   1 2008  97 15638.  -1.7   8.2   0.590   2.0   5.0
   1 2008  98 17626.  -3.5   9.6   0.590   1.6   0.0
   1 2008  99 18835.  -0.6  10.5   0.600   1.7   0.0
   1 2008 100 16502.  -1.8  12.0   0.560   1.1   0.0
   1 2008 101 16848.  -2.7  13.4   0.640   1.5   0.0
   1 2008 102 15120.   0.6  12.5   0.780   2.0   0.0
   1 2008 103 12096.   4.0  13.2   0.870   3.4   0.4
   1 2008 104 15034.   4.1  12.7   0.940   2.3   0.5
   1 2008 105 12182.   2.1  11.4   0.850   1.8   0.0
   1 2008 106 12182.  -2.1  10.5   0.720   1.7   0.5
   1 2008 107 11923.  -3.7   9.6   0.620   1.5   0.0
   1 2008 108 19267.  -2.9  11.6   0.590   2.7   0.0
   1 2008 109 18749.   4.6  12.6   0.790   4.9   0.0
   1 2008 110 16330.   5.2  13.3   0.900   4.6   0.5
   1 2008 111 19699.   8.4  16.6   1.000   4.1   0.0
   1 2008 112 20995.   6.5  18.1   0.910   4.2   0.0
   1 2008 113 19354.   7.2  17.5   0.890   3.4   0.0
   1 2008 114 17107.  10.1  19.9   1.090   2.8   5.7
   1 2008 115 13219.   7.6  17.6   1.200   2.9   1.0
   1 2008 116 19354.   6.2  15.8   1.100   2.8   0.0
   1 2008 117 18058.   8.5  20.0   1.130   2.2   0.0
   1 2008 118 19267.  10.6  22.2   1.020   3.4   0.0
   1 2008 119  5011.   9.4  16.1   1.240   2.1   4.5
   1 2008 120 12442.   8.8  15.3   1.110   3.4   4.2
   1 2008 121 12182.   8.0  16.3   1.050   4.8   0.2
   1 2008 122 17107.   6.5  14.5   1.050   3.2   0.2
   1 2008 123 18576.   4.8  16.6   0.980   1.5   0.0
   1 2008 124 23760.   1.9  19.6   0.840   2.1   0.0
   1 2008 125 25142.  11.1  21.3   0.810   3.3   0.0
   1 2008 126 25920.   6.2  21.6   0.830   3.1   0.0
   1 2008 127 26093.   7.2  24.0   1.120   2.9   0.0
   1 2008 128 25056.  10.6  24.4   1.070   2.4   0.0
   1 2008 129 25834.  11.5  24.8   1.040   2.7   0.0
   1 2008 130 25574.  12.5  26.3   1.060   3.0   0.0
   1 2008 131 25834.  12.2  26.9   1.110   2.7   0.0
   1 2008 132 26438.   9.9  26.2   0.970   3.1   0.0
   1 2008 133 25834.   6.8  26.3   0.940   2.5   0.0
   1 2008 134 22896.  10.6  26.9   1.170   2.4   0.0
   1 2008 135 16762.  12.1  26.9   1.390   2.2   4.0
   1 2008 136 17021.  13.4  23.0   1.560   1.4   1.0
   1 2008 137  6826.  11.5  16.5   1.510   1.3  13.8
   1 2008 138  3456.   9.4  12.3   1.270   1.8   7.4
   1 2008 139 22810.   6.8  15.4   0.900   2.0   0.0
   1 2008 140 15293.   1.2  14.9   0.780   1.5   0.0
   1 2008 141 27389.   3.2  17.2   0.770   2.5   0.0
   1 2008 142 28339.   7.2  19.5   0.890   2.5   0.0
   1 2008 143 20131.   9.2  21.0   1.040   1.7   0.0
   1 2008 144 23933.  12.1  22.6   0.950   2.6   0.0
   1 2008 145 25142.   8.4  23.2   1.090   3.8   0.0
   1 2008 146 10886.  12.2  18.6   1.480   3.0   2.6
   1 2008 147  8294.  12.7  16.7   1.500   3.9   0.8
   1 2008 148 13738.  12.6  22.6   1.758   3.7   0.2
   1 2008 149 13046.  11.6  24.6   1.754   3.1   0.1
   1 2008 150  9158.  11.2  22.1   1.787   1.3   5.8
   1 2008 151 12096.  12.6  20.1   1.810   2.0   0.5
   1 2008 152 15725.  11.6  19.6   1.616   1.7  17.9
   1 2008 153 15811.  13.1  24.5   1.773   1.3   0.0
   1 2008 154 24019.  14.2  30.2   1.849   2.2  17.8
   1 2008 155 16502.  14.4  23.7   2.030   2.2  11.9
   1 2008 156 13824.  12.5  21.4   1.837   1.3   0.0
   1 2008 157 10368.  14.7  21.2   1.840   1.7   0.5
   1 2008 158 26784.  14.2  25.8   1.460   2.0   0.0
   1 2008 159 18922.  13.3  22.2   1.760   1.9   0.0
   1 2008 160 20218.  13.4  25.9   1.890   1.3  13.5
   1 2008 161 26698.  10.6  26.4   1.510   1.3   0.0
   1 2008 162 23414.  10.0  23.5   1.540   2.1   0.0
   1 2008 163 14515.   8.2  18.3   1.210   2.2   0.0
   1 2008 164  7517.   7.3  14.3   1.260   1.3   5.1
   1 2008 165 13306.   6.6  15.7   1.120   2.0   0.2
   1 2008 166 11837.   7.7  15.7   1.250   1.1   6.3
   1 2008 167 18490.   6.4  17.2   1.210   1.8   4.7
   1 2008 168 21773.   3.9  17.4   1.010   1.3   0.0
   1 2008 169 27734.   3.7  20.8   1.000   1.1   0.0
   1 2008 170 23674.   9.1  20.7   1.240   2.4   0.0
   1 2008 171 12614.  12.0  20.2   1.440   3.7   0.6
   1 2008 172 20045.  11.0  20.3   1.280   3.4   0.0
   1 2008 173 22378.  12.9  22.4   1.530   2.1   0.0
   1 2008 174 20822.  13.7  27.1   1.850   4.4   4.6
   1 2008 175 24106.   9.8  19.1   1.260   3.6   0.0
   1 2008 176 28253.   5.9  22.1   1.070   2.3   0.0
   1 2008 177 17971.  13.5  24.0   1.410   3.4   0.0
   1 2008 178 24538.  11.9  21.9   1.390   3.0   0.0
   1 2008 179 22810.  12.5  20.6   1.400   5.0   2.6
   1 2008 180 14602.  14.1  22.7   1.770   4.2   2.7
   1 2008 181 19872.  13.3  21.3   1.560   3.2   0.0
   1 2008 182 20563.  11.5  22.8   1.490   1.6   0.0
   1 2008 183 28944.   8.8  27.4   1.310   1.4   0.0
   1 2008 184 20909.  16.0  31.5   2.020   2.5   6.8
   1 2008 185  6134.  14.5  20.7   1.960   2.0   2.9
   1 2008 186 18230.  10.1  21.5   1.460   2.2   0.1
   1 2008 187 20477.   7.2  24.0   1.500   2.2   0.0
   1 2008 188 21427.  14.2  21.8   1.500   3.4   0.2
   1 2008 189 11837.  13.7  18.2   1.560   4.7   9.3
   1 2008 190 15120.  11.4  19.4   1.530   5.0   7.4
   1 2008 191 13824.  11.0  18.8   1.580   3.5  10.7
   1 2008 192  5530.  14.7  20.1   1.910   3.1  19.0
   1 2008 193 12355.  13.4  19.6   1.740   2.8   9.6
   1 2008 194 16762.  10.3  18.4   1.430   3.9   2.9
   1 2008 195 19354.   9.3  19.9   1.390   2.0   0.0
   1 2008 196 22982.   8.7  22.2   1.400   2.4   0.0
   1 2008 197  9936.  13.8  19.1   1.800   3.3   0.0
   1 2008 198 17453.  12.9  20.1   1.550   2.9   0.3
   1 2008 199  6394.  13.0  16.8   1.580   2.2   9.9
   1 2008 200  8467.  12.9  19.4   1.690   3.2   2.1
   1 2008 201 10368.  12.6  19.8   1.750   4.4   5.3
   1 2008 202 16416.  10.5  17.7   1.380   2.4   2.7
   1 2008 203  7430.  11.4  16.7   1.470   4.4   5.9
   1 2008 204 20390.  12.6  21.1   1.540   2.1   0.2
   1 2008 205 11232.  11.7  21.0   1.830   1.0   0.0
   1 2008 206 27216.  10.0  25.9   1.490   2.7   0.0
   1 2008 207 22464.  17.8  28.0   1.850   2.6   0.0
   1 2008 208 15638.  17.1  29.6   2.272   1.6  18.8
   1 2008 209 22550.  16.0  28.8   2.329   1.1   0.1
   1 2008 210 20131.  20.2  29.9   2.618   1.5   0.0
   1 2008 211 14947.  15.9  25.2   2.250   2.0   0.8
   1 2008 212 23069.  14.5  27.3   1.907   2.4   0.0
   1 2008 213 23242.  18.0  30.2   2.161   2.1   0.0
   1 2008 214 18403.  15.1  24.4   1.897   3.0   2.7
   1 2008 215 17280.  13.6  24.0   1.744   2.9   0.7
   1 2008 216 10541.  16.6  22.0   2.010   3.5   3.9
   1 2008 217 21859.  15.2  21.1   1.687   4.6   0.5
   1 2008 218 15811.  14.6  23.2   1.850   2.5   0.0
   1 2008 219 21082.  17.0  27.7   2.180   1.7   0.2
   1 2008 220  8986.  15.7  23.0   2.211   2.4  21.3
   1 2008 221 11664.  11.5  20.5   1.790   2.8  13.9
   1 2008 222 19872.  10.6  21.6   1.560   3.0   1.4
   1 2008 223 11318.  14.3  22.1   1.750   4.2   1.3
   1 2008 224 14342.  13.0  21.2   1.670   2.8   0.0
   1 2008 225 13133.  13.2  22.5   1.650   3.7   3.7
   1 2008 226 17194.  13.2  20.2   1.560   6.5   1.0
   1 2008 227 16502.   8.0  19.8   1.490   3.2   0.2
   1 2008 228 20218.   7.1  21.3   1.280   1.3   0.1
   1 2008 229 20390.   6.0  22.8   1.200   1.4   0.0
   1 2008 230 11146.  14.1  22.7   1.540   2.4   9.6
   1 2008 231  6307.  13.9  19.7   1.800   2.3  12.4
   1 2008 232 11750.  14.5  21.2   1.750   3.9   2.2
   1 2008 233  7690.  13.7  19.5   1.770   4.0   6.6
   1 2008 234 11146.  13.7  20.3   1.750   3.0   0.0
   1 2008 235  6307.  10.2  19.0   1.650   1.5   3.2
   1 2008 236 14947.   9.5  19.0   1.450   2.0   2.9
   1 2008 237 12269.  10.6  19.5   1.480   2.5   1.0
   1 2008 238 13478.  14.1  21.5   1.730   3.2   0.0
   1 2008 239  6048.  16.0  20.0   1.870   3.0   0.0
   1 2008 240  3024.  15.5  17.5   1.810   2.7   0.0
   1 2008 241  3888.  15.9  19.5   1.890   2.0   0.0
   1 2008 242 13651.  12.3  23.6   1.900   1.9   0.0
   1 2008 243 20131.   9.7  24.8   1.650   2.4   0.0
   1 2008 244 17712.  15.6  27.4   2.010   2.5   0.1
   1 2008 245 11664.  13.4  20.2   1.610   3.5   0.0
   1 2008 246  5789.  11.5  20.6   1.630   3.9   8.6
   1 2008 247  8467.  11.1  17.1   1.470   3.9  12.7
   1 2008 248 15206.  12.0  18.8   1.350   4.5   0.0
   1 2008 249  6134.  12.5  19.7   1.740   3.3   3.7
   1 2008 250 11146.  14.8  20.3   1.610   4.2   0.0
   1 2008 251  5875.  14.2  16.8   1.640   4.5   2.4
   1 2008 252  7603.  11.6  19.0   1.590   3.0   0.1
   1 2008 253 17366.  11.0  23.8   1.600   2.2   1.4
   1 2008 254 13046.  14.9  23.2   1.870   2.1   0.0
   1 2008 255 15638.  15.5  27.0   1.980   2.4   2.9
   1 2008 256  4320.  14.3  21.1   1.837   2.0  39.9
   1 2008 257  6739.   8.7  16.2   1.364   2.0   1.9
   1 2008 258 15206.   6.7  17.0   1.086   2.7   0.0
   1 2008 259 15811.   7.8  16.2   1.110   2.5   0.0
   1 2008 260  8467.   7.5  17.1   1.210   1.5   0.0
   1 2008 261  7344.   5.1  15.7   1.210   1.2   0.0
   1 2008 262 15638.   3.2  16.5   0.850   1.6   0.0
   1 2008 263 13392.   2.5  17.0   0.890   1.3   0.0
   1 2008 264 15552.   2.4  17.5   0.960   1.3   0.0
   1 2008 265  8554.   3.6  17.7   1.230   0.9   0.0
   1 2008 266 10541.   8.2  17.4   1.200   1.4   0.0
   1 2008 267  3456.  11.3  15.0   1.420   1.2   2.6
   1 2008 268  5443.   8.3  16.5   1.400   2.2   0.0
   1 2008 269 14083.   5.4  17.9   1.180   2.2   0.0
   1 2008 270 13651.   3.4  18.4   1.030   1.5   0.0
   1 2008 271 13997.   2.5  20.9   1.000   0.6   0.0
   1 2008 272 11059.   3.1  18.4   1.180   1.1   0.0
   1 2008 273  6912.   7.8  14.8   1.260   2.1   3.7
   1 2008 274  3629.  10.4  14.1   1.360   5.1  19.5
   1 2008 275  5789.   8.5  14.9   1.320   5.7   9.7
   1 2008 276  7258.   6.5  12.6   1.090   4.4   7.8
   1 2008 277  8381.   4.8  12.2   0.990   2.3   1.1
   1 2008 278  6998.   4.5  11.3   0.930   4.1   0.2
   1 2008 279  1469.   9.1  12.2   1.290   5.1  15.8
   1 2008 280  3715.   9.9  14.2   1.330   1.0   0.0
   1 2008 281  5270.  10.6  16.9   1.590   2.5   1.6
   1 2008 282  5962.   6.0  16.1   1.410   1.8   2.2
   1 2008 283  9504.   3.0  17.1   1.070   0.6   0.0
   1 2008 284  9936.   5.5  16.3   1.150   1.5   0.0
   1 2008 285 10109.   8.5  18.8   1.420   1.4   0.0
   1 2008 286  6394.  10.8  16.5   1.450   1.7   0.0
   1 2008 287  8726.  10.2  21.5   1.660   2.4   0.0
   1 2008 288  9072.  12.6  17.5   1.510   1.9   0.0
   1 2008 289  2506.  11.3  15.8   1.530   3.7   2.4
   1 2008 290  5184.   6.6  14.1   1.160   3.4   0.8
   1 2008 291  8122.   5.4  13.9   1.060   2.1   0.9
   1 2008 292  6998.   4.4  13.9   1.070   2.5   0.0
   1 2008 293  5530.   7.5  14.3   1.190   2.5   0.0
   1 2008 294  9418.   6.8  18.2   1.250   3.7   0.0
   1 2008 295  4061.   6.2  15.7   1.190   3.1   5.9
   1 2008 296  6048.   5.4  13.0   1.000   1.7   0.0
   1 2008 297  8294.   4.6  13.8   1.030   3.0   0.0
   1 2008 298  1642.   5.4  10.7   1.100   2.8   4.7
   1 2008 299  8122.   2.4  13.6   1.010   2.3   0.0
   1 2008 300   950.   9.9  12.8   1.340   4.6   7.9
   1 2008 301  5702.   2.6  12.4   1.000   2.1   0.2
   1 2008 302  5443.  -0.7   9.0   0.800   1.8   0.6
   1 2008 303  6134.  -2.8   9.0   0.675   1.0   0.1
   1 2008 304  3974.  -2.9   6.2   0.724   1.6   0.1
   1 2008 305  3197.   2.9   7.4   0.847   1.9   0.0
   1 2008 306  1469.   5.1   8.1   0.960   3.0   4.5
   1 2008 307  4147.   5.2  12.8   1.120   2.0   0.0
   1 2008 308   950.   3.6   9.5   1.090   2.4   0.0
   1 2008 309  1987.   3.5   9.0   1.000   1.4   0.0
   1 2008 310   691.   7.5  10.3   1.160   2.2   0.3
   1 2008 311  3715.   8.1  13.5   1.230   1.8   0.0
   1 2008 312  3370.   4.8  12.9   1.120   2.5   0.3
   1 2008 313  6048.   6.0  12.7   1.060   3.3   0.0
   1 2008 314  3802.   8.4  11.2   1.080   5.0   4.0
   1 2008 315  1814.   9.8  15.4   1.370   6.4  13.7
   1 2008 316  3283.   6.8  11.3   1.100   4.9  16.4
   1 2008 317  4234.   6.1  11.3   1.030   4.0   0.3
   1 2008 318  4320.   4.9  11.7   0.980   1.9   0.1
   1 2008 319   605.   7.4  10.7   1.140   3.8   1.3
   1 2008 320   691.   9.9  11.8   1.280   3.8   1.4
   1 2008 321  1814.   2.4  10.8   1.000   2.1   0.0
   1 2008 322  3110.   1.5  10.3   0.780   1.4   0.0
   1 2008 323   691.   4.8   9.0   0.942   2.8   1.2
   1 2008 324  2246.   5.2  10.4   1.072   3.6   0.0
   1 2008 325  1901.   6.5  11.5   1.100   5.1   6.0
   1 2008 326  3110.   0.6   8.3   0.787   4.6  12.0
   1 2008 327  4147.  -0.1   4.5   0.632   3.2   8.1
   1 2008 328  1642.   0.0   1.6   0.637   3.7   3.6
   1 2008 329  2419.  -2.3   2.1   0.620   2.0   5.8
   1 2008 330  2851.  -2.4   6.5   0.670   0.9   1.1
   1 2008 331  1901.  -2.9   7.1   0.800   2.3   1.2
   1 2008 332   518.   4.3   6.6   0.900   4.5   0.0
   1 2008 333  1037.   2.2   4.3   0.750   3.1   0.0
   1 2008 334  2506.  -3.1   3.2   0.690   1.9   0.3
   1 2008 335   432.  -4.1   3.6   0.650   2.0   7.2
   1 2008 336  2765.   2.5   6.2   0.800   1.1   0.1
   1 2008 337  1469.   1.4   5.0   0.750   2.9   3.0
   1 2008 338  2246.   0.8   4.6   0.710   2.4   0.2
   1 2008 339   950.   0.6   5.3   0.720   4.0   4.8
   1 2008 340  1469.   3.7   6.8   0.890   2.1   0.8
   1 2008 341  2160.   2.8   8.6   0.860   1.3   0.1
   1 2008 342  3629.   0.4   8.2   0.770   1.3   0.0
   1 2008 343  2506.  -0.4   3.3   0.660   1.5   0.1
   1 2008 344   518.  -0.7   3.7   0.650   1.9   3.1
   1 2008 345  3629.  -1.6   5.1   0.700   1.6   0.5
   1 2008 346   518.   0.6   3.7   0.740   2.9   1.1
   1 2008 347  1469.  -0.9   2.8   0.660   3.4   0.0
   1 2008 348  3024.  -2.2   1.0   0.560   4.5   0.0
   1 2008 349  1987.  -0.4   4.9   0.660   3.2   0.0
   1 2008 350   432.  -0.2   4.0   0.730   2.3   0.0
   1 2008 351  1123.  -1.1   2.0   0.630   1.5   0.0
   1 2008 352   518.   0.5   4.3   0.710   1.7   0.4
   1 2008 353   691.   0.3   7.7   0.810   2.7   0.0
   1 2008 354  3456.   2.3   8.0   0.890   3.2   2.9
   1 2008 355   778.   4.6  10.0   1.050   4.5   1.9
   1 2008 356   691.   6.3   9.5   1.074   4.0   0.6
   1 2008 357  1987.   1.7  10.6   1.012   2.9   0.4
   1 2008 358  1382.   2.7   5.8   0.840   1.3   0.0
   1 2008 359   605.   2.5   7.4   0.930   1.8   0.0
   1 2008 360   950.   1.0   6.0   0.750   2.6   0.0
   1 2008 361  3715.  -2.6   1.4   0.520   3.4   0.0
   1 2008 362  3542.  -4.1   0.3   0.490   3.0   0.0
   1 2008 363  3024.  -4.2  -0.1   0.490   2.9   0.0
   1 2008 364  3542.  -5.4   0.3   0.450   2.5   0.0
   1 2008 365  3370.  -7.7   2.0   0.430   1.5   0.0
   1 2008 366  3110.  -9.4  -2.3   0.390   1.2   0.0
