*---------------------------------------------------------------------------*
* Station name: Wageningen (Haarweg), Netherlands
* Year: 1972
* Author: Peter Uithol                                     -99.000: NIL VALUE
* Source: Natuur- en Weerkunde via Nel van Keulen
* Comments: Humidity measured as dew point temperature at 14.00 h.,
*           Wind speed (height: 2 m).5 m height (?).
* Longitude: 5 40 E, latitude: 51 58 N, altitude: 7 m.
*
* Column  Daily value
* 1       station number
* 2       year
* 3       day
* 4       irradiation                   (kJ m-2 d-1)
* 5       minimum temperature           (degrees Celsius)
* 6       maximum temperature           (degrees Celsius)
* 7       early morning vapour pressure (kPa)
* 8       mean wind speed               (m s-1)
* 9       precipitation                 (mm d-1)
*
** WCCDESCRIPTION=Netherlands, Wageningen
** WCCFORMAT=2
** WCCYEARNR=1972
*---------------------------------------------------------------------------*
   5.67  51.97     7. -0.18 -0.55
   1 1972   1  2600.   1.0   4.1   0.585   3.6   0.0
   1 1972   2  1280.   0.5   3.6   0.602   3.2   0.0
   1 1972   3   430.  -0.8   1.7   0.602   1.2   0.0
   1 1972   4   360.   0.5   2.7   0.638   1.3   0.5
   1 1972   5   610.   1.1   3.8   0.706   2.2   0.1
   1 1972   6  2070.   0.6   3.9   0.629   1.2   0.0
   1 1972   7   930.  -0.8   1.9   0.602   1.9   0.0
   1 1972   8  1140.  -1.3   1.9   0.465   3.8   0.0
   1 1972   9  2780.  -1.1   5.2   0.629   3.2   0.0
   1 1972  10  2320.  -0.3   6.5   0.585   3.1   0.3
   1 1972  11   850.   0.3   8.1   0.885   4.3   3.4
   1 1972  12   530.   6.1   8.0   0.935   2.6   0.9
   1 1972  13  1500.   4.7   6.0   0.813   3.3   0.0
   1 1972  14  1570.   1.9   5.3   0.638   2.7   0.1
   1 1972  15  1030.  -0.5   2.6   0.585   4.1   0.0
   1 1972  16  3920.  -0.2   3.7   0.493   4.8   0.0
   1 1972  17  2560.  -6.8  -4.3   0.238   5.6   0.0
   1 1972  18  3670. -12.0   1.6   0.197   3.4   0.0
   1 1972  19   780. -11.6   5.7   0.572   3.9   1.8
   1 1972  20   360.   0.0   3.0   0.747   1.3  11.6
   1 1972  21  3100.   0.0   1.6   0.602   1.3   0.0
   1 1972  22  1780.  -4.3   0.4   0.437   1.7   0.4
   1 1972  23  2460.  -3.9   2.5   0.572   3.0   0.0
   1 1972  24  2890.  -0.6   3.3   0.479   4.3   4.6
   1 1972  25  4200.  -0.9   5.7   0.666   2.4   0.3
   1 1972  26  5090.  -2.2   3.3   0.451   5.4   6.9
   1 1972  27  1070.  -1.8   3.4   0.706   5.0   0.7
   1 1972  28  1070.  -0.6   0.0   0.493   5.0   0.0
   1 1972  29  3780.  -3.2  -2.2   0.290   4.7   0.0
   1 1972  30  4310.  -9.9  -5.7   0.290   1.2   0.0
   1 1972  31  4310. -11.7  -2.6   0.290   2.6   0.0
   1 1972  32  4380.  -8.8  -0.9   0.264   4.5   0.4
   1 1972  33  3170.  -6.0   8.0   0.681   4.1   1.0
   1 1972  34  4880.   2.2   8.4   0.652   4.4   2.7
   1 1972  35  3060.   2.2   8.0   0.706   3.6   0.0
   1 1972  36  5560.   1.1  10.1   0.585   3.4   0.0
   1 1972  37  3030.   1.3   9.8   0.629   4.3   3.9
   1 1972  38  2320.   1.7  10.8   0.975   1.8   5.7
   1 1972  39  3920.   4.6   9.0   0.866   2.1   0.0
   1 1972  40  3630.   2.3   8.3   0.721   1.7   0.0
   1 1972  41  4700.  -2.0   6.8   0.602   1.7   2.8
   1 1972  42  3630.   0.1   7.1   0.774   4.7   4.9
   1 1972  43  3130.   2.9   7.7   0.721   4.2   1.6
   1 1972  44  6200.   2.3   9.0   0.666   1.9   0.0
   1 1972  45  2740.  -0.9   7.7   0.721   2.5   0.0
   1 1972  46  4810.  -0.8   7.0   0.602   2.6   2.8
   1 1972  47  5700.   0.1   8.8   0.585   3.6   0.0
   1 1972  48  4740.   2.8   9.4   0.629   2.0   0.0
   1 1972  49  4420.   1.8   4.2   0.615   3.2   0.0
   1 1972  50  1530.   1.3   3.0   0.629   3.3   0.0
   1 1972  51   680.   1.1   3.0   0.652   1.9   0.2
   1 1972  52  1780.   1.3   5.4   0.731   2.0   1.5
   1 1972  53  6130.   3.0  11.3   0.758   1.1   0.1
   1 1972  54  8340.   1.9  10.1   0.638   2.7   0.0
   1 1972  55  5340.   0.7   8.9   0.666   3.3   0.0
   1 1972  56  6200.   2.6   8.9   0.681   1.6   0.0
   1 1972  57  3060.  -4.4   6.4   0.559   1.1   0.1
   1 1972  58  1850.  -0.8   3.0   0.681   1.5   0.0
   1 1972  59  5880.   1.4   7.3   0.638   1.1   0.0
   1 1972  60  6200.   2.5   9.5   0.700   1.0   0.0
   1 1972  61  6770.   1.5  10.6   0.615   3.4   0.0
   1 1972  62  4670.   2.7   9.2   0.629   2.4   0.0
   1 1972  63  7940.   3.1  11.7   0.602   4.3   5.0
   1 1972  64  6020.   4.5   8.4   0.866   3.4   0.2
   1 1972  65 10610.  -0.3   9.8   0.602   3.5   0.0
   1 1972  66  7090.   2.1   9.8   0.785   4.6   3.2
   1 1972  67 11330.   3.5  10.6   0.666   4.3   0.0
   1 1972  68 11830.   1.8  11.0   0.696   1.8   0.2
   1 1972  69 10080.  -4.5   8.9   0.547   1.3   0.1
   1 1972  70  4060.  -1.5   4.6   0.615   3.2   7.8
   1 1972  71  6200.  -0.1   2.1   0.602   5.5   0.0
   1 1972  72 15530.  -4.6   4.0   0.210   5.4   0.0
   1 1972  73 12320.  -3.0   7.4   0.399   3.6   0.0
   1 1972  74 11510.  -0.4  16.6   0.652   2.5   0.0
   1 1972  75 13140.   3.5  19.4   0.721   2.5   0.0
   1 1972  76 12720.   0.7  18.7   0.747   1.6   0.0
   1 1972  77 13250.   5.7  18.1   0.681   2.1   0.0
   1 1972  78 13680.   0.5  19.0   0.706   2.0   0.0
   1 1972  79 10330.   3.2  17.1   0.747   1.0   0.0
   1 1972  80 14180.  -3.5  18.9   0.802   0.8   0.0
   1 1972  81 12920.  -1.5  18.6   0.747   0.8   0.1
   1 1972  82 15090.  -0.7  15.9   0.638   1.4   0.0
   1 1972  83 11860.  -1.4  14.0   0.842   2.1   0.0
   1 1972  84 16630.  -3.5  11.8   0.706   1.9   0.0
   1 1972  85 16290.   0.2  17.3   0.666   3.3   0.2
   1 1972  86  4060.   5.1  12.8   1.002   3.7   2.5
   1 1972  87  5260.   4.6   9.0   0.731   6.3  16.2
   1 1972  88  7600.   2.6   7.6   0.681   6.0   3.9
   1 1972  89 12290.   1.7   9.0   0.706   4.9   0.2
   1 1972  90  7320.   3.8  11.5   0.842   4.5   0.5
   1 1972  91  2860.   6.7  11.5   0.975   4.7   5.5
   1 1972  92  3090.   8.4  11.1   1.073   2.2   6.1
   1 1972  93  2970.   8.4  12.6   1.110   5.4   4.8
   1 1972  94 11090.   9.1  12.8   1.030   5.5   0.0
   1 1972  95  5660.   4.1  13.8   0.866   3.9   9.5
   1 1972  96  7200.   7.8  10.7   0.975   5.8   3.6
   1 1972  97  9260.   5.7  12.2   0.885   5.8   1.1
   1 1972  98  8520.   6.5  15.2   1.133   5.7  11.3
   1 1972  99  9890.   5.5  11.8   0.785   6.2   9.9
   1 1972 100 15320.   3.7  13.1   0.854   3.2   3.2
   1 1972 101  5660.   6.3  10.4   0.897   4.8   1.9
   1 1972 102 14920.   3.3  11.2   0.758   3.3   0.0
   1 1972 103 16690.  -2.2  13.9   0.854   1.5   0.0
   1 1972 104  7150.  -0.7  11.1   0.885   1.1   0.0
   1 1972 105 18920.  -2.3  16.0   0.988   1.0   6.7
   1 1972 106  8170.   4.4   8.9   0.842   4.5  17.6
   1 1972 107  5370.   4.4   9.6   0.910   3.9   0.0
   1 1972 108 21660.   4.6  10.3   0.615   2.9   0.0
   1 1972 109  8520.   0.0  11.3   0.731   2.1   1.4
   1 1972 110 11320.   2.9   9.5   0.802   2.7   7.1
   1 1972 111 13200.   3.4  11.4   0.831   3.6   0.0
   1 1972 112 21440.   3.2  13.8   0.774   3.1   0.0
   1 1972 113 11660.   1.7  13.2   0.638   3.3   0.0
   1 1972 114 14520.  -0.2  10.7   0.758   3.1   0.0
   1 1972 115 21320.   3.7   9.0   0.731   3.5   0.0
   1 1972 116 24860.  -2.6   9.7   0.437   2.8   0.0
   1 1972 117  5660.  -1.1   9.8   0.813   2.9   0.5
   1 1972 118 14630.   3.5  10.4   0.721   3.8   0.8
   1 1972 119 13720.   0.0  10.7   0.696   2.5   0.5
   1 1972 120  6000.   5.0   9.9   0.731   6.1   4.5
   1 1972 121  5430.   6.9  14.5   1.110   3.1   0.0
   1 1972 122 22350.   4.3  20.7   1.110   1.8   4.4
   1 1972 123 22520.   9.4  21.0   1.204   1.5   0.0
   1 1972 124 13660.   7.2  20.7   1.376   2.0   1.6
   1 1972 125  6800.   8.9  16.5   0.935   2.1   0.2
   1 1972 126 10060.  10.6  15.7   1.125   2.9   0.7
   1 1972 127 21890.   7.8  18.7   1.110   2.2   0.0
   1 1972 128 20810.   5.0  18.5   1.204   1.1   0.0
   1 1972 129 22010.   7.2  20.6   1.367   2.0   0.1
   1 1972 130 11200.  11.2  16.1   1.287   2.1  10.9
   1 1972 131  5030.   6.8  11.8   1.180   1.8   9.6
   1 1972 132 19260.   7.0  16.3   1.044   1.8   1.4
   1 1972 133  4630.   8.8   9.5   1.030   1.7  13.1
   1 1972 134  6740.   6.7   9.7   0.961   1.8   3.6
   1 1972 135  8570.   5.5  11.7   0.897   2.0   2.5
   1 1972 136 12230.   3.7  12.4   0.961   2.0   6.1
   1 1972 137 17490.   4.1  13.7   0.922   3.5   5.4
   1 1972 138  5540.   3.9   8.1   0.802   2.7   1.9
   1 1972 139 11320.   5.4  13.1   0.842   3.3   3.1
   1 1972 140 23040.   2.6  18.2   1.030   1.2   0.0
   1 1972 141 24120.   6.1  19.4   0.885   1.2   0.0
   1 1972 142 18580.   8.3  17.6   0.988   2.1   0.0
   1 1972 143 24690.   8.4  21.9   1.262   1.9   0.0
   1 1972 144 21090.  13.2  23.1   1.287   2.6   2.0
   1 1972 145  6060.  11.6  14.6   1.188   3.6   1.7
   1 1972 146 20690.  10.2  16.5   1.080   4.7   1.1
   1 1972 147 21550.  11.6  16.9   1.073   7.1   3.8
   1 1972 148  9200.   8.5  12.1   1.030   6.0  15.6
   1 1972 149 11660.   8.6  13.6   0.922   5.0   5.5
   1 1972 150 10920.   9.9  15.2   1.080   4.3   0.0
   1 1972 151 17210.   8.3  14.8   1.002   5.0   2.8
   1 1972 152 13660.   9.4  14.8   1.148   4.2   1.7
   1 1972 153 10800.   7.9  14.3   1.148   2.0   0.8
   1 1972 154 22520.   2.5  17.4   1.220   1.3   0.0
   1 1972 155 12690.  10.0  18.0   1.287   1.9   0.0
   1 1972 156 13780.  11.2  22.2   1.180   2.4   0.0
   1 1972 157 13490.  15.4  21.8   1.518   2.7  14.9
   1 1972 158  5940.  10.3  15.0   1.164   1.7   1.1
   1 1972 159 19830.   7.6  19.8   1.270   2.8   1.0
   1 1972 160 14860.   9.9  15.5   1.080   2.9   1.9
   1 1972 161 15780.   6.7  17.0   1.058   2.7   8.4
   1 1972 162 20980.   9.6  16.0   0.975   2.7   1.1
   1 1972 163 23840.   7.6  17.7   1.058   2.5   0.0
   1 1972 164 14400.   7.3  18.2   1.133   0.9   5.2
   1 1972 165 26290.   3.5  19.6   1.044   1.1   0.0
   1 1972 166 18580.   8.1  18.6   1.180   2.4   0.0
   1 1972 167 22520.   7.4  17.8   0.961   2.4   0.2
   1 1972 168 10230.   8.6  16.1   1.188   1.3   0.0
   1 1972 169 25490.   3.9  19.6   1.148   1.6   0.0
   1 1972 170 13720.  10.5  20.9   1.125   3.4   3.2
   1 1972 171 14980.  11.6  16.5   1.030   3.6   3.4
   1 1972 172 20810.   8.2  17.4   1.080   2.6   0.0
   1 1972 173  9430.  10.9  17.6   1.058   3.7   0.8
   1 1972 174  4460.  12.2  13.1   1.349   3.8  27.6
   1 1972 175 19090.   7.7  15.4   0.988   4.5   0.0
   1 1972 176  7090.  11.1  14.8   1.322   2.3   0.0
   1 1972 177 16230.  13.1  20.4   1.270   2.1   0.0
   1 1972 178 24120.   8.0  25.9   1.652   1.4   0.0
   1 1972 179 18120.  13.9  24.5   1.796   1.8   5.9
   1 1972 180 21660.  14.1  19.0   1.499   2.4   0.0
   1 1972 181 14060.   7.1  18.0   1.287   1.3   0.0
   1 1972 182  5320.  10.9  13.8   1.133   1.3   8.6
   1 1972 183  4110.   9.5  14.4   1.245   2.0  14.2
   1 1972 184  9580.  10.7  16.8   1.313   3.5   4.5
   1 1972 185  9100.  12.2  17.7   1.469   2.3   0.7
   1 1972 186 13800.  13.4  21.7   1.489   2.4   0.0
   1 1972 187 24990.  14.3  26.7   1.729   2.7   0.4
   1 1972 188  8570.  16.1  21.0   1.820   2.0   0.7
   1 1972 189 17140.  11.5  20.1   1.367   2.4   0.6
   1 1972 190  4220.  12.6  17.6   1.489   2.3   4.9
   1 1972 191  6660.  12.9  18.9   1.774   1.6   6.5
   1 1972 192 20110.  11.1  18.1   1.245   2.1   0.0
   1 1972 193 21000.  10.0  19.9   1.349   1.9   0.0
   1 1972 194 26360.   6.0  20.4   1.270   1.1   0.0
   1 1972 195 28620.   5.8  21.5   1.367   1.5   0.0
   1 1972 196 23980.   7.1  21.5   1.220   1.5   0.0
   1 1972 197 28440.   8.0  22.8   1.349   2.3   0.0
   1 1972 198 24220.  15.9  25.5   1.367   3.3   0.0
   1 1972 199 17370.  16.5  26.4   1.964   2.9   0.0
   1 1972 200 23500.  17.5  30.4   2.227   2.6   0.0
   1 1972 201 21240.  17.7  32.0   2.370   1.2   0.0
   1 1972 202 22610.  17.0  32.4   2.385   1.0   0.0
   1 1972 203 20230.  18.0  31.1   2.145   1.4   0.0
   1 1972 204  7320.  18.1  22.4   2.283   1.7   2.9
   1 1972 205 13740.  17.1  23.1   1.855   1.5   3.7
   1 1972 206 12200.  16.5  23.3   2.027   2.2   0.7
   1 1972 207 10350.  12.3  18.8   1.569   2.1   0.0
   1 1972 208 10770.  11.3  17.6   1.376   2.5  12.2
   1 1972 209  3870.  12.1  16.2   1.499   2.8  44.7
   1 1972 210 12500.  13.5  19.8   1.610   1.7   5.0
   1 1972 211 15770.  14.1  19.6   1.663   1.9   0.0
   1 1972 212  9040.  12.9  19.0   1.706   1.3   0.0
   1 1972 213 17730.  12.6  18.7   1.349   1.6   0.3
   1 1972 214 14930.  13.5  20.1   1.620   2.1   1.7
   1 1972 215 10830.  13.0  19.5   1.528   1.4   1.0
   1 1972 216 11780.  12.8  18.7   1.569   2.9   0.5
   1 1972 217 14520.   8.9  19.6   1.376   2.9   0.5
   1 1972 218 10060.  12.9  19.4   1.610   2.7   0.0
   1 1972 219 20350.  11.7  24.7   1.569   2.4   0.0
   1 1972 220 16840.  15.6  27.5   1.855   1.8   4.2
   1 1972 221 10650.  16.4  24.1   1.989   2.9  18.1
   1 1972 222 18270.  11.9  20.4   1.367   2.2   0.0
   1 1972 223 16360.   9.2  22.1   1.528   0.7   0.7
   1 1972 224 19690.  14.5  19.8   1.751   1.9   0.0
   1 1972 225 20290.   4.0  23.0   1.340   2.0   2.1
   1 1972 226 11900.  15.6  21.9   1.915   1.8   0.0
   1 1972 227 13740.  13.3  20.9   1.538   1.6   1.8
   1 1972 228 11190.  14.7  20.0   1.460   2.0   0.0
   1 1972 229 18210.  10.5  18.4   1.349   1.4   0.0
   1 1972 230 10590.   8.8  19.4   1.469   3.0   7.1
   1 1972 231 15230.  11.3  16.7   1.220   3.1   8.7
   1 1972 232 17730.   8.3  17.3   1.204   2.8   4.3
   1 1972 233 19870.  10.9  19.3   1.262   1.7   0.4
   1 1972 234 14580.  13.6  17.4   1.394   2.7   0.2
   1 1972 235 13090.  10.3  17.2   1.322   2.6   0.5
   1 1972 236 13740.   6.0  17.4   1.262   0.9   0.0
   1 1972 237 11540.   8.1  19.7   1.367   1.4   0.0
   1 1972 238  8330.   6.3  18.6   1.422   1.1   0.1
   1 1972 239  7080.  10.0  17.2   1.340   1.0   0.0
   1 1972 240 10710.   6.8  19.4   1.340   1.7   0.0
   1 1972 241 21240.  10.6  20.8   1.125   2.4   0.0
   1 1972 242 20050.   9.6  21.2   1.164   2.3   0.0
   1 1972 243 20230.  10.3  21.6   1.220   3.0   0.0
   1 1972 244 19100.  11.0  20.0   1.349   2.7   0.0
   1 1972 245 18270.   8.1  19.6   1.313   2.2   0.0
   1 1972 246 13210.   6.3  17.6   1.148   2.1   0.0
   1 1972 247 15590.   6.6  19.9   1.313   2.5   0.0
   1 1972 248 13690.   6.9  17.8   1.403   1.6   0.0
   1 1972 249 16840.   4.1  18.7   1.245   1.4   0.0
   1 1972 250 17310.   6.6  21.6   1.287   1.0   0.1
   1 1972 251  9520.   8.8  20.8   1.589   1.3   0.2
   1 1972 252  6660.  12.8  18.3   1.558   1.6   0.7
   1 1972 253 10170.  13.4  21.4   1.431   3.4  14.5
   1 1972 254  8570.  10.4  14.4   1.270   2.5   2.8
   1 1972 255  9820.   6.4  14.0   1.073   2.7   4.1
   1 1972 256  7080.   7.9  14.5   1.148   2.0  11.6
   1 1972 257  6900.  10.1  14.6   1.220   0.8   0.7
   1 1972 258 10230.   8.5  16.2   1.188   1.8   0.0
   1 1972 259 11780.   4.8  15.5   1.148   1.4   0.7
   1 1972 260  7440.   3.4  13.4   1.228   2.2   5.4
   1 1972 261  8570.   7.5  14.2   0.948   2.2   0.5
   1 1972 262 13860.   4.3  16.2   0.988   0.8   3.1
   1 1972 263 14160.   7.5  15.3   1.110   1.8   0.0
   1 1972 264 13570.   1.9  17.0   0.961   0.7   0.0
   1 1972 265 14160.   2.1  17.6   1.058   0.4   0.0
   1 1972 266  9340.   4.5  18.6   1.164   0.9   0.1
   1 1972 267 13630.   4.9  16.3   1.228   1.7   0.0
   1 1972 268 16660.   1.9  16.3   1.073   1.0   0.0
   1 1972 269 11540.   2.5  14.6   0.975   1.4   0.0
   1 1972 270 12380.   0.8  15.4   0.922   0.9   0.9
   1 1972 271  6310.   6.1  15.5   1.262   1.7   0.0
   1 1972 272  6370.   3.7  12.8   0.975   1.2   0.0
   1 1972 273  5000.   8.7  13.6   1.080   0.5   0.0
   1 1972 274  6780.   8.5  13.8   1.080   1.6   0.0
   1 1972 275 12380.   6.7  14.4   0.922   3.9   0.0
   1 1972 276 12440.   5.3  14.9   0.758   3.7   0.0
   1 1972 277 13270.   2.0  13.9   0.666   2.8   0.0
   1 1972 278 12500.   3.3  13.8   0.666   2.6   0.0
   1 1972 279 12730.   4.8  16.1   0.629   2.8   0.0
   1 1972 280 11660.   4.5  18.3   0.696   2.5   0.0
   1 1972 281 10710.   4.9  20.6   0.842   1.2   0.0
   1 1972 282  9880.   0.9  19.8   0.975   0.4   0.1
   1 1972 283  3690.   2.8  12.0   0.975   1.0   0.0
   1 1972 284  5240.   6.7  15.1   1.073   2.7   0.0
   1 1972 285  9160.   1.0  17.3   0.866   1.2   0.0
   1 1972 286  8330.   3.6  13.3   1.016   1.6   0.0
   1 1972 287  3390.  -0.6  11.5   0.922   1.2   0.0
   1 1972 288 10890.  -1.7  14.2   0.721   1.5   0.0
   1 1972 289  8390.   2.5  13.8   0.922   1.2   0.0
   1 1972 290  2860.   7.2  12.7   1.110   0.5   0.0
   1 1972 291  5060.   1.5  10.5   0.747   1.3   0.0
   1 1972 292  6250.   3.4  12.5   0.885   2.1   0.0
   1 1972 293  9700.  -5.8  10.7   0.520   1.0   0.5
   1 1972 294  6550.  -1.3   8.9   0.813   2.3  10.4
   1 1972 295  5890.   0.6   9.2   0.731   3.3   1.2
   1 1972 296  2740.   4.0  11.6   0.961   3.5   3.5
   1 1972 297  2860.   7.3  12.6   1.148   4.7   0.0
   1 1972 298  4520.   7.4  12.0   0.988   3.0   0.0
   1 1972 299  7850.   3.0  13.4   0.774   1.2   0.0
   1 1972 300  4820.   0.9  13.4   0.785   2.0   0.7
   1 1972 301  6010.   5.6  18.1   1.349   2.8   6.4
   1 1972 302  5180.  11.4  13.8   1.204   2.9   0.3
   1 1972 303  7850.   3.3  13.5   0.842   2.0   0.0
   1 1972 304  4220.   4.5  12.6   0.802   2.8   0.0
   1 1972 305  1960.   6.2  11.2   0.922   1.3   0.1
   1 1972 306  5830.   1.8  13.4   0.866   0.2   0.1
   1 1972 307  1370.   3.1  10.9   1.164   1.8   0.0
   1 1972 308  1960.   6.4   9.5   0.961   2.0   0.0
   1 1972 309   770.   7.0  11.1   1.148   2.4   0.8
   1 1972 310  1130.   9.4  10.9   1.188   3.5   1.4
   1 1972 311  1140.   9.6  12.9   1.270   2.9   2.2
   1 1972 312   810.  10.7  12.8   1.287   4.0   3.8
   1 1972 313  2030.   9.2  10.8   1.110   1.7   2.1
   1 1972 314  3250.   4.0  11.0   0.922   2.4   0.0
   1 1972 315   740.   7.5  11.9   0.961   5.5  11.4
   1 1972 316  4720.   3.4   7.2   0.629   4.2   5.4
   1 1972 317  4060.   3.9  12.9   0.747   4.5  15.5
   1 1972 318  3320.   4.8   8.3   0.758   8.6   3.3
   1 1972 319  2770.   1.6   6.7   0.638   1.4   1.8
   1 1972 320  5350.   0.9   7.4   0.615   3.7   0.0
   1 1972 321  1840.   0.1   3.9   0.615   2.7   0.4
   1 1972 322  1840.   1.3   3.9   0.666   2.1   0.7
   1 1972 323  5090.   0.9   7.2   0.638   2.5   0.4
   1 1972 324  2180.  -1.8   7.3   0.615   4.3   5.3
   1 1972 325   550.   0.6   9.6   0.922   5.6  12.3
   1 1972 326  2400.   6.3   8.8   0.885   5.9   2.4
   1 1972 327  3580.   4.8   8.8   0.854   4.6   1.6
   1 1972 328  4390.   3.6   6.8   0.696   3.8   4.3
   1 1972 329  3980.   0.0   7.4   0.638   1.5   0.0
   1 1972 330  4060.  -4.7   4.4   0.424   1.2   0.9
   1 1972 331  3130.  -4.5   4.2   0.602   1.4   0.0
   1 1972 332  1360.  -0.5   5.6   0.696   4.2   0.0
   1 1972 333  2210.   1.4   5.1   0.572   4.9   0.0
   1 1972 334  3800.   1.7   7.1   0.721   5.4   0.3
   1 1972 335  2660.   3.7   7.7   0.706   4.6   0.2
   1 1972 336  3390.   4.2  10.3   0.802   5.3   0.0
   1 1972 337  2100.   4.7  11.3   0.961   5.4   1.6
   1 1972 338  2250.   6.4   8.8   0.961   2.3   0.1
   1 1972 339  2990.   2.4   8.6   0.721   5.3   1.9
   1 1972 340  2990.   3.0  11.6   0.706   6.6   1.2
   1 1972 341  1730.   4.1  11.7   1.002   7.0   7.1
   1 1972 342  2100.   7.8   9.5   0.975   4.0   0.1
   1 1972 343  2840.   2.4   6.6   0.747   3.3   0.0
   1 1972 344  1000.   1.9   6.7   0.774   4.0   4.3
   1 1972 345   740.   2.7   7.7   0.885   4.4   4.6
   1 1972 346  3800.   3.4   7.3   0.721   3.6   0.0
   1 1972 347  2580.   2.3   9.7   0.615   4.5   0.0
   1 1972 348   770.   2.8  10.7   0.961   5.0   0.3
   1 1972 349   960.   8.8  10.5   1.095   2.5   0.0
   1 1972 350  2180.   6.4   9.2   0.721   2.8   0.0
   1 1972 351  2140.  -0.6   5.2   0.520   2.4   0.0
   1 1972 352  3360.  -0.4   6.5   0.572   1.1   0.0
   1 1972 353  3210.  -3.4   6.9   0.479   0.7   0.0
   1 1972 354  1990.  -2.8   2.5   0.572   2.3   0.0
   1 1972 355  3060.  -0.8   2.7   0.572   2.0   0.0
   1 1972 356  3130.  -2.3   1.2   0.437   2.0   0.0
   1 1972 357  3100.  -6.9  -1.9   0.384   1.6   0.0
   1 1972 358   660.  -4.8  -0.1   0.437   2.7   0.0
   1 1972 359  1250.  -3.0   0.7   0.520   2.2   0.0
   1 1972 360  3060.  -2.9   1.6   0.451   2.6   0.0
   1 1972 361  1840.  -3.1   4.0   0.451   4.1   0.0
   1 1972 362   920.   0.8   4.4   0.504   4.6   0.0
   1 1972 363  2210.   0.8   6.2   0.585   3.5   0.0
   1 1972 364  2690.   0.2   4.7   0.531   1.5   0.0
   1 1972 365  3840.  -9.7   2.0   0.251   1.7   0.0
   1 1972 366  3500. -10.1   0.2   0.290   0.8   0.0
