*---------------------------------------------------------------------------*
* Station name: Wageningen (Haarweg), Netherlands
* Year: 1974
* Author: Peter Uithol                                     -99.000: NIL VALUE
* Source: Natuur- en Weerkunde via Nel van Keulen
* Comments: Humidity measured as relative humidity.
*           Missing values are exchanged with daily weather
*           data from synoptic station de Bilt, Netherlands
*
* Longitude: 5 40 E, latitude: 51 58 N, altitude: 7 m.
*
* Column  Daily value
* 1       station number
* 2       year
* 3       day
* 4       irradiation                   (kJ m-2 d-1)
* 5       minimum temperature           (degrees Celsius)
* 6       maximum temperature           (degrees Celsius)
* 7       early morning vapour pressure (kPa)
* 8       mean wind speed (height: 2 m) (m s-1)
* 9       precipitation                 (mm d-1)
*
** WCCDESCRIPTION=Netherlands, Wageningen
** WCCFORMAT=2
** WCCYEARNR=1974
*---------------------------------------------------------------------------*
   5.67  51.97     7. -0.18 -0.55
   1 1974   1  1060.  -2.5  -0.2   0.500   2.1   0.0
   1 1974   2  1780.  -3.1   0.4   0.450   2.6   0.0
   1 1974   3  2290.  -0.6   3.5   0.530   3.6   0.3
   1 1974   4  1820.  -0.3   5.2   0.560   3.4   0.5
   1 1974   5  2290.   2.3   7.0   0.590   3.9   1.0
   1 1974   6  2950.   3.4  10.0   0.740   2.8   0.0
   1 1974   7   540.   3.6   7.1   0.750   3.7  10.4
   1 1974   8  3150.   1.6   6.3   0.630   3.9   1.8
   1 1974   9  2890.   0.8   6.5   0.590   2.9   5.2
   1 1974  10   730.   3.1   4.9   0.710   2.8   3.8
   1 1974  11  2280.   4.9  10.6   0.790   5.4   4.3
   1 1974  12  2220.   4.9  11.9   0.810   3.5   0.0
   1 1974  13  2230.   6.4  11.6   0.850   4.0   1.2
   1 1974  14  1280.   4.9  10.4   0.890   3.7   0.7
   1 1974  15   530.   5.6  12.3   0.860   6.1   2.3
   1 1974  16   840.   4.1  11.7   0.780   5.2   8.1
   1 1974  17  2460.   4.3   8.1   0.720   8.3   3.6
   1 1974  18   910.   7.9   9.9   0.970   5.4   0.2
   1 1974  19  1460.   7.0   9.1   0.860   4.8   0.0
   1 1974  20  1870.   5.1   7.3   0.690   1.8   0.0
   1 1974  21  1610.   0.0   5.1   0.610   1.4   0.0
   1 1974  22   580.   1.0   4.3   0.640   2.4   1.0
   1 1974  23  1860.   4.5   9.4   0.830   3.2   3.6
   1 1974  24  1390.   4.6   7.9   0.820   3.6   0.1
   1 1974  25  2420.   3.9   8.2   0.820   2.2   0.0
   1 1974  26  4880.   1.8   6.6   0.640   3.4   0.4
   1 1974  27  3190.   1.7   7.8   0.650   3.8   0.2
   1 1974  28  1440.   2.8   8.3   0.690   4.6   8.3
   1 1974  29  2650.   1.6   8.4   0.690   3.1   1.4
   1 1974  30  4930.   1.4   8.1   0.630   4.5   0.9
   1 1974  31  2550.   3.5   9.5   0.790   2.9   0.6
   1 1974  32  2470.   3.1  10.0   0.750   3.8   0.0
   1 1974  33  5850.   3.0   9.3   0.680   4.3   0.0
   1 1974  34  6960.  -0.3   9.3   0.660   1.2   0.0
   1 1974  35  5860.  -1.4   7.0   0.570   3.0   0.3
-999 1974  36      1     1     1       1     3     1
   1 1974  36  2360.   2.5   5.9   0.740   3.5   4.6
   1 1974  37  2070.   1.0   4.6   0.660   3.0   2.8
-999 1974  38      1     1     1       1     1     1
   1 1974  38  5930.   0.8   6.3   0.630   2.3   0.3
   1 1974  39  4160.   0.9  10.1   0.730   4.4  12.5
   1 1974  40  1420.   7.7  11.6   0.960   8.1   4.8
   1 1974  41  4740.   7.6  13.3   0.900   6.2   0.2
   1 1974  42  1880.  10.0  13.4   0.880   7.8   0.9
   1 1974  43  5720.   3.1  10.4   0.710   0.0   0.8
   1 1974  44  7740.   2.1  10.9   0.760   2.7   0.0
   1 1974  45  2380.   2.5   6.8   0.710   3.3   0.2
   1 1974  46  3730.   3.0   8.7   0.620   4.8   0.0
   1 1974  47  7510.   3.5  11.9   0.820   2.8   0.0
   1 1974  48  8740.   0.2  11.9   0.770   1.4   0.0
   1 1974  49  3700.   4.0   8.0   0.730   2.2   0.0
   1 1974  50  1480.   2.5   4.5   0.640   3.7   0.0
   1 1974  51  9800.  -2.9   5.8   0.500   1.3   0.0
   1 1974  52  1310.   0.4   4.7   0.680   2.5   0.2
   1 1974  53  1470.   3.0   7.7   0.820   2.7   3.5
   1 1974  54  8450.  -1.3   8.5   0.660   2.6   0.0
   1 1974  55 11300.  -3.8   8.6   0.560   1.2   0.0
   1 1974  56 11210.  -5.6   6.3   0.490   1.3   0.0
   1 1974  57  7040.  -1.9   6.4   0.470   2.4   0.0
   1 1974  58  5830.  -1.1   4.1   0.410   3.2   0.0
   1 1974  59  8910.  -0.9   6.5   0.550   2.0   0.0
   1 1974  60  6630.  -1.1   5.0   0.540   3.6   5.1
   1 1974  61  2810.   0.0   3.4   0.650   2.6   8.7
   1 1974  62  8880.  -3.6   7.4   0.560   1.1   0.0
   1 1974  63  3480.  -4.4   3.9   0.510   1.8   0.0
   1 1974  64  1020.  -0.1   2.1   0.620   1.4   4.5
   1 1974  65  9220.  -2.1   8.4   0.700   1.0   0.1
   1 1974  66  2590.   0.9   3.8   0.580   1.7   0.0
   1 1974  67  6760.  -1.1   3.3   0.490   3.2   0.0
   1 1974  68  5650.   0.3   4.1   0.450   4.7   0.0
   1 1974  69 10890.   1.0   8.0   0.510   5.0   0.0
   1 1974  70  6740.   1.2   8.7   0.630   3.6   1.8
   1 1974  71  3420.   0.9   7.5   0.740   1.9   1.8
   1 1974  72  8920.  -1.3   8.6   0.710   0.6   0.9
   1 1974  73  2850.   0.2   5.2   0.680   1.2   6.4
   1 1974  74  7520.  -1.1   7.8   0.630   3.8   7.4
   1 1974  75  3710.   4.6   9.8   0.830   5.9   2.4
   1 1974  76  9600.   5.6  10.3   0.830   4.7   4.8
   1 1974  77  5060.   4.3  12.3   0.910   4.6   3.6
   1 1974  78  9540.   2.5  11.3   0.800   2.7   0.0
   1 1974  79  4070.   5.2  10.0   0.920   1.7   6.8
   1 1974  80 14360.  -0.3  12.9   0.860   1.0   0.0
   1 1974  81  7570.  -0.9  10.2   0.670   3.0   0.0
   1 1974  82 11300.   5.6  12.1   0.810   4.1   0.0
   1 1974  83  7490.   5.7  11.8   0.830   3.0   0.8
   1 1974  84 14340.   4.9  18.0   1.040   1.9   0.0
   1 1974  85 13690.   1.6  17.1   0.970   1.5   0.0
   1 1974  86  9520.   1.4  16.3   1.060   0.7   0.0
   1 1974  87 11230.   2.9  17.6   1.070   0.7   0.0
   1 1974  88  6590.   3.9  13.9   1.060   0.7   0.3
   1 1974  89 13150.   0.4  15.8   1.010   1.5   0.0
   1 1974  90 16090.  -1.6  15.8   0.810   1.9   0.1
   1 1974  91 13950.   0.8  16.2   0.970   2.0   0.0
   1 1974  92 14390.   5.7  18.9   1.060   2.3   0.0
   1 1974  93 14320.   9.6  19.5   0.920   2.7   0.0
   1 1974  94 16030.   7.5  18.6   0.910   3.1   0.0
   1 1974  95 18210.   5.3  16.1   0.730   3.4   0.0
   1 1974  96 18370.   6.3  17.3   0.770   3.7   0.0
   1 1974  97 19400.   6.2  19.1   0.970   2.8   0.0
   1 1974  98 20680.   5.1  19.0   0.860   2.3   0.0
   1 1974  99 20380.  -1.0  19.4   0.870   1.3   0.0
   1 1974 100 18570.   1.0  21.8   0.950   1.3   0.0
   1 1974 101 16380.   4.5  20.3   1.160   1.2   0.0
   1 1974 102 12510.   3.5  12.4   0.890   2.6   0.0
   1 1974 103 21080.   1.0  12.1   0.550   3.6   0.0
   1 1974 104 22350.  -2.3  12.0   0.570   2.8   0.0
   1 1974 105 17460.  -1.4  13.3   0.790   3.5   0.0
   1 1974 106 19900.  -1.0  13.6   0.730   2.5   0.0
   1 1974 107 16920.  -0.1  13.6   0.720   2.0   0.0
   1 1974 108 18260.   0.3  13.4   0.770   2.5   0.0
   1 1974 109 22120.  -3.0  15.4   0.650   1.4   0.0
   1 1974 110 14730.  -0.9  10.5   0.650   2.6   0.0
   1 1974 111  6420.   2.9   9.1   0.710   1.6   0.0
   1 1974 112 21950.  -2.1  13.1   0.830   2.0   0.0
   1 1974 113 14350.  -3.0  10.3   0.730   2.4   1.8
   1 1974 114 15190.   0.8  13.0   0.800   2.4   2.7
   1 1974 115 16620.  -0.4  12.4   0.610   2.8   0.0
   1 1974 116 21630.   1.7  11.3   0.510   3.2   0.0
   1 1974 117 13510.   0.8  11.1   0.590   3.5   1.1
   1 1974 118 15150.   4.9  14.1   0.990   2.2   0.0
   1 1974 119  4860.   2.0  12.5   1.010   1.2   3.8
   1 1974 120  2800.   7.6  10.4   1.050   2.9   0.1
   1 1974 121 19050.   5.9  15.3   0.900   2.9   0.0
   1 1974 122 17390.   1.9  13.4   0.800   2.2   0.0
   1 1974 123 15640.   5.2  16.4   0.930   2.7   0.5
   1 1974 124  8920.   9.2  17.1   0.910   2.2   0.0
   1 1974 125  3820.   3.7   7.9   0.700   3.1   0.1
   1 1974 126 11170.   0.8   8.4   0.660   2.5   0.3
   1 1974 127  8200.   1.5   8.2   0.670   0.7   0.0
   1 1974 128  8750.   6.0  11.4   0.820   0.8   0.0
   1 1974 129 17730.   3.6  15.5   0.800   2.0   0.0
   1 1974 130  6280.   8.2  13.7   1.130   2.6   3.1
   1 1974 131 19540.   6.0  16.9   1.080   2.3   0.5
   1 1974 132 22180.   5.5  20.0   0.940   2.4   0.0
   1 1974 133 15790.  11.0  20.6   1.260   3.0  29.5
   1 1974 134  9670.   9.1  14.4   1.110   4.7   0.0
   1 1974 135 14230.   5.6  15.5   1.160   2.1   0.0
   1 1974 136 27470.   6.7  19.1   0.800   3.2   0.0
   1 1974 137 27730.  10.4  20.6   0.730   3.1   0.0
   1 1974 138 24420.  12.0  23.4   1.220   3.0   0.0
   1 1974 139 23730.  10.6  24.3   1.590   2.6   0.0
   1 1974 140 15740.   9.4  21.0   1.370   1.2   0.0
   1 1974 141 14590.   9.0  19.6   1.230   2.0   3.8
   1 1974 142 19490.   6.8  15.6   0.980   4.6   0.0
   1 1974 143 12840.   8.1  12.9   1.060   1.4   0.1
   1 1974 144 20960.   6.2  17.9   0.890   2.7   1.6
   1 1974 145 12410.   8.4  14.1   1.030   2.5   0.0
   1 1974 146 16630.   6.7  15.8   1.000   1.8   0.0
   1 1974 147 23890.   4.4  20.0   1.190   1.8   0.0
   1 1974 148 20680.   9.1  18.8   1.200   3.8   5.0
   1 1974 149 25000.   2.2  15.6   0.870   3.3   0.0
   1 1974 150 28350.  -0.6  16.5   0.700   2.3   6.5
   1 1974 151  7440.   7.1  13.0   1.030   2.2   0.1
   1 1974 152 22900.   6.9  17.8   1.040   2.5   0.0
   1 1974 153 18680.   9.5  23.3   1.510   3.6   2.8
   1 1974 154 10570.   6.4  17.6   1.310   1.9   3.2
   1 1974 155 24200.   4.4  18.5   1.090   1.8   0.0
   1 1974 156 26050.   0.7  22.4   0.980   1.9   0.0
   1 1974 157 14390.   8.5  16.0   1.110   4.9   1.4
   1 1974 158 24860.   8.1  16.6   0.960   4.8   0.0
   1 1974 159  6150.   8.0  12.0   1.150   2.7  28.7
   1 1974 160 22970.   5.9  15.9   1.070   2.2   3.2
   1 1974 161 15930.   5.1  13.8   0.980   1.4   9.8
   1 1974 162 15700.   5.7  15.3   1.020   4.2   0.5
   1 1974 163 20330.   7.3  16.5   1.110   3.2   0.0
   1 1974 164 25740.   4.5  21.1   1.280   2.8   0.0
   1 1974 165 24130.  11.7  25.9   1.670   2.0   0.0
   1 1974 166 22750.  13.7  24.3   2.050   2.4   0.0
   1 1974 167 24370.  14.3  25.5   1.880   1.1   0.0
   1 1974 168 19410.  14.9  25.6   1.810   1.7   0.8
   1 1974 169 22190.  10.5  19.7   1.310   3.7   0.0
   1 1974 170 22790.   9.7  19.3   1.250   2.6   0.0
   1 1974 171 16120.   9.3  21.8   1.520   1.1   0.0
   1 1974 172 28100.   7.1  20.7   1.270   2.0   0.0
   1 1974 173 19160.  11.6  20.6   1.560   2.0   0.0
   1 1974 174 19900.  10.4  24.3   1.810   1.7   8.6
   1 1974 175 24670.  10.8  24.6   1.470   1.9   0.0
   1 1974 176 26850.  10.3  26.0   1.590   1.5   0.0
   1 1974 177 10520.  12.0  20.3   1.710   1.1   0.9
   1 1974 178  5360.  11.7  15.0   1.490   1.6   5.2
   1 1974 179 16050.  10.7  18.8   1.280   1.5   0.0
   1 1974 180 16110.  12.3  21.2   1.730   1.3   4.2
   1 1974 181 11980.  10.7  18.3   1.580   1.6   2.4
   1 1974 182  9430.  12.8  18.0   1.440   5.6   0.7
   1 1974 183 25350.  10.2  20.6   1.260   2.6  14.9
   1 1974 184 10330.   9.1  17.7   1.430   4.9   2.4
   1 1974 185 11840.   9.0  16.5   1.380   4.2  17.1
   1 1974 186  5220.  13.5  18.3   1.700   4.3   0.7
   1 1974 187 19560.  10.6  17.7   1.260   4.8   0.0
   1 1974 188 21400.  10.1  18.5   1.280   2.5   0.0
   1 1974 189 17140.  11.8  21.5   1.760   2.0   0.0
   1 1974 190 18590.  12.2  20.5   1.560   3.7   0.0
   1 1974 191 19870.  11.8  20.5   1.440   3.7   0.2
   1 1974 192 18030.  13.0  19.5   1.400   4.3   0.0
   1 1974 193 18060.  10.7  20.1   1.380   3.0   2.4
   1 1974 194  5980.  12.6  18.6   1.640   1.5   5.4
   1 1974 195 15070.  11.3  18.7   1.450   3.3   1.7
   1 1974 196 14430.  10.6  19.4   1.250   3.7   0.3
   1 1974 197 10930.  12.0  18.7   1.440   3.2   0.6
   1 1974 198  9250.   8.6  16.6   1.300   2.3   4.7
   1 1974 199 19070.   4.6  18.0   1.140   1.5   0.0
   1 1974 200 16540.   4.6  19.5   1.210   1.7   0.9
   1 1974 201 11710.  12.6  20.9   1.680   3.2   0.0
   1 1974 202 22850.   9.4  20.2   1.310   2.3   0.0
   1 1974 203 23780.  10.6  22.3   1.490   3.5   7.7
   1 1974 204 13170.  10.1  20.1   1.490   2.9   1.8
   1 1974 205  4150.   8.1  15.4   1.300   2.0   0.1
   1 1974 206 19280.   8.0  18.7   1.170   2.9   0.1
   1 1974 207  6960.  10.1  17.0   1.430   2.7   1.3
   1 1974 208 12480.  13.1  20.2   1.600   3.2   0.0
   1 1974 209 11670.  11.9  21.1   1.560   3.4   0.0
   1 1974 210 22220.  12.5  21.1   1.350   3.3   0.0
   1 1974 211 11520.  12.9  19.9   1.590   2.7   0.0
   1 1974 212 15470.  15.7  22.0   1.730   4.1   0.0
   1 1974 213 12230.  11.7  21.6   1.640   3.1   0.1
   1 1974 214 11900.   8.4  20.2   1.440   1.1   0.1
   1 1974 215 15880.   4.8  20.4   1.130   1.8   3.9
   1 1974 216 10520.  13.2  23.4   2.000   2.0   4.8
   1 1974 217  9630.   6.5  19.1   1.380   1.9   0.1
   1 1974 218 21130.   4.1  20.1   1.200   0.5   0.0
   1 1974 219 23600.   5.6  23.1   1.060   3.0   0.0
   1 1974 220 12950.  12.9  21.0   1.570   3.4   7.6
   1 1974 221 10710.  14.2  19.5   1.660   2.8  16.2
   1 1974 222 12260.  11.1  19.6   1.560   3.6   6.0
   1 1974 223  7120.  10.2  16.5   1.480   3.0  11.0
   1 1974 224  4920.  10.2  16.5   1.490   2.9  14.2
   1 1974 225 12810.  14.0  20.6   1.650   1.8   0.5
   1 1974 226 21160.  13.7  27.3   1.860   1.1   0.0
   1 1974 227 21880.  14.8  27.0   2.200   1.9   0.0
   1 1974 228 16950.  15.0  26.5   1.980   1.6   1.7
   1 1974 229 19590.   9.4  21.8   1.480   2.4   0.0
   1 1974 230 16380.   9.9  22.0   1.520   1.0   2.3
   1 1974 231 22550.  11.2  20.4   1.210   2.5   0.0
   1 1974 232 21910.  10.0  20.8   1.210   2.0   0.0
   1 1974 233 22720.   5.4  21.5   1.220   1.5   0.0
   1 1974 234 15140.   6.4  22.2   1.370   0.9   0.0
   1 1974 235 18810.   6.5  23.5   1.590   0.6   0.0
   1 1974 236 18510.  11.6  22.4   1.830   1.4   0.0
   1 1974 237 18040.  10.1  24.0   1.620   1.7   0.0
   1 1974 238 15840.  13.0  26.3   1.900   2.3   9.6
   1 1974 239 16830.   8.4  17.8   1.330   3.0   0.0
   1 1974 240 19630.   6.5  21.1   1.360   0.7   0.0
   1 1974 241 13070.   6.7  21.9   1.490   1.3   0.0
   1 1974 242 18050.  10.3  26.9   1.860   1.8   0.0
   1 1974 243  9130.  10.0  21.1   1.660   2.2   1.6
   1 1974 244  8560.  10.7  18.9   1.510   3.5   4.4
   1 1974 245 12670.   9.4  21.1   1.570   3.8   6.1
   1 1974 246 14690.  11.5  18.8   1.270   5.1   0.0
   1 1974 247  9180.  10.5  17.1   1.460   4.9  20.3
   1 1974 248  5020.  13.2  20.2   1.680   5.2  16.5
   1 1974 249 11920.  12.0  17.8   1.420   4.4   2.1
   1 1974 250  7410.  10.2  16.3   1.220   6.2   1.5
   1 1974 251 13980.  11.6  17.3   1.260   5.2   0.7
   1 1974 252  3950.  10.7  13.5   1.290   1.7  10.6
   1 1974 253 15490.   8.0  18.5   1.370   1.7   0.0
   1 1974 254 15590.   4.6  20.6   1.110   2.4   0.0
   1 1974 255 11670.  12.0  23.8   1.720   1.3   2.5
   1 1974 256  7750.  13.6  20.5   1.760   2.5   1.2
   1 1974 257  8310.   7.9  19.5   1.460   1.3   0.0
   1 1974 258  8700.   7.5  23.0   1.650   0.9   0.7
   1 1974 259  9970.  11.7  23.0   1.830   0.7   0.1
   1 1974 260  8710.  14.5  19.8   1.760   0.8   4.3
   1 1974 261 13130.   4.4  17.3   1.050   1.5   0.0
   1 1974 262 13830.   2.4   7.0   0.680   0.5   0.0
   1 1974 263 10980.   6.6  16.9   1.140   1.4   0.0
   1 1974 264  7160.   5.4  14.8   1.050   2.9   6.6
   1 1974 265 11570.   8.9  14.5   1.110   3.9   4.0
   1 1974 266  3390.   8.7  11.7   1.090   5.1  10.9
   1 1974 267  6120.   7.0  13.8   1.110   5.0   7.6
   1 1974 268  2510.   5.9  10.0   0.990   3.8   8.2
   1 1974 269 10140.   5.9  13.7   1.070   2.7   4.7
   1 1974 270  1960.   6.5  15.2   1.200   4.8   9.4
   1 1974 271  6700.   4.9  12.8   0.900   4.3   0.6
   1 1974 272  9770.   4.1  12.4   0.950   2.2   1.9
   1 1974 273  9570.   2.4  12.7   0.920   1.4   3.3
   1 1974 274  9660.   1.1  11.5   0.850   1.0   0.4
   1 1974 275 10830.  -1.0  11.9   0.790   0.9   0.1
   1 1974 276 12070.  -2.5  12.2   0.750   1.3   5.6
   1 1974 277  1900.   6.1   9.6   0.960   5.4   1.4
   1 1974 278  5500.   7.9  12.4   1.080   3.5   3.8
   1 1974 279  7830.   7.2  12.7   0.990   3.9   8.3
   1 1974 280  5950.   6.3  10.5   0.940   2.4   4.9
   1 1974 281  3300.   3.6   8.4   0.850   1.8   0.0
   1 1974 282  7850.   3.0  13.1   0.960   1.7   2.6
   1 1974 283  9700.   3.1  12.2   0.900   2.1   0.1
   1 1974 284  8260.   1.4  11.8   0.870   0.7   0.3
   1 1974 285  7220.   4.3  11.6   0.890   1.6   2.9
   1 1974 286  6270.   1.8  10.6   0.820   0.9   0.5
   1 1974 287  6090.  -1.6  10.3   0.730   1.0   0.3
   1 1974 288  4200.   3.7   9.9   0.900   0.4   0.0
   1 1974 289  5640.   1.1   9.3   0.800   1.2   0.4
   1 1974 290  7900.   0.1  10.5   0.770   0.7   0.0
   1 1974 291  6960.   1.5  10.4   0.780   3.2  13.8
   1 1974 292  7990.   5.5  11.6   0.850   4.2   0.3
   1 1974 293  4530.   2.1   9.3   0.810   0.8   1.7
   1 1974 294  6200.   2.1  10.6   0.860   1.4   0.5
   1 1974 295  2580.   2.6   9.8   0.850   3.5  21.5
   1 1974 296  2990.   9.1  11.9   1.050   2.8   0.0
   1 1974 297  3200.   8.3  10.7   0.980   2.5   1.1
   1 1974 298  2750.   7.1  10.8   0.910   4.1   4.6
   1 1974 299  6050.   6.3   9.2   0.820   3.2   3.5
   1 1974 300  3600.   6.3  10.7   0.800   6.4  24.5
   1 1974 301  3740.   3.4   8.8   0.780   4.7  10.5
   1 1974 302  6690.   2.5   8.3   0.740   2.6   0.2
   1 1974 303  4520.  -1.5   7.4   0.660   1.3   0.5
   1 1974 304  4150.  -2.7   4.0   0.600   0.8   0.1
   1 1974 305  4100.   0.0   7.2   0.710   1.5   0.1
   1 1974 306  3240.   0.6   9.9   0.710   1.6   0.8
   1 1974 307  1830.   1.2   7.5   0.730   2.2   8.7
   1 1974 308  1530.   0.7   7.3   0.680   1.7   0.3
   1 1974 309  4350.  -1.5   7.1   0.550   1.0   0.0
   1 1974 310  6430.  -1.0   7.5   0.580   1.1   0.0
   1 1974 311  4630.   0.7   7.6   0.640   1.4   0.0
   1 1974 312  2780.  -0.4   6.3   0.600   3.3   2.4
   1 1974 313  1090.   5.4  11.8   0.970   4.4   2.8
   1 1974 314  3680.   5.1  11.7   0.830   4.0   0.0
   1 1974 315  2650.   6.6  10.4   0.770   6.3   6.1
   1 1974 316  3000.   4.2   8.3   0.760   4.4   2.5
   1 1974 317  4780.   3.4   9.5   0.700   4.5   0.0
   1 1974 318  1010.   9.4  14.3   0.830   5.9   1.5
   1 1974 319  1390.  10.0  13.6   1.110   4.2  14.7
   1 1974 320  1580.   5.4  12.0   0.910   4.2   4.5
   1 1974 321  2210.   6.0  10.5   0.890   2.4   0.0
   1 1974 322  1610.   6.6  11.0   0.830   3.5   1.5
   1 1974 323  1620.   3.5   7.0   0.710   3.8   0.6
   1 1974 324  2580.   1.8   7.3   0.690   1.9   1.2
   1 1974 325  2100.   5.5   9.0   0.830   2.7   2.1
   1 1974 326   700.   7.2  11.5   0.980   4.8  12.6
   1 1974 327  1670.   8.1  11.0   0.970   2.4   2.5
   1 1974 328  4080.   6.6   9.3   0.870   3.6   2.8
   1 1974 329   670.   4.6   8.0   0.690   6.5   4.2
   1 1974 330  3280.   3.4   7.5   0.690   4.4   0.0
   1 1974 331  1360.   2.1   8.9   0.710   4.9   5.2
   1 1974 332  1490.   2.5   7.6   0.670   7.0  10.2
   1 1974 333  4000.   3.1   8.4   0.720   4.3   3.6
   1 1974 334  1030.   2.8   8.4   0.770   3.3   2.5
   1 1974 335  1210.   5.0  10.4   0.850   4.1   0.3
   1 1974 336   770.   9.7  11.3   1.090   5.3   5.4
   1 1974 337   570.   9.5  11.0   1.140   3.2   0.5
   1 1974 338   630.   6.3   9.6   0.810   4.3   2.5
   1 1974 339  2100.   3.5   7.4   0.610   6.1   5.2
   1 1974 340   620.   6.6   8.4   0.890   4.0   2.8
   1 1974 341   710.   7.5  10.3   0.960   4.9   2.5
   1 1974 342   460.   9.1  10.3   1.080   4.1   0.9
   1 1974 343  1130.   4.2   9.8   0.720   3.6   0.9
   1 1974 344  2180.   2.6   6.4   0.620   4.8  12.4
   1 1974 345   830.   0.5   6.3   0.570   6.4   7.8
   1 1974 346   600.   0.4   5.1   0.620   3.7   6.6
   1 1974 347  2770.  -1.0   4.5   0.560   1.3   0.1
   1 1974 348   730.   2.4   7.5   0.710   3.9   3.2
   1 1974 349  2170.   3.7   7.0   0.750   2.9   0.0
   1 1974 350  1220.   1.8   8.7   0.690   5.1   9.6
   1 1974 351  2000.   3.5   7.6   0.570   7.6   2.6
   1 1974 352  1190.   1.9   6.4   0.590   6.6   3.0
   1 1974 353   980.   1.8   8.1   0.690   3.2   1.3
   1 1974 354  1010.   7.2   9.1   0.770   5.8   0.0
   1 1974 355  2050.   5.5   9.5   0.730   4.5   0.0
   1 1974 356  2960.   4.1   9.0   0.690   4.6   0.1
   1 1974 357  3210.   5.4  11.1   0.810   3.5   0.5
   1 1974 358   690.   4.8   8.2   0.810   4.1   6.7
   1 1974 359  1310.   3.8  11.9   0.850   4.9  19.8
   1 1974 360  1120.   9.1  12.7   0.980   8.3   7.7
   1 1974 361   920.   7.9  10.1   0.910   5.5   1.5
   1 1974 362  1490.   7.6  13.6   0.990   7.0   0.1
   1 1974 363  1640.   4.2  12.4   0.720   8.9   6.8
   1 1974 364  2970.   3.2   7.0   0.660   3.9   1.5
   1 1974 365  1200.   3.6   8.7   0.790   4.1   0.8
