*---------------------------------------------------------*
*   Country: Netherlands
*   Station: Wageningen
*      Year: 2006
*    Source: Meteorology and Air Quality Group,
*            Wageningen University
*            www.met.wau.nl/haarwegdata/dayfiles/2006/
*    Author: Peter Uithol
* Longitude: 05 40 E
*  Latitude: 51 58 N
* Elevation: 7 m.
*  Comments: Location Haarweg.
*
*  Columns:
*  ========
*  station number
*  year
*  day
*  irradiation (kJ m-2 d-1)
*  minimum temperature (degrees Celsius)
*  maximum temperature (degrees Celsius)
*  vapour pressure (kPa)
*  mean wind speed (m s-1)
*  precipitation (mm d-1)
** WCCDESCRIPTION=Netherlands, Wageningen
** WCCFORMAT=2
** WCCYEARNR=2006
*---------------------------------------------------------*
   5.67  51.97     7.  -0.18 -0.55
   1 2006   1   605.  -2.1   5.6   0.780   2.0   0.0
   1 2006   2  1382.  -4.2   5.0   0.610   0.8   0.0
   1 2006   3  3197.  -4.5   4.1   0.590   1.2   0.0
   1 2006   4  1210.  -0.4   3.0   0.640   2.3   0.0
   1 2006   5   518.  -1.0   2.2   0.590   3.7   0.0
   1 2006   6   864.   1.3   2.6   0.650   3.3   0.0
   1 2006   7  2333.   1.4   3.4   0.660   3.3   0.0
   1 2006   8  1123.   0.9   3.9   0.640   2.9   0.0
   1 2006   9  3802.  -4.1   1.6   0.530   1.9   0.0
   1 2006  10  2333.  -2.1   4.1   0.640   2.9   0.0
   1 2006  11   432.   1.3   4.9   0.760   4.0   6.4
   1 2006  12  1037.   1.8   4.9   0.730   2.5   0.0
   1 2006  13  3888.  -0.9   3.9   0.620   3.0   0.0
   1 2006  14  4147.  -2.0   5.1   0.300   2.8   0.0
   1 2006  15  4320.  -3.7   0.8   0.480   2.8   0.0
   1 2006  16  3888.  -4.2   3.6   0.550   3.4   0.5
   1 2006  17   346.   3.0   6.2   0.830   3.4   6.8
   1 2006  18  2419.  -2.7   7.5   0.730   1.7   0.2
   1 2006  19   691.  -2.2   8.6   0.810   2.5   2.1
   1 2006  20   605.   3.5   9.6   0.950   4.3   4.7
   1 2006  21  2419.   2.6   7.7   0.810   3.7   0.7
   1 2006  22   778.  -2.4   2.7   0.570   2.4   0.0
   1 2006  23  5443.  -4.7  -0.6   0.350   3.6   0.0
   1 2006  24  4666.  -5.2   2.2   0.340   2.6   0.0
   1 2006  25  2160.  -6.3   4.8   0.580   2.6   1.0
   1 2006  26  1296.  -0.2   2.0   0.520   3.8   0.0
   1 2006  27  2938.  -6.3  -0.2   0.360   2.9   0.0
   1 2006  28  5875.  -7.3   2.4   0.300   2.2   0.0
   1 2006  29  6394.  -5.5   5.1   0.390   2.3   0.0
   1 2006  30  2851.   1.3   4.7   0.680   2.2   0.0
   1 2006  31  5443.  -4.6   4.8   0.600   1.6   0.0
   1 2006  32  2160.  -4.8  -2.1   0.460   1.5   0.0
   1 2006  33   864.  -4.8  -2.5   0.470   1.1   0.0
   1 2006  34  1210.  -3.2   3.1   0.580   1.3   0.0
   1 2006  35  2160.  -0.5   7.1   0.700   1.6   0.0
   1 2006  36   691.   0.6   5.2   0.690   1.6   1.2
   1 2006  37  1210.   1.2   5.9   0.760   2.7   0.2
   1 2006  38  1642.   4.4   8.0   0.880   4.4   0.8
   1 2006  39  3715.   2.5   7.1   0.800   5.6  15.5
   1 2006  40  5789.   0.3   5.9   0.640   5.5   2.6
   1 2006  41  1210.   0.6   3.2   0.680   2.3   0.9
   1 2006  42  1469.   0.1   3.2   0.660   0.9   0.0
   1 2006  43  1814.  -1.4   2.0   0.620   2.8   3.0
   1 2006  44  3110.   1.3   4.1   0.660   3.2   0.0
   1 2006  45  3629.   2.9   8.8   0.830   3.3   0.8
   1 2006  46  1642.   4.9  10.1   0.940   4.8  12.4
   1 2006  47  3802.   4.1  10.1   0.920   3.1   6.3
   1 2006  48  1382.   3.3   6.9   0.840   4.0   7.4
   1 2006  49  3888.   1.0   6.7   0.770   2.1   0.1
   1 2006  50  5702.   1.8   8.5   0.800   3.3   0.2
   1 2006  51  1555.   2.3   4.6   0.680   4.0   0.0
   1 2006  52  2246.   1.8   3.2   0.690   3.7   2.0
   1 2006  53  1296.   0.2   3.2   0.540   3.9   0.0
   1 2006  54  7862.  -2.2   3.6   0.435   2.0   0.0
   1 2006  55  9763.  -1.9   4.8   0.430   5.4   0.0
   1 2006  56 11059.  -2.0   4.3   0.450   4.4   0.0
   1 2006  57  7171.  -1.7   5.2   0.480   2.6   0.0
   1 2006  58  3283.  -0.7   4.4   0.640   2.0   2.2
   1 2006  59  3888.  -1.3   4.7   0.660   3.3   8.0
   1 2006  60  6912.  -1.9   3.1   0.580   4.7   3.2
   1 2006  61  8640.  -2.6   3.5   0.550   3.7   3.5
   1 2006  62  6048.  -6.8   1.9   0.530   1.0   2.0
   1 2006  63  9850.  -6.6   3.8   0.510   2.1   0.7
   1 2006  64  7776.  -3.2   4.4   0.620   3.6   3.4
   1 2006  65 10627.  -0.4   5.6   0.620   3.0   8.3
   1 2006  66  9504.  -1.5   6.8   0.570   2.0   0.4
   1 2006  67  1382.   1.4   6.5   0.750   3.5  17.0
   1 2006  68  2851.   4.6   7.7   0.950   2.4   6.5
   1 2006  69  2678.   2.5   7.1   0.800   3.6   7.4
   1 2006  70  3802.  -5.0   3.4   0.520   3.0   0.0
   1 2006  71 12269.  -6.7   2.4   0.330   1.3   0.0
   1 2006  72 14429.  -5.6   2.6   0.350   3.0   0.0
   1 2006  73 11664.  -3.7   4.8   0.400   3.6   0.0
   1 2006  74 14170.  -2.4   6.1   0.460   2.9   0.0
   1 2006  75  2851.  -1.0   2.8   0.540   3.2   0.0
   1 2006  76  4320.  -0.7   3.3   0.550   3.3   0.0
   1 2006  77 14170.  -1.4   5.0   0.570   3.3   0.0
   1 2006  78 10800.  -2.8   7.6   0.660   1.9   0.0
   1 2006  79 11578.  -0.4   9.7   0.630   1.9   0.0
   1 2006  80 14256.  -3.6   6.7   0.440   2.5   0.0
   1 2006  81  9936.  -4.9   6.3   0.440   1.6   0.0
   1 2006  82 17194.  -5.5   9.0   0.400   3.5   0.0
   1 2006  83  6480.   1.4  10.0   0.740   4.2   1.1
   1 2006  84  7862.   7.8  14.7   1.090   3.4   6.8
   1 2006  85 11146.  11.3  18.0   1.410   4.9   8.2
   1 2006  86  7862.  10.0  18.3   1.260   4.8   2.4
   1 2006  87 11923.   7.1  13.6   0.890   5.6   1.0
   1 2006  88  8986.   6.8  11.8   0.910   4.1   4.2
   1 2006  89  7690.   7.7  15.7   1.190   6.0  11.6
   1 2006  90  9677.   9.4  14.8   1.148   6.9   2.4
   1 2006  91 10800.   5.6  14.8   1.043   4.4   2.0
   1 2006  92  8726.   4.9  12.5   0.932   5.3   2.8
   1 2006  93  9677.   2.7  11.1   0.796   4.7   3.9
   1 2006  94 12096.  -0.2   8.8   0.670   2.6   1.1
   1 2006  95 16502.  -1.7   8.4   0.580   2.2   0.0
   1 2006  96 13306.  -0.6  10.4   0.550   3.6   0.0
   1 2006  97  9850.   2.9  10.9   0.760   3.0   1.3
   1 2006  98  7430.   3.0   9.5   0.810   4.4   6.6
   1 2006  99 19008.  -0.1  11.1   0.670   3.2   0.0
   1 2006 100 16157.  -1.5  10.6   0.650   2.1   0.1
   1 2006 101 11664.  -1.6   9.7   0.630   3.7   3.3
   1 2006 102  8035.   4.4  11.2   0.860   3.5   1.6
   1 2006 103  5962.   7.0  13.5   1.090   5.0   2.4
   1 2006 104 14515.   2.2  13.2   0.860   3.3   0.0
   1 2006 105  8899.  -0.4  12.8   0.910   2.9   3.2
   1 2006 106 13219.   9.2  15.3   1.150   3.4   1.4
   1 2006 107 12874.   7.7  14.2   0.930   3.6   0.2
   1 2006 108 12874.   6.1  14.7   0.920   3.0   0.0
   1 2006 109 14774.   3.8  14.8   0.990   2.8   0.0
   1 2006 110 15552.   5.7  16.0   0.960   2.1   0.0
   1 2006 111 14861.   7.7  19.3   1.060   1.5   0.3
   1 2006 112  4925.   5.0  10.3   0.960   1.9   0.0
   1 2006 113 12960.   0.9  14.0   0.950   1.5   0.0
   1 2006 114 17453.   8.4  18.6   1.020   2.0   0.0
   1 2006 115 20131.   9.2  21.9   1.160   2.2   0.0
   1 2006 116  8035.   5.6  16.7   1.270   1.9   2.1
   1 2006 117 22032.   4.3  16.9   0.930   2.2   0.0
   1 2006 118 17107.   1.7  13.2   0.809   2.6   0.1
   1 2006 119  9158.   3.2  10.8   0.796   2.0   8.6
   1 2006 120 15034.   2.6  11.5   0.714   1.4   0.0
   1 2006 121  8208.   3.6  10.4   0.970   3.5   4.0
   1 2006 122 20304.   5.2  18.6   1.080   2.6   0.0
   1 2006 123 18490.  11.6  25.0   1.390   2.2   0.0
   1 2006 124 20822.   9.0  25.7   1.110   3.1   0.0
   1 2006 125 22550.  13.7  24.4   1.170   3.0   0.0
   1 2006 126 22810.  11.2  23.9   0.890   3.2   0.0
   1 2006 127 20822.  13.7  23.9   0.790   4.2   0.0
   1 2006 128 20650.  12.4  24.5   0.940   4.0   0.0
   1 2006 129 23846.  10.8  24.7   0.910   3.4   0.0
   1 2006 130 26006.   7.7  24.5   0.920   2.3   0.0
   1 2006 131 25402.   6.1  25.4   0.970   1.3   0.0
   1 2006 132 23069.   9.0  24.6   1.140   1.5   0.0
   1 2006 133 21254.   8.4  21.7   1.160   2.0   0.0
   1 2006 134 19699.   9.4  17.6   0.930   1.8   0.0
   1 2006 135 15811.   8.7  21.2   1.210   2.7   0.3
   1 2006 136 12442.  12.0  18.5   1.410   3.1   0.0
   1 2006 137 17712.  10.4  20.0   1.370   2.1   2.7
   1 2006 138 16502.  11.8  18.5   1.420   4.3  10.0
   1 2006 139  5443.  10.5  14.5   1.260   5.9   8.8
   1 2006 140  8640.   9.2  15.8   1.250   5.3  34.3
   1 2006 141 10973.  11.2  16.8   1.340   4.3   3.3
   1 2006 142 14429.  12.1  19.4   1.250   5.4   3.9
   1 2006 143 16243.   7.6  13.9   1.020   4.0   3.9
   1 2006 144 14342.   6.9  14.3   1.060   4.9  11.2
   1 2006 145  8294.   5.7  14.0   1.160   2.5   4.8
   1 2006 146  5530.   6.1  14.7   1.370   3.1  13.3
   1 2006 147  4234.  13.0  15.7   1.540   3.9   4.4
   1 2006 148 18490.  10.8  15.6   0.360   4.1   1.1
   1 2006 149 17194.   6.6  15.5   0.980   2.8   7.4
   1 2006 150 18230.   4.4  13.4   0.880   2.6   1.7
   1 2006 151  8381.   4.9  12.1   1.010   2.4   2.5
   1 2006 152 15379.   5.5  13.6   0.920   2.6   0.4
   1 2006 153 28426.   2.7  18.0   0.990   1.3   0.0
   1 2006 154 15466.   8.3  19.7   1.280   2.1   0.0
   1 2006 155 23328.   6.5  17.0   0.960   1.6   0.0
   1 2006 156 20390.   3.7  15.5   0.980   1.6   0.1
   1 2006 157 26957.   2.7  18.1   1.010   1.4   0.0
   1 2006 158 21946.   4.2  20.4   1.050   1.1   0.0
   1 2006 159 28253.   5.0  23.7   1.050   1.2   0.0
   1 2006 160 27475.   7.9  25.8   1.200   1.6   0.0
   1 2006 161 27994.   9.9  27.3   1.260   2.4   0.0
   1 2006 162 29203.  17.0  28.9   1.400   2.8   0.0
   1 2006 163 29635.  16.3  29.4   1.260   2.8   0.0
   1 2006 164 26093.  15.5  31.9   1.740   1.3   0.0
   1 2006 165 13997.  13.2  21.2   1.800   2.1   3.8
   1 2006 166  3888.  11.2  15.7   1.480   1.8   6.5
   1 2006 167 16762.   9.7  18.0   1.120   1.5   0.0
   1 2006 168 28426.   9.8  23.9   1.180   1.2   0.0
   1 2006 169 22982.  11.3  28.1   1.570   1.6   0.0
   1 2006 170 22291.  15.3  23.9   1.790   3.1   0.0
   1 2006 171 21082.  15.3  22.2   1.560   2.8   0.0
   1 2006 172  6048.  12.8  19.5   1.470   4.7   0.1
   1 2006 173 12528.  11.4  18.7   1.200   4.1   0.0
   1 2006 174 15552.   9.6  20.3   1.310   1.5   0.0
   1 2006 175 20131.   8.5  24.4   1.290   1.4   0.0
   1 2006 176  7344.  11.8  23.3   1.770   1.5   8.9
   1 2006 177  4147.  13.0  19.1   1.750   3.7   0.1
   1 2006 178 12874.  11.2  18.9   1.360   1.8   0.0
   1 2006 179 24883.   7.5  21.4   1.200   1.3   0.0
   1 2006 180 26870.   9.1  24.4   1.190   1.6   0.0
   1 2006 181 27562.  13.1  27.9   1.610   1.4   0.0
   1 2006 182 29117.  11.4  29.2   1.360   2.2   0.0
   1 2006 183 28339.  15.0  29.9   1.420   2.9   0.0
   1 2006 184 29290.  17.2  29.6   1.280   2.9   0.0
   1 2006 185 27216.  14.9  32.4   1.640   1.6   0.0
   1 2006 186 20650.  17.2  29.2   1.980   1.8   0.0
   1 2006 187 20736.  18.1  27.2   2.030   1.7  20.1
   1 2006 188 15725.  17.4  23.4   2.050   2.1   0.0
   1 2006 189 19699.  16.5  23.5   1.680   2.1   0.1
   1 2006 190 16848.  16.3  25.5   1.720   3.8   0.0
   1 2006 191 23328.  15.0  25.0   1.670   2.2   0.0
   1 2006 192 14342.  11.4  24.4   1.980   1.7   0.3
   1 2006 193 27648.   8.7  25.4   1.430   1.3   0.0
   1 2006 194 28080.   9.8  27.1   1.460   1.9   0.0
   1 2006 195 27821.  12.1  23.7   1.200   2.8   0.0
   1 2006 196 27562.   7.0  26.7   1.150   2.5   0.0
   1 2006 197 27994.  15.6  29.5   1.190   2.6   0.0
   1 2006 198 27907.  13.4  31.2   1.320   2.1   0.0
   1 2006 199 27216.  12.4  33.6   1.490   1.3   0.0
   1 2006 200 26611.  17.4  35.9   1.610   1.7   0.0
   1 2006 201 21686.  19.9  30.0   2.010   2.6   0.0
   1 2006 202 25315.  18.0  31.3   1.990   1.8   0.0
   1 2006 203 15379.  16.9  30.4   2.190   1.9   0.3
   1 2006 204 17107.  15.9  28.4   2.140   2.1   0.0
   1 2006 205 25488.  13.2  29.9   1.770   1.3   0.0
   1 2006 206 24710.  17.4  31.7   1.700   2.4   0.0
   1 2006 207 22637.  18.9  33.3   1.850   1.7   0.0
   1 2006 208 12010.  16.6  27.5   2.080   1.3   0.0
   1 2006 209 12614.  16.3  28.7   2.130   1.1   0.9
   1 2006 210 17280.  13.9  28.2   1.870   1.4   0.0
   1 2006 211 12096.  15.6  28.2   1.880   2.1   5.3
   1 2006 212 18058.  14.7  24.4   1.610   2.3   0.1
   1 2006 213  8294.  13.9  21.0   1.720   3.5   9.7
   1 2006 214 11405.  13.5  20.8   1.620   3.9   8.4
   1 2006 215  8467.  13.0  19.2   1.650   1.4   7.2
   1 2006 216 14774.  15.7  22.9   1.880   2.3  25.1
   1 2006 217 19786.  15.4  24.7   1.920   1.9   0.0
   1 2006 218 20304.  14.0  24.8   1.730   1.8   0.0
   1 2006 219 14256.  10.5  24.5   1.830   1.8   0.0
   1 2006 220 10541.  11.1  20.3   1.470   1.5   0.5
   1 2006 221  6912.   9.1  19.1   1.540   1.8   1.7
   1 2006 222  9158.   9.9  17.8   1.420   2.3   1.7
   1 2006 223  9763.   9.6  16.5   1.430   2.0   9.7
   1 2006 224 11837.  10.2  18.4   1.430   1.1   0.8
   1 2006 225 21168.   6.2  21.7   1.200   1.7   0.0
   1 2006 226  6394.  11.0  19.6   1.670   3.1   9.4
   1 2006 227  7949.  14.3  19.2   1.690   3.1   1.8
   1 2006 228 15811.  13.9  23.6   1.680   1.7  14.5
   1 2006 229 13910.  14.7  23.5   1.950   2.4   0.2
   1 2006 230 12355.  16.5  22.9   1.840   2.8   3.0
   1 2006 231 16934.  14.9  24.3   1.800   2.6   1.8
   1 2006 232  8986.  13.9  19.4   1.760   3.8  17.8
   1 2006 233 13306.  11.9  21.1   1.690   3.5  10.5
   1 2006 234 15120.  11.0  19.8   1.530   2.5   1.1
   1 2006 235 18403.  10.2  21.5   1.460   1.5   0.0
   1 2006 236 10541.  11.3  20.2   1.620   1.9   9.6
   1 2006 237  8035.  10.8  20.0   1.650   1.3  26.5
   1 2006 238  7776.  10.1  18.6   1.500   1.2   0.1
   1 2006 239 11750.  11.9  20.2   1.560   2.1   4.8
   1 2006 240  8640.  11.0  17.3   1.440   3.1  23.0
   1 2006 241 10800.   9.2  17.3   1.290   2.3  15.9
   1 2006 242 10282.   9.5  17.8   1.340   1.9   9.2
   1 2006 243  8294.  13.4  21.0   1.750   2.0   0.0
   1 2006 244  7690.  13.0  20.6   1.740   2.9   0.1
   1 2006 245  2765.  16.7  21.8   2.060   5.8   3.8
   1 2006 246 14429.  12.4  21.4   1.610   3.1   0.1
   1 2006 247  5875.  12.0  22.5   1.910   1.6   0.0
   1 2006 248 16157.  16.1  25.1   2.020   1.7   0.0
   1 2006 249 10714.   9.7  19.9   1.570   2.0   0.1
   1 2006 250 17366.   8.3  19.4   1.220   1.4   0.0
   1 2006 251 18749.   4.4  20.8   1.230   2.7   0.0
   1 2006 252 18058.  11.1  24.4   1.360   2.5   0.0
   1 2006 253 16070.   8.8  26.7   1.600   1.0   0.0
   1 2006 254 16157.  10.7  28.5   1.840   1.6   0.0
   1 2006 255 15466.  17.9  28.1   1.950   2.1   0.0
   1 2006 256 13565.  17.7  27.9   1.870   2.4   0.0
   1 2006 257 15034.  17.3  26.2   1.530   2.7   0.0
   1 2006 258 13824.  15.4  26.9   1.800   1.3   0.0
   1 2006 259  7862.  12.7  20.5   1.810   2.0   0.0
   1 2006 260  5530.  14.5  20.2   1.790   1.7   0.0
   1 2006 261  6048.  10.0  18.5   1.460   2.6   2.0
   1 2006 262 15466.   9.7  21.1   1.270   2.3   0.0
   1 2006 263 15638.  11.7  25.7   1.520   3.0   0.0
   1 2006 264 13306.  16.4  26.9   1.630   3.0   0.0
   1 2006 265  6394.  14.5  24.0   1.800   1.4   0.0
   1 2006 266  8122.  15.6  24.9   1.910   1.9   0.0
   1 2006 267  5962.  15.2  22.0   1.830   2.4   0.0
   1 2006 268  4234.  13.0  19.4   1.760   2.3   3.7
   1 2006 269 10627.  11.7  19.9   1.530   1.5   0.0
   1 2006 270  9331.  13.0  21.8   1.570   1.8   0.0
   1 2006 271  8294.  13.9  22.2   1.730   2.5   0.0
   1 2006 272 12269.  12.1  21.7   1.510   1.8   0.0
   1 2006 273  6566.  13.5  20.8   1.590   3.4   1.5
   1 2006 274  6048.  12.7  17.7   1.530   5.0   7.2
   1 2006 275  4579.  11.3  17.4   1.470   2.7   0.0
   1 2006 276  6912.   9.1  16.1   1.400   2.9   4.1
   1 2006 277  8986.   9.7  16.6   1.340   3.9   6.8
   1 2006 278  1728.  13.9  16.4   1.640   5.3   7.0
   1 2006 279 11578.  10.1  16.6   1.260   4.6   0.7
   1 2006 280  6739.   8.5  16.7   1.260   2.2   0.0
   1 2006 281  8813.   9.0  18.7   1.440   1.7   0.0
   1 2006 282  3974.  10.5  18.6   1.700   1.7   0.8
   1 2006 283 10195.  12.5  20.0   1.630   2.8   0.0
   1 2006 284  5098.  10.3  19.7   1.670   1.4   0.0
   1 2006 285  5098.   4.8  17.7   0.830   1.1   0.0
   1 2006 286  7517.   9.5  16.6   1.340   2.8   0.0
   1 2006 287  7344.   7.5  15.2   1.180   3.1   0.0
   1 2006 288 10195.   5.6  17.4   1.090   3.1   0.0
   1 2006 289  9418.   7.7  16.7   1.150   2.4   0.0
   1 2006 290  4406.  10.4  16.8   1.460   1.9   2.4
   1 2006 291  4320.  11.9  16.9   1.550   2.9   0.9
   1 2006 292  4838.  13.6  17.2   1.540   3.2   0.2
   1 2006 293  5962.  13.1  16.9   1.540   3.5   0.1
   1 2006 294  4579.  11.6  17.3   1.520   4.2   5.4
   1 2006 295  5270.  11.9  18.9   1.710   3.9  11.2
   1 2006 296  3456.   9.8  15.7   1.420   3.7   5.7
   1 2006 297  4061.   8.4  14.8   1.290   3.0   2.0
   1 2006 298  5616.  13.7  21.9   1.700   4.1   0.0
   1 2006 299  7344.   8.4  15.5   1.210   2.7   0.0
   1 2006 300  2160.   7.8  16.1   1.490   3.1   1.2
   1 2006 301  5011.   7.4  16.4   1.400   3.2   0.0
   1 2006 302  5011.   6.8  14.8   1.200   2.3   0.0
   1 2006 303  2246.   7.3  15.7   1.240   5.1   2.0
   1 2006 304  6221.   0.1  10.8   0.727   3.4   4.5
   1 2006 305  6134.  -0.7   9.2   0.782   1.6   2.2
   1 2006 306  3456.   0.3   9.8   0.870   1.1   0.3
   1 2006 307  3974.   4.4  11.7   1.015   2.3   0.0
   1 2006 308  1901.   8.8  12.4   1.192   3.6   0.0
   1 2006 309  2592.   9.7  12.5   1.234   2.7   0.0
   1 2006 310  1728.   0.0   9.9   0.922   1.7   0.0
   1 2006 311  2419.   2.6  12.8   1.096   4.2   4.7
   1 2006 312  4666.   4.3  12.6   0.972   2.6   0.2
   1 2006 313  4666.   1.6  10.6   0.871   2.0   0.0
   1 2006 314  2419.   5.6  12.0   0.996   5.3  20.9
   1 2006 315  2851.   5.2   9.2   0.936   3.5   4.8
   1 2006 316  1037.   7.1  14.0   1.231   4.5   4.0
   1 2006 317  3197.   9.9  14.2   1.326   4.2   4.0
   1 2006 318  2333.  10.7  15.0   1.360   3.7   0.3
   1 2006 319  2160.  10.7  17.0   1.338   3.9   4.5
   1 2006 320  3802.   8.8  12.9   1.172   3.2   0.5
   1 2006 321  3370.   4.7  11.5   0.977   2.8   0.6
   1 2006 322   950.   4.5   6.9   0.884   1.9   3.2
   1 2006 323   605.   4.9   9.5   0.986   5.1   8.9
   1 2006 324  2678.   2.8   9.7   0.970   3.2   9.7
   1 2006 325  1728.   3.0   8.4   0.911   4.3   5.4
   1 2006 326   605.   7.2  13.0   1.202   5.1   9.4
   1 2006 327  2592.   7.3  13.5   1.182   4.0   0.4
   1 2006 328   864.   9.9  17.7   1.292   5.3   2.7
   1 2006 329  2678.   7.8  13.6   1.162   3.0   0.0
   1 2006 330  2938.   6.4  14.9   1.236   2.8   0.0
   1 2006 331  3024.   8.7  14.7   1.271   2.7   0.6
   1 2006 332  3974.   5.3  11.5   1.042   2.0   0.0
   1 2006 333  1555.   3.1   6.7   0.856   2.9   0.0
