*---------------------------------------------------------*
*   Country: Netherlands
*   Station: Wageningen
*      Year: 2003
*    Source: Meteorology and Air Quality Group,
*            Wageningen University
*    Author: Peter Uithol
* Longitude: 05 40 E
*  Latitude: 51 58 N
* Elevation: 7 m.
*  Comments: Location Haarweg.
*
*  Columns:
*  ========
*  station number
*  year
*  day
*  irradiation (kJ m-2 d-1)
*  minimum temperature (degrees Celsius)
*  maximum temperature (degrees Celsius)
*  vapour pressure (kPa)
*  mean wind speed (m s-1)
*  precipitation (mm d-1)
** WCCDESCRIPTION=Netherlands, Wageningen
** WCCFORMAT=2
** WCCYEARNR=2003
*---------------------------------------------------------*
   5.67  51.97     7.  -0.18 -0.55
   1 2003   1   346.  -1.1  11.0   0.800   4.4  17.9
   1 2003   2   518.   7.3  10.6   1.100   4.4  14.5
   1 2003   3  1037.   1.0   8.4   0.770   2.7   0.9
   1 2003   4  1728.  -4.9   1.0   0.411   2.8   0.0
   1 2003   5  1555.  -6.8  -0.6   0.440   2.0   0.3
   1 2003   6  2938.  -4.6  -0.1   0.430   2.5   0.6
   1 2003   7  2938.  -7.4  -3.4   0.330   2.2   0.0
   1 2003   8  2678.  -8.7  -3.9   0.270   2.6   0.0
   1 2003   9  4666. -12.2  -3.7   0.210   2.2   0.0
   1 2003  10  3024. -10.0  -1.7   0.310   2.2   0.0
   1 2003  11  4320. -10.0   2.1   0.370   1.0   0.0
   1 2003  12  2678.  -3.9   1.6   0.510   3.5   0.0
   1 2003  13   778.   1.5   7.7   0.830   5.2   0.8
   1 2003  14  1382.   6.1   8.5   0.897   5.4   0.2
   1 2003  15  1555.   4.3   6.8   0.734   5.7   2.5
   1 2003  16  3974.   3.0   7.4   0.790   4.1   0.0
   1 2003  17  2938.   0.8   5.2   0.670   4.4   0.0
   1 2003  18   950.   2.1   5.6   0.760   3.7   0.3
   1 2003  19  1555.   1.4   7.1   0.730   5.2   0.8
   1 2003  20  1382.   6.3   9.3   0.920   5.3   2.8
   1 2003  21  3456.   6.4  10.1   0.900   4.2   0.4
   1 2003  22  2506.   6.4   9.4   0.900   4.3   1.3
   1 2003  23   518.   0.0   7.0   0.840   3.3   1.5
   1 2003  24  5184.  -2.9   6.4   0.620   1.3   0.1
   1 2003  25  3024.   0.5   5.8   0.720   3.8   3.7
   1 2003  26  1901.   1.2   9.8   0.831   3.0   2.9
   1 2003  27  1382.   8.3  10.6   1.110   4.0   0.6
   1 2003  28  1555.   3.2   8.5   0.740   6.9   4.3
   1 2003  29  2419.   1.9   6.4   0.730   4.0   7.1
   1 2003  30  4579.  -3.6   2.7   0.540   3.5   1.8
   1 2003  31  6480.  -7.7  -0.6   0.330   1.5   0.1
   1 2003  32  2938.  -6.0  -0.3   0.440   4.1   2.8
   1 2003  33  1382.  -0.3   5.1   0.700   4.9   8.9
   1 2003  34  3715.  -0.4   4.8   0.640   4.7   6.3
   1 2003  35  3456.  -1.0   3.7   0.620   4.2   5.1
   1 2003  36  6394.  -0.4   5.6   0.630   3.2   1.3
   1 2003  37  6912.  -3.7   3.6   0.540   1.7   0.0
   1 2003  38  1123.   1.8   5.6   0.760   2.8   0.3
   1 2003  39  1210.   4.9   7.5   0.910   2.0   1.1
   1 2003  40  1210.   1.9   6.3   0.800   2.7   0.0
   1 2003  41  7603.  -2.4   5.0   0.540   2.1   0.0
   1 2003  42  2246.  -4.6   1.7   0.520   1.5   0.0
   1 2003  43  1901.  -4.5  -1.2   0.460   2.1   0.0
   1 2003  44  8640.  -6.7   2.2   0.357   2.7   0.0
   1 2003  45  8554.  -5.8   4.0   0.268   2.7   0.0
   1 2003  46  1728.  -3.5   0.5   0.460   3.4   0.0
   1 2003  47  9590.  -5.1   1.5   0.330   3.1   0.0
   1 2003  48  9590.  -6.6   3.1   0.330   2.9   0.0
   1 2003  49  9850.  -7.4   4.3   0.340   2.9   0.0
   1 2003  50  9677.  -4.9   4.9   0.410   4.7   0.0
   1 2003  51  9936.  -3.0   6.7   0.460   3.4   0.0
   1 2003  52  9936.  -5.1   9.1   0.490   2.2   0.0
   1 2003  53 10022.  -3.5   9.1   0.510   3.3   0.0
   1 2003  54  9677.  -0.1  11.2   0.590   2.8   0.0
   1 2003  55 10109.  -1.1  13.7   0.630   2.5   0.0
   1 2003  56 11146.  -1.2  10.4   0.490   3.0   0.0
   1 2003  57 10541.   0.7  12.5   0.500   2.4   0.0
   1 2003  58  9936.   4.2  15.8   0.730   1.9   0.0
   1 2003  59  8554.   5.9  14.7   0.910   2.4   2.3
   1 2003  60  8986.   6.7  13.2   0.960   3.2   1.4
   1 2003  61  4925.   5.4  11.7   0.990   2.4   1.3
   1 2003  62  8640.   4.1  11.5   0.800   1.9   0.0
   1 2003  63  8554.   1.9  10.3   0.760   3.7   0.3
   1 2003  64  6394.   7.6  14.1   1.080   2.6   0.0
   1 2003  65  2506.   2.0  10.8   0.900   3.0   2.0
   1 2003  66  8381.   0.5   9.6   0.730   3.6   0.5
   1 2003  67  5702.   4.9  10.4   0.840   7.0   4.6
   1 2003  68  7862.   7.2  12.4   0.900   4.8   0.6
   1 2003  69  6998.   7.1  13.1   0.950   3.8   0.0
   1 2003  70  1296.   7.7  10.7   1.100   4.5  11.2
   1 2003  71  5616.   4.5  10.2   0.860   3.9   0.1
   1 2003  72 13219.  -1.1  10.4   0.620   2.1   0.0
   1 2003  73 15293.  -2.9  10.9   0.480   3.1   0.0
   1 2003  74 15034.  -1.7  11.4   0.540   2.9   0.0
   1 2003  75 15379.  -3.9  12.3   0.560   2.1   0.0
   1 2003  76 14170.  -3.6   8.9   0.630   1.8   0.0
   1 2003  77 14947.  -3.0  13.6   0.620   1.6   0.0
   1 2003  78 12355.  -3.7   9.2   0.680   2.1   0.0
   1 2003  79 10714.   1.4   8.9   0.670   1.7   0.0
   1 2003  80 15379.   0.2  10.3   0.570   3.5   0.0
   1 2003  81 17107.  -0.1  13.7   0.420   3.7   0.0
   1 2003  82 17453.   1.8  16.2   0.440   2.0   0.0
   1 2003  83 14688.   0.6  20.2   0.730   2.5   0.0
   1 2003  84 11059.   4.4  17.3   0.880   1.0   0.0
   1 2003  85 16416.   0.8  18.4   0.650   1.6   0.0
   1 2003  86 15811.  -0.1  17.7   0.757   1.2   0.0
   1 2003  87   864.   1.4  10.3   0.920   1.2   0.0
   1 2003  88  7862.   3.9  17.1   1.040   1.8   0.1
   1 2003  89 15120.   2.1  14.6   0.840   2.2   0.0
   1 2003  90 14861.  -0.9  12.9   0.690   1.4   0.0
   1 2003  91  9072.  -0.9  13.5   0.770   4.5  10.9
   1 2003  92 10714.   2.3  10.4   0.770   4.2   6.7
   1 2003  93 12182.  -1.2   8.8   0.620   3.0   2.2
   1 2003  94  8381.  -3.2   9.7   0.800   2.5   0.0
   1 2003  95 12874.   2.5  10.4   0.770   3.9   0.2
   1 2003  96 15898.  -1.8   9.8   0.470   2.5   0.0
   1 2003  97 19440.  -5.9   7.8   0.320   2.5   0.0
   1 2003  98 15552.  -7.5   7.0   0.380   2.1   0.0
   1 2003  99 12182.  -6.1   6.8   0.410   1.9   0.1
   1 2003 100 10627.  -2.4   6.7   0.550   1.8   0.7
   1 2003 101 10714.  -2.4  10.0   0.640   1.9   0.2
   1 2003 102 20390.  -4.2  15.4   0.480   1.7   0.0
   1 2003 103 20131.  -1.6  17.9   0.560   3.0   0.0
   1 2003 104 20736.   8.9  20.9   0.560   5.1   0.0
   1 2003 105 21686.  10.5  24.2   0.750   4.0   0.0
   1 2003 106 21600.  13.2  24.2   0.740   4.0   0.0
   1 2003 107 22118.  11.9  22.2   0.610   4.4   0.0
   1 2003 108 22550.   5.7  17.4   0.640   4.1   0.0
   1 2003 109 10282.   4.9  11.8   0.780   3.8   0.0
   1 2003 110 19786.   3.6  17.4   0.750   3.1   0.0
   1 2003 111 19786.   3.2  23.7   1.000   1.7   0.0
   1 2003 112 18749.   5.5  17.6   0.920   1.9   0.4
   1 2003 113 20131.   0.5  17.3   0.960   2.1   0.0
   1 2003 114 20909.   1.3  22.4   0.820   1.6   0.2
   1 2003 115 12701.   7.4  23.2   1.090   2.2   1.0
   1 2003 116  4320.   7.9  15.3   1.380   2.3  18.0
   1 2003 117 13219.  10.0  15.2   1.130   5.2   3.1
   1 2003 118 13133.   9.9  22.2   1.280   3.9   1.7
   1 2003 119 19613.   7.5  17.7   1.170   4.0   3.2
   1 2003 120  5184.   9.6  14.8   1.240   3.1   4.5
   1 2003 121 15552.   6.7  15.8   1.060   4.7   5.5
   1 2003 122 13824.   8.2  20.6   1.090   3.5   5.3
   1 2003 123 19440.   8.9  15.4   0.980   6.2   3.4
   1 2003 124 25661.   8.2  23.5   0.940   2.9   0.0
   1 2003 125  7603.  10.9  17.5   1.380   1.8   1.0
   1 2003 126 11923.   3.6  16.6   1.060   1.4   6.1
   1 2003 127 24624.   1.1  19.0   0.850   1.2   0.0
   1 2003 128 21514.   3.0  19.6   1.000   1.8   0.4
   1 2003 129 12269.   5.1  16.8   0.990   1.1   0.0
   1 2003 130 22723.   4.5  17.7   0.900   1.9   0.0
   1 2003 131 23242.   6.1  20.0   1.060   2.2   0.0
   1 2003 132 11664.   8.9  14.9   1.090   3.7   7.8
   1 2003 133 20650.   6.1  13.9   0.900   4.1   7.8
   1 2003 134 13738.   5.4  13.2   0.950   3.6   1.7
   1 2003 135 18317.   3.9  14.8   0.880   1.3   1.0
   1 2003 136 23501.   1.0  17.2   0.799   2.0   0.0
   1 2003 137 12874.  10.4  18.4   1.220   2.7   2.1
   1 2003 138 12182.  11.5  18.1   1.280   3.5   4.5
   1 2003 139  7171.  10.4  15.2   1.290   3.3   7.4
   1 2003 140 14861.   9.1  15.1   1.090   5.7   5.2
   1 2003 141 13133.   9.7  16.4   1.160   3.6   4.7
   1 2003 142  4061.  10.8  16.1   1.420   3.5   4.6
   1 2003 143  6221.  11.8  14.6   1.380   3.8  13.4
   1 2003 144  3542.  11.6  16.3   1.460   1.0   7.0
   1 2003 145 11837.   7.9  15.1   1.280   2.8   1.1
   1 2003 146 25488.   5.5  20.3   1.110   1.4   0.0
   1 2003 147 21600.   6.9  22.1   1.100   1.4   0.0
   1 2003 148 26698.  12.5  24.0   1.170   2.5   0.0
   1 2003 149 28080.  10.0  25.9   1.290   2.3   0.0
   1 2003 150 25056.  11.6  28.2   1.550   1.3   0.0
   1 2003 151 26006.  12.0  26.8   1.510   1.8   0.0
   1 2003 152 24970.  14.1  27.8   1.610   2.2   0.0
   1 2003 153 21773.  14.4  28.0   1.880   3.1   2.8
   1 2003 154 20390.  11.3  25.5   1.720   1.8   8.1
   1 2003 155 22032.  15.5  28.0   1.980   2.7   5.0
   1 2003 156 17885.  10.0  21.0   1.440   1.9   0.4
   1 2003 157 26870.   9.9  24.8   1.300   1.6   0.0
   1 2003 158 24451.  13.5  26.4   1.560   1.7   0.0
   1 2003 159 13392.  13.0  26.1   1.690   3.0  16.6
   1 2003 160 25142.  11.8  22.0   1.210   3.2   0.0
   1 2003 161 14774.  14.9  24.5   1.760   3.2   2.1
   1 2003 162 26698.  11.6  22.0   1.480   3.3   0.0
   1 2003 163 22291.  10.2  25.2   1.480   1.3   4.4
   1 2003 164 27648.   7.9  23.5   1.220   1.4   0.0
   1 2003 165 17453.  11.0  21.8   1.220   2.2   0.3
   1 2003 166 28253.   8.0  23.9   1.200   1.5   0.0
   1 2003 167 28512.   8.8  24.3   1.250   1.4   0.0
   1 2003 168 22032.  12.3  26.0   1.500   1.9   0.0
   1 2003 169 20045.  16.4  23.7   1.540   3.7   0.1
   1 2003 170  6653.  16.7  20.1   1.800   4.8   0.9
   1 2003 171 23587.   9.3  19.0   1.070   3.7   0.0
   1 2003 172 24278.   9.2  20.4   1.110   2.4   0.0
   1 2003 173 18749.   9.4  24.7   1.410   2.2   0.1
   1 2003 174 20563.  13.0  25.7   1.690   4.0   0.2
   1 2003 175 22810.   9.7  20.8   1.280   2.5   0.0
   1 2003 176 26525.   6.6  22.5   1.190   1.8   0.0
   1 2003 177 28253.  10.3  23.9   1.190   3.0   0.0
   1 2003 178 26438.  13.5  26.8   1.350   2.4   0.0
   1 2003 179 14947.  10.5  22.5   1.620   2.1   0.0
   1 2003 180 22810.   8.1  24.1   1.230   1.2   0.0
   1 2003 181  7949.  13.7  20.5   1.610   2.3   3.9
   1 2003 182 16416.  13.9  20.5   1.590   3.5   0.5
   1 2003 183 12960.  12.5  19.1   1.520   4.6   6.4
   1 2003 184 13219.  12.5  19.6   1.550   4.2  10.9
   1 2003 185  6048.  13.7  17.5   1.530   3.8   0.1
   1 2003 186  9504.  13.6  18.9   1.500   3.0   0.1
   1 2003 187 10368.  11.7  19.2   1.400   1.2   0.0
   1 2003 188 18317.  11.5  22.8   1.440   1.0   0.0
   1 2003 189 19526.  10.1  23.3   1.470   1.4   1.2
   1 2003 190 20218.   9.5  22.7   1.460   1.5   0.0
   1 2003 191 28253.   7.9  25.8   1.340   1.3   0.0
   1 2003 192 20995.  11.2  26.3   1.660   3.1   0.0
   1 2003 193 16762.  10.0  21.7   1.250   1.6   0.0
   1 2003 194 28944.   7.4  24.8   1.220   2.1   0.0
   1 2003 195 28944.  13.6  27.2   1.250   3.4   0.0
   1 2003 196 28253.  14.2  30.7   1.270   3.8   0.0
   1 2003 197 24624.  18.9  34.2   1.630   3.8   0.3
   1 2003 198  6394.  16.7  20.2   1.780   3.7   2.7
   1 2003 199 15206.  13.8  24.9   1.730   2.8   0.0
   1 2003 200 26352.  12.8  31.1   1.470   2.5   0.0
   1 2003 201 20563.  15.7  32.1   1.650   2.8   0.0
   1 2003 202 24710.  12.0  28.5   1.500   1.4   0.0
   1 2003 203 20995.  13.1  24.2   1.550   2.4   3.8
   1 2003 204 22723.  11.9  25.4   1.450   1.8   0.2
   1 2003 205 13738.  14.3  24.7   1.710   1.7  14.4
   1 2003 206 19094.  13.2  24.4   1.570   2.7   1.0
   1 2003 207 12701.  15.9  23.0   1.650   3.0   1.2
   1 2003 208 15120.  13.1  23.0   1.830   3.7   0.7
   1 2003 209 19267.  12.9  23.3   1.380   2.3   0.0
   1 2003 210 22032.  11.4  26.1   1.370   2.3   0.0
   1 2003 211  8899.  13.7  23.0   1.850   1.8   1.9
   1 2003 212 23846.  11.2  26.3   1.510   1.1   0.0
   1 2003 213 24365.  12.0  28.0   1.570   1.8   0.0
   1 2003 214 20563.  14.2  27.8   1.800   1.5   0.0
   1 2003 215 23760.  13.2  28.4   1.700   1.3   0.0
   1 2003 216 23933.  12.5  29.9   1.520   1.6   0.0
   1 2003 217 22291.  12.3  31.0   1.460   1.9   0.0
   1 2003 218 22896.  17.1  32.0   1.590   2.7   0.2
   1 2003 219 22637.  17.0  34.5   1.910   2.0   0.0
   1 2003 220 19872.  17.1  33.0   2.160   1.5   0.0
   1 2003 221 21859.  15.9  28.3   1.930   2.3   0.0
   1 2003 222 19181.  16.3  31.3   1.830   1.1   0.0
   1 2003 223 19526.  12.6  31.9   1.820   1.2   0.0
   1 2003 224 21254.  16.8  33.9   2.000   2.6   0.0
   1 2003 225 21082.  14.5  27.4   1.750   2.6   0.0
   1 2003 226 21168.  13.4  22.8   1.300   2.1   0.0
   1 2003 227 21341.  10.6  22.9   1.200   1.7   0.0
   1 2003 228 18662.   6.5  24.2   1.100   1.4   0.0
   1 2003 229  6653.  13.3  21.7   1.460   2.4   5.6
   1 2003 230  8986.  12.3  23.4   1.800   2.1   0.8
   1 2003 231 14342.  10.0  23.7   1.410   2.8   0.0
   1 2003 232 13738.  10.3  23.1   1.210   1.6   0.0
   1 2003 233 17453.   7.9  24.1   1.250   2.3   0.0
   1 2003 234  5011.  12.7  21.0   1.830   3.2   0.8
   1 2003 235 12787.   8.4  25.3   1.670   2.6   0.3
   1 2003 236  6653.   8.7  20.0   1.420   1.1   0.0
   1 2003 237 17626.  12.3  24.5   1.340   1.6   0.0
   1 2003 238 16848.  11.5  23.3   1.430   1.7   0.0
   1 2003 239  9763.  13.4  19.9   1.310   1.6   0.0
   1 2003 240 11578.  10.0  22.1   1.290   1.1   1.6
   1 2003 241  6480.  12.5  17.0   1.450   1.8  17.1
   1 2003 242 17194.   9.0  20.8   1.170   2.4   0.0
   1 2003 243 11578.   9.2  18.3   1.220   2.1   3.3
   1 2003 244 13910.   8.1  18.6   1.149   2.0   0.0
   1 2003 245 14861.   6.5  19.4   1.036   1.0  10.5
   1 2003 246 17539.   4.0  21.9   1.090   0.9   0.0
   1 2003 247 14170.   5.5  22.4   1.130   1.0   0.0
   1 2003 248 17107.   5.5  25.7   1.127   2.1   0.0
   1 2003 249  7603.  13.4  20.8   1.664   2.2   3.7
   1 2003 250  9245.  11.1  19.9   1.477   1.2   0.0
   1 2003 251  9936.   8.8  20.1   1.300   1.1   0.1
   1 2003 252  9590.   7.9  19.7   1.269   1.3   0.9
   1 2003 253  3197.   8.6  14.1   1.312   1.9  16.2
   1 2003 254 10800.   8.2  19.2   1.303   2.5   0.0
   1 2003 255  3888.   7.5  17.4   1.440   1.0   1.5
   1 2003 256 16934.   4.9  20.5   1.046   1.1   0.0
   1 2003 257 18058.   3.2  21.2   0.999   1.3   0.0
   1 2003 258 15379.   4.6  24.1   1.208   0.9   0.0
   1 2003 259 15206.   8.0  24.0   1.265   1.1   0.0
   1 2003 260 15466.   7.1  25.4   1.234   1.0   0.0
   1 2003 261 15638.  11.7  27.6   1.296   1.9   0.0
   1 2003 262 14515.  11.8  26.3   1.596   1.5   0.0
   1 2003 263 14429.  12.7  28.0   1.573   1.1   0.0
   1 2003 264 13738.  13.2  25.4   1.512   1.4   0.0
   1 2003 265 13824.  10.8  25.6   1.395   4.1   2.4
   1 2003 266  8467.   5.7  14.6   1.083   2.2   7.7
   1 2003 267 11664.   2.6  17.2   0.835   0.9   0.0
   1 2003 268 14256.   1.3  18.6   0.841   2.1   0.0
   1 2003 269 10109.   7.1  18.1   1.090   2.1   0.0
   1 2003 270 10282.   4.4  18.6   1.040   1.0   0.0
   1 2003 271  3888.   5.0  15.1   1.198   1.9   1.9
   1 2003 272  9590.   4.6  16.8   1.144   2.0   0.5
   1 2003 273 11923.   4.4  18.0   1.069   2.5   0.0
   1 2003 274  7862.   7.2  16.7   1.170   2.2   4.4
   1 2003 275  5789.  10.0  17.7   1.420   1.2   0.0
   1 2003 276  5875.  11.8  18.4   1.450   1.3   0.5
   1 2003 277  9418.   7.6  14.6   1.110   2.1   0.8
   1 2003 278 11578.   2.9  14.1   0.850   1.9   0.4
   1 2003 279  2938.   5.4  12.7   0.970   5.3   7.6
   1 2003 280  4925.   4.2  10.4   0.990   5.1  24.9
   1 2003 281  3283.   8.5  13.6   1.160   4.0  12.8
   1 2003 282  3802.   7.6  15.3   1.260   2.9   0.0
   1 2003 283  5875.   7.9  16.8   1.280   3.6   1.0
   1 2003 284  4234.   3.0  14.2   1.040   1.8   0.0
   1 2003 285 10973.   0.2  14.7   0.800   2.0   0.0
   1 2003 286  8554.   5.8  14.1   0.830   3.8   0.0
   1 2003 287 10282.   6.4  12.7   0.760   4.3   0.0
   1 2003 288 11146.   1.7  12.9   0.720   3.1   0.0
   1 2003 289 10886.   2.0  12.4   0.750   2.7   0.0
   1 2003 290 10800.   3.0  12.3   0.690   3.6   0.0
   1 2003 291  9936.  -2.9  12.6   0.630   1.9   0.0
   1 2003 292  9245.  -0.7  12.0   0.682   2.0   0.0
   1 2003 293  4406.  -1.3   9.3   0.830   1.6   2.1
   1 2003 294  2333.   4.7   7.3   0.850   1.4   0.4
   1 2003 295  5962.   2.2   9.2   0.790   3.4   0.0
   1 2003 296  9418.  -6.3   7.0   0.510   3.2   0.0
   1 2003 297  2592.  -7.2   2.3   0.570   1.8   2.4
   1 2003 298  3629.  -0.3   9.0   0.820   3.5   2.1
   1 2003 299  5098.  -1.1  11.0   0.840   2.4   5.9
   1 2003 300  8986.  -5.3   7.1   0.580   1.1   0.0
   1 2003 301  6134.  -3.2   8.6   0.620   1.1   0.0
   1 2003 302  7258.  -2.8   9.1   0.660   2.4   0.1
   1 2003 303  4234.   4.6  10.4   0.940   2.8   0.5
   1 2003 304  2419.   4.8  11.2   1.020   3.3   4.4
   1 2003 305  1555.   8.1  11.3   1.100   2.8   3.1
   1 2003 306  3283.   5.7  11.9   1.060   4.8   4.4
   1 2003 307  3888.   8.9  13.5   1.150   5.7   3.1
   1 2003 308  5789.   4.8  11.9   1.050   2.1   0.0
   1 2003 309  6739.   5.0  14.4   0.950   2.8   0.0
   1 2003 310  6826.   1.9  14.1   0.850   2.0   0.0
   1 2003 311  6653.   3.6  10.7   0.750   4.5   0.0
   1 2003 312  6048.   5.4  10.2   0.790   4.5   0.0
   1 2003 313  5357.   3.6  11.1   0.860   3.4   0.0
   1 2003 314  3802.   2.5  14.6   0.900   2.0   0.0
   1 2003 315  1555.   1.7   5.2   0.740   2.9   0.0
   1 2003 316  4579.   0.5   8.2   0.740   2.8   0.5
   1 2003 317  5098.   5.1  13.1   1.060   2.2   0.1
   1 2003 318  1901.   4.2   8.5   0.910   3.5   1.4
   1 2003 319  1728.   4.7  10.6   0.990   3.6   0.0
   1 2003 320   864.   4.4   7.1   0.890   1.6   5.8
   1 2003 321  2419.   5.7   9.0   1.000   4.7   1.1
   1 2003 322   605.   8.3  12.7   1.300   4.6   1.4
   1 2003 323   778.  11.8  13.4   1.350   5.8   0.0
   1 2003 324   346.   8.1  12.0   1.150   3.6   0.0
   1 2003 325  2160.   7.2  11.0   1.080   2.7   0.0
   1 2003 326  1901.   9.1  14.1   1.220   2.8   2.4
   1 2003 327  1642.  10.3  14.5   1.260   2.0   0.1
   1 2003 328   432.   6.6  10.9   1.070   1.6   4.4
   1 2003 329  3456.   4.4   9.6   0.960   1.8   0.0
   1 2003 330  1987.   6.7  10.6   0.970   4.6   4.2
   1 2003 331  1728.   3.7   7.4   0.890   1.3   0.0
   1 2003 332  4061.  -0.9   8.9   0.730   1.7   0.0
   1 2003 333  2678.   2.0   6.2   0.740   3.6   0.1
   1 2003 334   432.   3.9   8.8   0.940   3.2   1.5
   1 2003 335  1642.   7.3  12.8   1.090   3.6   5.5
   1 2003 336  1728.   0.3   9.8   0.860   1.6   0.0
   1 2003 337  2333.  -0.3   5.7   0.770   1.8   0.0
   1 2003 338   346.   3.6   5.7   0.840   3.2   0.0
   1 2003 339   864.   3.1   4.7   0.790   1.9   0.0
   1 2003 340  2678.  -1.3   8.8   0.640   2.9   0.5
   1 2003 341  4320.  -2.9   2.5   0.430   2.5   0.0
   1 2003 342  4061.  -8.8   1.8   0.460   2.2   0.0
   1 2003 343  4061.  -5.9   6.3   0.410   1.7   0.0
   1 2003 344  3629.  -7.5   4.8   0.460   1.0   0.0
   1 2003 345   950.  -1.3   6.3   0.710   4.1   6.5
   1 2003 346  1814.  -2.6   9.2   0.750   2.2   0.8
   1 2003 347   346.   9.2  12.3   1.310   6.9  32.2
   1 2003 348  2333.   2.1  10.5   0.900   5.8  14.5
   1 2003 349  2765.   0.9   5.9   0.660   3.9   0.7
   1 2003 350  2506.   2.1   7.5   0.810   2.4   0.0
   1 2003 351  2938.   0.5   7.0   0.710   1.8   0.0
   1 2003 352  3715.  -0.1   6.9   0.640   2.3   0.1
   1 2003 353  1123.  -0.6   5.6   0.740   1.9   0.0
   1 2003 354   432.   5.0  10.9   0.990   4.8   3.7
   1 2003 355  1296.   0.3   8.1   0.790   6.8  10.9
   1 2003 356  3024.  -2.8   3.2   0.580   2.3   0.6
   1 2003 357   346.  -1.9   1.5   0.620   2.9   7.4
   1 2003 358   432.   1.4   5.5   0.760   3.7   0.7
   1 2003 359   432.   5.5   8.9   1.010   4.0   0.0
   1 2003 360   950.   6.4   8.5   0.950   4.9   0.0
   1 2003 361  3197.   4.7   8.9   0.890   5.0   1.5
   1 2003 362   518.   3.5   9.4   0.870   4.6  16.0
   1 2003 363  2074.   2.2   4.8   0.730   3.5   0.1
   1 2003 364  2246.   0.4   4.5   0.700   1.3   0.0
   1 2003 365   691.  -0.3   2.1   0.010   2.0   0.0
