*---------------------------------------------------------*
*   Country: Netherlands
*   Station: Wageningen
*      Year: 2001
*    Source: Dep. of Meteorology, Wageningen Agricultural
*            University.
*    Author: Peter Uithol
* Longitude: 05 40 E
*  Latitude: 51 58 N
* Elevation: 7 m.
*  Comments: Location Haarweg.
*
*  Columns:
*  ========
*  station number
*  year
*  day
*  irradiation (kJ m-2 d-1)
*  minimum temperature (degrees Celsius)
*  maximum temperature (degrees Celsius)
*  vapour pressure (kPa)
*  mean wind speed (m s-1)
*  precipitation (mm d-1)
** WCCDESCRIPTION=Netherlands, Wageningen
** WCCFORMAT=2
** WCCYEARNR=2001
*---------------------------------------------------------*
   5.67  51.97     7.  -0.18 -0.55
   1 2001   1   714.   1.1   6.7   0.706   5.2  13.6
   1 2001   2  2593.   5.4  11.1   0.943   5.0   0.3
   1 2001   3  2680.   4.0   9.6   0.859   4.6   4.4
   1 2001   4   926.   5.6   9.2   0.921   5.3   5.0
   1 2001   5   361.   6.1  10.5   0.954   5.0  15.6
   1 2001   6  1495.   4.1   7.7   0.861   3.5   1.7
   1 2001   7  1058.   3.4   6.4   0.806   3.9   0.0
   1 2001   8  1933.   1.0   5.4   0.742   3.5   2.4
   1 2001   9  2105.  -1.8   5.4   0.739   1.7   0.1
   1 2001  10  2192.  -3.3   4.2   0.637   2.7   0.0
   1 2001  11  4213.  -2.1   4.1   0.521   3.3   0.0
   1 2001  12  2014.  -4.7   4.4   0.566   1.7   0.0
   1 2001  13  4614.  -3.0   3.0   0.478   2.6   0.0
   1 2001  14  1149.  -6.5   0.4   0.484   2.8   0.0
   1 2001  15  4750.  -3.7   1.6   0.438   3.6   0.0
   1 2001  16  4704.  -7.7   1.1   0.387   1.8   0.0
   1 2001  17  4316.  -9.7  -0.5   0.358   1.0   0.0
   1 2001  18   783.  -8.5   1.7   0.501   1.0   0.1
   1 2001  19  1615.  -0.6   0.7   0.592   0.9   0.0
   1 2001  20  1282.  -1.1   0.6   0.581   1.7   1.7
   1 2001  21  3841.  -1.3   1.7   0.550   3.8   2.3
   1 2001  22  1576.   0.5   5.8   0.710   3.6   6.3
   1 2001  23  2870.   4.3  11.1   0.914   4.5   2.5
   1 2001  24  2897.   3.6  12.5   0.957   4.8  13.8
   1 2001  25  1197.   2.9   7.4   0.828   3.1   3.1
   1 2001  26  1860.   2.6   6.5   0.762   3.7   0.6
   1 2001  27  1188.   2.8   5.2   0.739   4.3  12.6
   1 2001  28  5011.   0.3   7.2   0.725   2.1   0.2
   1 2001  29  4008.  -1.2   5.9   0.639   0.9   0.0
   1 2001  30  2718.  -2.1   2.9   0.628   1.3   0.0
   1 2001  31  3178.  -3.2   4.9   0.617   1.7   0.0
   1 2001  32  1792.  -1.8   2.0   0.592   2.1   0.0
   1 2001  33  1264.  -0.6   1.3   0.596   2.7   5.6
   1 2001  34  2768.  -1.1   2.9   0.600   2.9   9.8
   1 2001  35  1211.   0.3   8.8   0.740   2.4  20.6
   1 2001  36  1629.   7.7  10.8   1.006   6.1   4.7
   1 2001  37  1921.   8.3  12.8   1.097   5.4   6.6
   1 2001  38  5024.   9.0  11.9   1.048   4.0   4.9
   1 2001  39  3282.   2.6  12.1   0.936   4.5   9.3
   1 2001  40  6196.  -1.9   6.7   0.606   1.5   0.7
   1 2001  41  7204.  -3.1   7.0   0.615   2.8   0.9
   1 2001  42  2459.   4.7  11.7   1.035   5.2   0.3
   1 2001  43  2797.   6.4  12.9   1.091   4.0   3.6
   1 2001  44  7164.  -1.1   9.5   0.769   2.2   0.0
   1 2001  45  6371.  -1.2   9.2   0.716   1.9   0.0
   1 2001  46  8656.  -2.1  13.4   0.650   1.1   0.0
   1 2001  47  2593.  -2.4   4.8   0.678   1.9   7.1
   1 2001  48  2063.   0.8   5.3   0.703   2.2   0.0
   1 2001  49  4923.   1.3   7.8   0.722   1.6   0.0
   1 2001  50  4041.   1.4   6.5   0.757   3.2   0.3
   1 2001  51  5715.   1.8   8.4   0.768   3.1   0.0
   1 2001  52  2915.   3.3   8.9   0.869   3.3   2.6
   1 2001  53  4559.   0.8   8.0   0.733   4.0   5.1
   1 2001  54  8861.   0.0   5.8   0.612   2.3   1.0
   1 2001  55 11239.  -4.0   1.8   0.429   2.4   0.8
   1 2001  56  7471.  -2.0   3.7   0.565   3.7   1.4
   1 2001  57  7812.  -0.3   5.3   0.593   3.5   0.4
   1 2001  58  7944.  -0.5   4.9   0.487   3.9   0.0
   1 2001  59  6791.   1.3   7.5   0.585   2.3   0.0
   1 2001  60  1618.   1.2   3.5   0.680   1.4   2.1
   1 2001  61  6033.  -1.4   4.2   0.581   2.2   0.0
   1 2001  62  3716.  -3.1   0.5   0.453   2.8   0.0
   1 2001  63  3183.  -1.0   3.2   0.576   2.4   0.0
   1 2001  64  4479.  -0.4   4.1   0.517   2.2   0.0
   1 2001  65 12495.  -1.2   9.1   0.544   4.1   0.0
   1 2001  66  6194.   2.0  13.0   0.948   3.3   3.9
   1 2001  67  2503.   6.6  11.2   1.033   4.0   1.1
   1 2001  68  2720.   6.9  11.6   1.066   3.6   0.7
   1 2001  69  2920.   8.7  12.0   1.153   3.7  10.8
   1 2001  70  4369.   9.5  13.5   1.233   4.1   3.7
   1 2001  71  9950.   4.3  12.8   0.857   4.4   2.5
   1 2001  72  3928.   2.8   7.7   0.803   4.6   2.1
   1 2001  73  9019.   1.1   9.3   0.727   4.2   0.0
   1 2001  74  7134.   0.2  11.4   0.822   1.0   0.2
   1 2001  75  5032.   5.3   9.6   0.845   2.5   0.1
   1 2001  76  1539.   2.6   5.3   0.715   2.9   0.1
   1 2001  77  2689.   2.2   5.6   0.748   1.9  16.2
   1 2001  78  8268.  -1.5   5.5   0.569   3.8   5.2
   1 2001  79 12031.  -3.3   6.5   0.477   2.9   0.0
   1 2001  80  2308.   0.2   2.0   0.557   3.8   6.3
   1 2001  81  3907.   1.1   4.5   0.692   1.8   0.0
   1 2001  82  1879.   4.4  11.5   0.923   4.2  11.9
   1 2001  83 13118.   3.3  10.7   0.835   3.1   0.0
   1 2001  84  2357.   1.6   3.4   0.633   3.5   0.0
   1 2001  85  7968.   1.1   5.6   0.563   3.1   0.0
   1 2001  86  5634.   1.4   5.3   0.561   4.7   0.0
   1 2001  87  7113.   3.1  12.0   0.788   4.9   1.1
   1 2001  88  3702.   4.3   8.2   0.895   2.4  11.8
   1 2001  89  6121.   3.2  10.7   0.861   2.3   0.1
   1 2001  90  7910.   3.2  13.4   0.915   3.8   0.1
   1 2001  91  7631.   4.0  15.2   1.176   2.3   0.0
   1 2001  92 18565.   3.6  21.5   0.972   2.9   0.0
   1 2001  93 13287.  10.2  14.9   1.016   4.1   0.1
   1 2001  94  6439.   5.9  11.5   0.943   5.8   1.5
   1 2001  95 12188.   4.4  12.1   0.841   5.6   7.2
   1 2001  96  7684.   8.2  13.3   1.144   5.2   7.9
   1 2001  97 13393.   3.4  12.8   0.899   3.5   1.2
   1 2001  98 11557.   2.8  11.3   0.827   2.5   0.7
   1 2001  99  4864.   5.4   9.8   0.935   2.8   0.0
   1 2001 100  8086.   6.5  12.4   1.018   2.8   4.0
   1 2001 101  8424.   3.1  12.2   0.884   2.5   0.0
   1 2001 102 13665.   0.5   9.1   0.662   2.7   0.2
   1 2001 103 12594.  -2.7   8.1   0.494   2.3   0.0
   1 2001 104 11467.  -4.4   5.8   0.507   2.9   7.3
   1 2001 105  7221.   4.6  10.2   0.932   4.1   8.2
   1 2001 106  8951.   4.3  10.2   0.839   2.9   2.3
   1 2001 107  8907.   2.5   8.5   0.703   3.3   0.2
   1 2001 108 13507.   0.0   8.9   0.711   4.0   4.8
   1 2001 109 15714.   0.4   7.8   0.664   3.7   5.1
   1 2001 110 16050.   0.0   9.6   0.679   1.9   1.4
   1 2001 111 15547.  -2.5  11.7   0.629   2.2   0.0
   1 2001 112 20656.  -2.0  12.6   0.591   1.3   0.0
   1 2001 113 14912.  -0.1  13.4   0.669   1.3   0.0
   1 2001 114 14655.   6.1  15.5   0.880   3.4   1.1
   1 2001 115  8638.   7.8  14.7   1.090   2.9   6.4
   1 2001 116 12723.   7.6  14.1   0.987   4.3   2.9
   1 2001 117 12215.   7.2  13.6   1.031   2.5   3.1
   1 2001 118 12731.   6.8  14.1   1.022   4.1   3.1
   1 2001 119 16698.   6.9  16.8   1.063   3.2   0.2
   1 2001 120 18308.   9.7  20.1   1.224   2.1   0.3
   1 2001 121 12107.   7.8  15.3   1.007   3.2   0.0
   1 2001 122 21927.   6.7  21.1   0.964   3.4   0.0
   1 2001 123 14915.   8.4  19.4   1.233   1.9   1.4
   1 2001 124  5713.   4.9  10.3   0.936   2.2   1.3
   1 2001 125 25791.   3.3  12.6   0.694   3.1   0.0
   1 2001 126 16532.   4.3  15.0   0.806   2.9   0.0
   1 2001 127 23941.   5.8  16.7   0.836   2.9   0.0
   1 2001 128 19276.   3.4  16.8   0.943   1.9   0.0
   1 2001 129 24465.   9.6  23.9   1.256   3.1   0.0
   1 2001 130 26175.  14.2  25.2   1.089   3.6   0.0
   1 2001 131 26492.   6.4  25.5   1.034   1.7   0.0
   1 2001 132 26609.   7.2  24.4   1.021   2.6   0.0
   1 2001 133 25466.  13.4  25.5   1.131   2.2   0.0
   1 2001 134 16561.  10.9  21.2   1.504   2.3  25.7
   1 2001 135 20650.  10.2  19.2   1.271   2.5   0.4
   1 2001 136 14750.  10.7  19.2   1.312   4.3   2.5
   1 2001 137 18295.   9.4  16.9   1.028   5.5   7.8
   1 2001 138 12162.   9.9  15.4   1.170   4.1   1.9
   1 2001 139 18772.   5.8  16.8   1.026   2.5   0.0
   1 2001 140 25197.   2.3  17.6   0.965   1.5   0.0
   1 2001 141 27375.   3.4  17.5   0.926   2.7   0.0
   1 2001 142 28418.   6.4  20.3   1.006   2.9   0.0
   1 2001 143 28917.   8.6  23.9   1.073   2.8   0.0
   1 2001 144 28811.   7.0  23.4   1.212   2.2   0.0
   1 2001 145 29772.   7.7  24.4   0.962   1.8   0.0
   1 2001 146 23034.   6.6  24.1   1.182   2.0   0.0
   1 2001 147  9302.  10.9  19.7   1.514   3.3   0.3
   1 2001 148 13562.  15.5  23.0   1.718   4.6   0.8
   1 2001 149 28162.  10.9  20.4   1.344   4.0   0.0
   1 2001 150 19668.   9.2  21.6   1.257   1.4   0.0
   1 2001 151 19900.   7.5  18.0   1.159   3.0   0.4
   1 2001 152 15760.   7.0  17.9   1.167   3.1   2.7
   1 2001 153  9215.   6.9  15.6   1.222   4.0  11.5
   1 2001 154 13950.   6.4  12.3   0.913   3.9   2.3
   1 2001 155  9840.   6.2  15.8   1.082   2.8   0.0
   1 2001 156 21355.  11.0  21.0   1.169   1.9   0.0
   1 2001 157 21212.  11.2  20.7   1.358   3.2   5.7
   1 2001 158 20395.  10.4  16.3   1.059   4.5   2.3
   1 2001 159 25601.   5.3  16.5   0.945   2.6   0.0
   1 2001 160 22093.   2.9  16.8   0.830   0.9   0.0
   1 2001 161 17967.   5.1  18.7   0.999   1.5   0.6
   1 2001 162 22896.   5.9  17.0   1.018   2.4   0.1
   1 2001 163 10566.   8.4  18.0   1.202   1.5   0.1
   1 2001 164 24673.   5.3  19.6   1.145   1.2   0.0
   1 2001 165 25680.   6.8  21.7   1.067   1.7   0.0
   1 2001 166 19820.  12.8  23.7   1.443   3.2   0.0
   1 2001 167 20282.  11.3  21.5   1.484   2.3   1.5
   1 2001 168 12751.  12.1  18.8   1.533   1.9   3.9
   1 2001 169 11146.  11.0  16.5   1.293   2.4   0.0
   1 2001 170 26700.   7.6  19.3   1.035   1.3   0.0
   1 2001 171 24331.   9.1  22.9   1.248   2.2   0.0
   1 2001 172 19724.   9.4  19.7   1.208   2.3   0.0
   1 2001 173 12239.   9.3  17.2   1.249   2.6   0.1
   1 2001 174 24188.   9.2  21.3   1.235   1.1   0.0
   1 2001 175 22338.   6.9  25.7   1.431   1.2   0.0
   1 2001 176 29775.  11.2  25.3   1.310   2.2   0.0
   1 2001 177 28214.  12.2  28.4   1.431   3.3   0.0
   1 2001 178 14401.  16.5  25.6   1.894   3.1   0.9
   1 2001 179 23182.  14.8  23.4   1.654   3.1   0.0
   1 2001 180 19404.  14.2  23.7   1.710   2.4   0.0
   1 2001 181 15923.  14.7  23.2   1.752   2.0   5.3
   1 2001 182 23102.  11.9  22.0   1.505   2.4   0.0
   1 2001 183 13635.  11.3  22.0   1.604   1.1   0.0
   1 2001 184 30070.  12.2  25.0   1.607   3.3   0.0
   1 2001 185 29625.  16.2  28.5   1.385   4.3   0.0
   1 2001 186 28545.  19.6  31.5   1.772   3.2   0.0
   1 2001 187 21320.  20.2  30.9   1.862   2.4   0.0
   1 2001 188 15955.  16.8  26.3   1.956   3.4   0.5
   1 2001 189  3037.  16.5  18.0   1.821   4.0  10.4
   1 2001 190 13571.  13.1  21.9   1.600   3.1   0.5
   1 2001 191 15733.  14.0  24.2   1.665   3.7   8.0
   1 2001 192 17684.  13.9  19.7   1.355   6.5   2.2
   1 2001 193 11765.  12.6  19.0   1.409   4.2  12.9
   1 2001 194 16422.  11.8  19.2   1.350   3.4   0.0
   1 2001 195  5809.  11.5  16.2   1.464   1.7  12.7
   1 2001 196 17844.   9.8  19.9   1.362   1.7   0.1
   1 2001 197 20740.   7.2  20.7   1.194   1.1   0.0
   1 2001 198 20486.   8.4  22.2   1.385   2.7   3.7
   1 2001 199 11394.  14.1  19.2   1.591   3.8  17.5
   1 2001 200  9647.  13.1  19.3   1.580   3.2  12.7
   1 2001 201 11299.   9.8  19.6   1.461   2.4   6.1
   1 2001 202  8881.  10.3  18.3   1.567   2.8   0.6
   1 2001 203 18617.  16.1  24.6   1.895   1.9   3.1
   1 2001 204 14923.  14.8  23.9   1.874   1.2   8.2
   1 2001 205 18888.  13.4  25.5   1.840   1.0   0.0
   1 2001 206 24442.  11.2  26.0   1.655   1.2   0.0
   1 2001 207 25727.  15.5  27.4   1.690   2.5   0.0
   1 2001 208 20271.  16.5  29.6   1.992   2.1   8.9
   1 2001 209 24916.  13.3  25.4   1.978   1.6   0.0
   1 2001 210 24760.  11.9  26.5   1.789   1.1   0.0
   1 2001 211 22426.  16.2  26.8   1.987   2.1   0.0
   1 2001 212 19364.  11.8  24.6   1.876   2.9   0.1
   1 2001 213 21770.  11.2  22.6   1.372   1.8   0.0
   1 2001 214 17432.  12.8  28.2   1.730   2.4   4.2
   1 2001 215 12526.  14.6  22.3   1.825   3.3   0.5
   1 2001 216 14805.  13.8  21.0   1.551   3.1   2.9
   1 2001 217 17105.  12.1  20.2   1.507   3.4  11.7
   1 2001 218 12986.  12.0  21.0   1.720   3.3   2.4
   1 2001 219 11795.  16.7  21.9   1.811   4.5  13.7
   1 2001 220 14877.  14.3  20.5   1.520   5.4   9.0
   1 2001 221 11028.  12.2  19.0   1.518   2.4  15.6
   1 2001 222 14792.  10.2  18.0   1.362   1.9   5.3
   1 2001 223 19768.   9.9  21.1   1.379   2.6   0.0
   1 2001 224  7052.  14.4  19.6   1.481   3.9   1.9
   1 2001 225  4716.  16.9  20.9   1.940   3.3   0.0
   1 2001 226 23170.  15.7  29.1   1.948   1.6   0.0
   1 2001 227 20980.  15.5  31.5   2.187   1.7   0.0
   1 2001 228 11467.  13.2  22.8   1.855   3.3   6.8
   1 2001 229 22734.  11.2  23.9   1.485   1.6   0.0
   1 2001 230 18264.  15.0  25.5   1.909   3.1   3.2
   1 2001 231 17265.  15.7  23.8   1.783   3.6   0.0
   1 2001 232 14594.  13.3  22.9   1.736   1.9   0.0
   1 2001 233 19577.   9.5  25.3   1.688   1.6   0.1
   1 2001 234 18138.  12.9  28.1   1.922   1.1   0.0
   1 2001 235 18522.  18.5  28.5   1.986   2.0   0.0
   1 2001 236 17225.  15.7  29.5   2.084   0.9   0.0
   1 2001 237 19868.  15.8  31.2   2.134   1.4   0.0
   1 2001 238 13661.  18.6  30.2   2.201   2.0  15.5
   1 2001 239 18901.   9.1  20.6   1.474   2.0   6.1
   1 2001 240 18179.   7.9  19.6   1.247   1.2   0.0
   1 2001 241 19443.   6.3  20.6   1.256   2.0   0.0
   1 2001 242 10741.  11.8  20.8   1.489   1.9   0.0
   1 2001 243 12625.  12.1  20.3   1.563   1.9   0.3
   1 2001 244 12348.   9.5  19.5   1.421   1.8   0.5
   1 2001 245  4000.   9.9  17.3   1.585   2.9   8.4
   1 2001 246  4264.  13.1  17.7   1.639   2.6   6.4
   1 2001 247 11795.  12.0  17.5   1.441   3.2  12.3
   1 2001 248 13362.  12.0  17.9   1.325   2.8   0.0
   1 2001 249  9525.  11.7  19.3   1.454   1.6   1.7
   1 2001 250  7165.  12.2  17.7   1.473   4.4   1.8
   1 2001 251 12603.   8.4  16.6   1.222   4.5   5.5
   1 2001 252 14231.   8.7  15.9   1.170   4.0   4.4
   1 2001 253 10529.  10.4  15.7   1.246   3.8   4.3
   1 2001 254  7897.   9.4  17.0   1.257   3.4   5.3
   1 2001 255  6597.  13.0  17.6   1.500   2.8   3.3
   1 2001 256 10744.  10.1  16.7   1.302   3.4   3.9
   1 2001 257  9002.   7.8  17.6   1.275   1.8   0.0
   1 2001 258  9093.   9.3  16.4   1.271   3.9   7.2
   1 2001 259 11776.   6.9  15.6   1.156   2.0   8.2
   1 2001 260  6813.   6.3  15.2   1.154   2.2  20.8
   1 2001 261  8961.   8.3  14.2   1.172   1.7   0.0
   1 2001 262  2409.  10.2  13.0   1.227   4.9  12.1
   1 2001 263  3847.  10.5  14.6   1.308   1.7   0.4
   1 2001 264 10493.   8.0  17.0   1.269   2.3   1.5
   1 2001 265  9520.   7.9  16.0   1.230   2.4   4.0
   1 2001 266  5118.  11.6  14.4   1.339   2.1   0.4
   1 2001 267  7056.  10.7  16.8   1.324   2.0   4.7
   1 2001 268  9392.   6.5  17.1   1.221   0.9   0.1
   1 2001 269  8128.   7.1  17.8   1.246   1.6   2.7
   1 2001 270  6857.  12.7  18.2   1.579   3.4   2.6
   1 2001 271 12817.  13.3  21.4   1.503   2.2   0.0
   1 2001 272  9731.  11.6  19.1   1.517   2.6   3.5
   1 2001 273  7868.  14.5  19.1   1.570   3.3   1.4
   1 2001 274  3068.  15.1  18.2   1.648   5.2   6.2
   1 2001 275  2060.  14.5  21.6   1.690   4.3  19.9
   1 2001 276  8347.  12.6  18.4   1.445   3.3   0.6
   1 2001 277  7104.  10.7  17.6   1.364   3.3   0.0
   1 2001 278 12203.  10.6  18.7   1.312   2.5   0.0
   1 2001 279  8717.  11.5  20.2   1.546   2.6  15.3
   1 2001 280  7917.  13.1  18.0   1.431   4.0   0.8
   1 2001 281  6811.  12.8  17.3   1.271   5.0   0.3
   1 2001 282  5126.  12.8  16.8   1.344   5.0   0.5
   1 2001 283 10539.  10.7  17.0   1.295   4.5   0.0
   1 2001 284  2989.  11.2  16.8   1.466   3.2   0.0
   1 2001 285 10480.  10.1  20.6   1.405   1.9   0.0
   1 2001 286  8551.  12.1  22.8   1.645   1.7   0.0
   1 2001 287  7409.  14.3  21.2   1.741   2.5   0.1
   1 2001 288  8281.  14.0  21.7   1.656   2.8   0.3
   1 2001 289 10663.   6.4  17.9   1.201   1.3   0.0
   1 2001 290  8172.   6.5  19.9   1.360   2.9   0.0
   1 2001 291  6950.  12.7  19.7   1.571   2.3  10.2
   1 2001 292  5437.  14.1  19.5   1.626   2.3   0.3
   1 2001 293  7529.  12.4  20.1   1.357   3.3   0.0
   1 2001 294  3375.  12.1  15.1   1.415   3.1   0.2
   1 2001 295  3162.   9.5  15.8   1.259   2.9   0.2
   1 2001 296  1505.  10.1  13.6   1.360   2.5  13.4
   1 2001 297  3571.  10.0  14.5   1.292   2.3   4.7
   1 2001 298  5235.  10.1  16.5   1.359   2.1   0.0
   1 2001 299  6663.  10.2  16.0   1.320   3.2   0.0
   1 2001 300  5210.   9.6  15.8   1.331   3.0   1.1
   1 2001 301  5540.   6.4  15.5   1.195   1.8   0.2
   1 2001 302  3521.   6.4  14.2   1.212   3.9   0.0
   1 2001 303  6698.  12.2  18.5   1.339   4.9   0.0
   1 2001 304  4174.   6.6  15.6   1.156   5.2   4.0
   1 2001 305  5774.   4.6  13.3   0.919   1.7   0.0
   1 2001 306  6195.   5.0  14.1   1.067   1.5   0.0
   1 2001 307  3000.   7.8  12.6   1.152   1.5   0.0
   1 2001 308  2037.   6.7  11.3   1.069   2.4   0.0
   1 2001 309  5603.   4.8  11.5   0.864   2.2   0.0
   1 2001 310  2703.   7.9  12.9   1.046   4.5   2.5
   1 2001 311  2532.   7.5  11.7   1.062   3.4  11.7
   1 2001 312  2668.   2.1   9.8   0.838   3.7   8.6
   1 2001 313  5647.  -3.1   7.7   0.641   1.5   0.4
   1 2001 314  6672.  -2.9   5.8   0.566   2.2   0.0
   1 2001 315  2181.   1.1   7.6   0.800   2.2   0.0
   1 2001 316   910.   7.5  11.3   1.098   2.0   6.4
   1 2001 317  3280.   0.9   8.1   0.789   1.5   0.0
   1 2001 318  5222.  -2.4   7.8   0.668   1.4   0.3
   1 2001 319  3005.  -5.1   2.1   0.544   1.3   0.0
   1 2001 320  1517.   2.1  10.4   0.961   0.8   0.2
   1 2001 321  1203.   4.1   8.3   0.953   0.9   0.2
   1 2001 322  2211.   4.4   9.1   0.926   0.9   0.4
   1 2001 323  1180.   2.9   7.5   0.888   0.9   0.0
   1 2001 324  1190.   5.1   8.5   0.954   1.7   0.2
   1 2001 325  1677.   7.3  10.4   0.979   6.0   0.5
   1 2001 326  1256.   1.1  10.7   0.852   4.5   9.7
   1 2001 327  4244.   0.6   7.6   0.698   2.3   2.1
   1 2001 328   320.   3.8   9.6   0.921   1.8   3.6
   1 2001 329  1216.   7.9  11.6   1.193   2.7   2.3
   1 2001 330  2746.  -1.3   8.7   0.817   1.1   0.8
   1 2001 331  4157.  -2.4   7.3   0.691   2.8   1.5
   1 2001 332  3367.   3.1   8.9   0.791   2.7   0.0
   1 2001 333   416.   5.4  10.6   1.001   4.2  11.9
   1 2001 334   674.  10.5  12.5   1.285   2.4   6.3
   1 2001 335   740.   6.8  13.1   1.299   3.0   5.1
   1 2001 336  1190.   2.5   8.7   0.935   1.4   0.1
   1 2001 337   960.   7.1   9.7   1.058   1.6   1.3
   1 2001 338   870.   6.8  10.5   1.016   4.4   3.1
   1 2001 339  1940.   4.5  11.8   0.941   4.5   3.3
   1 2001 340  3420.  -1.1  10.6   0.838   2.7   0.2
   1 2001 341  3690.  -2.8   3.8   0.580   0.9   0.0
   1 2001 342  4010.  -1.2   5.6   0.612   1.8   0.0
   1 2001 343  4630.  -3.5   2.5   0.530   1.4   0.1
   1 2001 344  3260.  -4.1   5.9   0.548   0.8   0.0
   1 2001 345  1070.   1.3   6.1   0.796   1.0   0.0
   1 2001 346   950.   2.6   5.3   0.751   2.1   0.0
   1 2001 347  1560.  -3.1   4.3   0.551   3.0   0.0
   1 2001 348  3470.  -6.4  -1.2   0.318   2.1   0.0
   1 2001 349  1180.  -5.1   1.4   0.476   1.8   0.1
   1 2001 350  3810.  -5.7   1.6   0.512   1.8   0.0
   1 2001 351  2050.  -6.1   4.0   0.589   1.2   0.6
   1 2001 352   920.  -1.0   4.5   0.684   0.7   0.0
   1 2001 353   930.   1.4   5.6   0.759   3.2   3.6
   1 2001 354  3780.  -1.6   3.1   0.553   2.1   0.3
   1 2001 355   430.   0.6   6.3   0.743   5.7  25.1
   1 2001 356  2460.  -4.2   3.4   0.581   2.5   4.1
   1 2001 357  4770.  -7.3   0.2   0.393   1.8   0.2
   1 2001 358   380.  -2.3   7.2   0.686   7.3   6.1
   1 2001 359  2160.   0.7   7.3   0.774   4.7  11.8
   1 2001 360  2030.  -0.1   2.0   0.611   3.6   5.9
   1 2001 361   740.  -0.7   6.5   0.675   5.5   9.6
   1 2001 362  1870.   2.6   7.9   0.735   8.3   8.4
   1 2001 363  1370.  -1.5   3.1   0.651   2.7   4.2
   1 2001 364  1720.  -4.3   2.0   0.530   2.8   5.4
   1 2001 365  4200.  -5.8   3.2   0.524   1.7   0.3

