*---------------------------------------------------------*
*   Country: Netherlands
*   Station: Wageningen
*      Year: 2004
*    Source: Meteorology and Air Quality Group,
*            Wageningen University
*    Author: Peter Uithol
* Longitude: 05 40 E
*  Latitude: 51 58 N
* Elevation: 7 m.
*  Comments: Location Haarweg.
*
*  Columns:
*  ========
*  station number
*  year
*  day
*  irradiation (kJ m-2 d-1)
*  minimum temperature (degrees Celsius)
*  maximum temperature (degrees Celsius)
*  vapour pressure (kPa)
*  mean wind speed (m s-1)
*  precipitation (mm d-1)
** WCCDESCRIPTION=Netherlands, Wageningen
** WCCFORMAT=2
** WCCYEARNR=2004
*---------------------------------------------------------*
   5.67  51.97     7.  -0.18 -0.55
   1 2004   1   778.  -0.7   1.1   0.550   3.6   0.5
   1 2004   2  3888.  -7.5   0.9   0.440   3.1   0.0
   1 2004   3  2074.  -6.8  -0.5   0.450   1.8   0.0
   1 2004   4  1814.  -3.6   5.9   0.660   3.2   2.5
   1 2004   5  1469.   3.0   5.7   0.780   2.3   1.3
   1 2004   6   259.   4.0   9.0   0.920   4.1   4.4
   1 2004   7   950.   2.7   8.1   0.930   2.5   0.1
   1 2004   8  1728.   3.7   6.6   0.830   5.1   3.7
   1 2004   9   778.   3.7   7.2   0.890   3.1   3.9
   1 2004  10  2333.   2.4   8.2   0.850   2.7   0.0
   1 2004  11   691.   4.3  11.9   1.060   5.7  11.3
   1 2004  12   864.   4.0   6.4   0.830   4.1   4.0
   1 2004  13  1469.   5.0   9.7   0.910   7.2  13.4
   1 2004  14  1210.   1.4   6.7   0.790   4.9  11.1
   1 2004  15  2678.   2.2   6.1   0.790   4.3   1.6
   1 2004  16   778.   4.9   6.8   0.860   7.8  14.2
   1 2004  17   864.   3.6   5.9   0.810   5.8   2.1
   1 2004  18  4320.  -0.3   5.0   0.620   2.8   0.0
   1 2004  19   518.   1.8   9.0   0.900   5.3  23.0
   1 2004  20  3370.  -1.2   9.1   0.710   1.8   1.2
   1 2004  21  5098.   0.0   3.4   0.530   1.7   0.0
   1 2004  22   864.   0.0   3.0   0.550   3.3   0.1
   1 2004  23  3888.   0.9   5.6   0.590   2.8   0.0
   1 2004  24   691.   0.4   5.2   0.650   2.7   2.9
   1 2004  25  3456.  -0.8   6.9   0.700   1.3   0.0
   1 2004  26  1642.  -3.1   2.4   0.620   2.0   0.0
   1 2004  27  2765.  -2.1   2.4   0.600   1.6   1.2
   1 2004  28  3197.  -1.1   4.5   0.620   3.7   4.7
   1 2004  29  3370.  -2.4   2.8   0.610   4.6   5.0
   1 2004  30  2765.   0.3   3.9   0.590   5.0   0.0
   1 2004  31   605.   1.9  11.6   0.900   8.2  10.1
   1 2004  32  4234.   8.7  12.2   1.150   7.8   7.9
   1 2004  33   605.   9.1  11.9   1.200   6.3  11.1
   1 2004  34  3110.   9.5  15.1   1.200   5.2   0.0
   1 2004  35  1814.  11.2  15.8   1.200   5.6   1.0
   1 2004  36  1210.  10.8  15.1   1.310   5.7   7.9
   1 2004  37  1382.   9.3  12.9   1.230   5.3   8.0
   1 2004  38  2246.   3.8  10.0   0.870   8.0   9.2
   1 2004  39  4320.   0.8   6.0   0.690   7.0  11.4
   1 2004  40  3888.   0.5   5.2   0.670   3.6   0.8
   1 2004  41  2419.  -0.2   8.0   0.710   4.5  10.0
   1 2004  42  1987.   2.8   8.2   0.890   2.9   2.3
   1 2004  43  3197.   1.0   6.7   0.790   1.4   0.0
   1 2004  44  2246.   6.3   9.2   0.962   1.5   0.0
   1 2004  45  3283.   5.2   9.2   0.910   1.7   0.0
   1 2004  46  3370.   3.2  10.4   0.870   0.8   0.0
   1 2004  47  2419.  -0.6   3.9   0.670   1.1   0.0
   1 2004  48  2851.   1.4   6.4   0.770   1.8   0.3
   1 2004  49  5443.   1.3   8.1   0.780   2.6   5.8
   1 2004  50  6394.  -0.8   4.2   0.530   3.6   0.0
   1 2004  51 10195.  -2.2   4.6   0.440   4.4   0.0
   1 2004  52  4061.  -2.6   2.5   0.500   2.2   0.0
   1 2004  53  5789.  -2.7   6.7   0.580   2.5   0.0
   1 2004  54  9504.  -3.6   6.3   0.520   2.0   0.1
   1 2004  55  6134.  -3.0   5.9   0.280   3.5   4.5
   1 2004  56  6912.  -3.6   4.1   0.580   3.2   3.1
   1 2004  57  7258.  -2.4   3.7   0.580   4.6   8.7
   1 2004  58  3456.  -4.7   1.0   0.520   2.4   0.0
   1 2004  59 11059.  -6.2   4.2   0.470   0.9   0.0
   1 2004  60  9158.  -6.5   4.6   0.490   1.9   0.0
   1 2004  61 10109.  -6.0   5.4   0.310   1.9   0.0
   1 2004  62  8208.  -1.4   8.5   0.660   2.7   0.0
   1 2004  63  6221.  -2.0   7.8   0.620   1.7   0.0
   1 2004  64  8122.   0.6  10.6   0.580   3.8   0.0
   1 2004  65  6826.   1.1   7.9   0.560   3.7   0.2
   1 2004  66  3802.  -0.7   4.2   0.620   2.0   1.8
   1 2004  67  7171.  -0.8   8.4   0.710   1.8   1.6
   1 2004  68 12182.  -4.6   8.0   0.590   2.1   0.0
   1 2004  69  7430.  -2.6   3.8   0.510   3.2   0.0
   1 2004  70  2333.   0.1   2.4   0.620   2.5   0.3
   1 2004  71  9504.   0.1   5.5   0.590   2.6   0.0
   1 2004  72  6912.   0.4   6.7   0.650   3.9   1.1
   1 2004  73  4061.   5.5  10.3   0.870   4.1   3.1
   1 2004  74 10627.   3.9  13.4   0.840   5.6   0.1
   1 2004  75  3974.   9.6  13.4   1.100   4.5   0.4
   1 2004  76  4320.   9.2  15.8   1.310   3.2   0.0
   1 2004  77 13133.   6.1  19.4   1.070   2.1   0.0
   1 2004  78  4752.   2.0  14.7   1.120   2.7   1.7
   1 2004  79  5098.   7.5  12.6   1.060   6.1  12.1
   1 2004  80  2246.   6.7  13.1   1.140   8.5   7.8
   1 2004  81  9763.   4.8  11.2   0.870   7.9   1.8
   1 2004  82  9504.   2.1   9.9   0.800   4.4   9.6
   1 2004  83 12614.  -0.2  10.0   0.720   1.3   0.0
   1 2004  84  6566.  -1.9   7.8   0.680   1.5   0.0
   1 2004  85 13133.  -2.5   9.3   0.530   1.4   0.0
   1 2004  86  9072.  -3.9   7.3   0.610   1.7   0.0
   1 2004  87 12787.  -4.0   8.7   0.570   1.1   0.0
   1 2004  88 14515.   0.9  11.7   0.660   1.8   0.0
   1 2004  89 11405.  -0.5  14.1   0.770   1.2   0.0
   1 2004  90 18144.   4.2  16.7   0.690   4.0   0.0
   1 2004  91 17798.   7.5  17.9   0.710   3.7   0.0
   1 2004  92 16762.   8.7  20.0   0.860   4.0   0.0
   1 2004  93  9331.   9.0  17.5   1.040   3.3   0.2
   1 2004  94  8294.  10.0  14.7   1.140   4.2   0.0
   1 2004  95 11837.   6.8  12.8   0.950   5.5   3.0
   1 2004  96 12010.   3.5  11.4   0.890   5.2   9.1
   1 2004  97 11405.   3.9   9.5   0.820   4.6   4.2
   1 2004  98 10368.   3.4   9.5   0.850   3.5   8.3
   1 2004  99  9504.   0.8   9.4   0.800   2.4   3.3
   1 2004 100  7344.  -1.0   9.5   0.750   1.5   0.0
   1 2004 101  5789.  -0.5   9.0   0.730   1.9   0.3
   1 2004 102  8813.   0.1   9.7   0.710   1.3   0.0
   1 2004 103 17885.  -3.1  13.3   0.800   1.5   0.0
   1 2004 104  7776.   3.0  13.2   0.910   1.5   0.0
   1 2004 105 20477.  -2.0  15.2   0.750   1.3   0.0
   1 2004 106 19699.   4.6  18.3   0.810   2.2   0.0
   1 2004 107 20477.   3.0  20.4   0.780   2.1   0.0
   1 2004 108 17366.   8.7  21.0   0.940   3.4   0.0
   1 2004 109 11837.   6.8  14.1   0.930   5.4   0.7
   1 2004 110 10627.   2.9  12.1   0.750   3.4   0.0
   1 2004 111 22378.   0.2  16.1   0.760   1.5   0.0
   1 2004 112 14170.   7.4  18.2   1.190   2.7   0.0
   1 2004 113 12355.   7.3  18.0   1.241   1.5   0.3
   1 2004 114 23587.   1.9  17.1   0.840   1.7   0.0
   1 2004 115 15293.   4.6  16.7   0.946   1.3   0.0
   1 2004 116 20822.   1.1  18.1   0.827   1.8   0.0
   1 2004 117 19699.   2.8  19.8   0.850   1.9   0.0
   1 2004 118 19872.  11.4  21.8   1.030   3.5   0.0
   1 2004 119 13133.  12.4  21.7   1.260   3.4   6.9
   1 2004 120  9072.  12.1  18.2   1.250   3.3   1.6
   1 2004 121 19440.  10.7  24.4   1.280   2.9   1.9
   1 2004 122 12269.  10.2  20.0   1.440   2.6   0.4
   1 2004 123  7862.   9.8  15.0   1.270   2.6   0.0
   1 2004 124 17539.   7.8  19.0   1.130   2.1   3.1
   1 2004 125 13824.   6.6  13.0   0.960   4.1   0.7
   1 2004 126 19872.   5.7  15.0   0.870   3.4   0.0
   1 2004 127 18662.   3.3  15.7   0.940   1.5   0.0
   1 2004 128  3456.   8.1   9.8   1.090   3.7  19.8
   1 2004 129  8640.   8.3  12.9   1.030   2.3   0.0
   1 2004 130 16330.   3.7  16.8   1.080   1.2   0.0
   1 2004 131 20304.   7.3  19.1   1.260   1.6   0.0
   1 2004 132 13824.   7.9  16.5   1.090   2.5   0.0
   1 2004 133 18922.   8.3  14.6   0.920   2.5   0.0
   1 2004 134 10454.   7.0  14.4   1.010   1.8   0.0
   1 2004 135 15120.   6.6  16.7   1.000   1.3   0.0
   1 2004 136 19094.   6.3  20.9   1.160   2.1   0.0
   1 2004 137 18058.   8.2  20.4   1.160   1.5   0.0
   1 2004 138 25056.   5.3  22.3   1.110   1.1   0.0
   1 2004 139 21859.   6.4  21.4   1.130   1.3   0.0
   1 2004 140 25402.   6.5  22.7   1.140   2.9   0.0
   1 2004 141 17453.   5.3  20.3   1.100   2.0   0.0
   1 2004 142 17885.   4.8  16.0   0.850   2.3   0.6
   1 2004 143 21168.   3.1  14.6   0.780   2.4   1.2
   1 2004 144 28166.   4.0  14.7   0.760   2.2   3.9
   1 2004 145 18058.   2.2  17.6   0.890   2.5   0.0
   1 2004 146 15466.   4.5  16.1   0.990   1.5   0.0
   1 2004 147 20477.   3.4  15.3   0.780   1.5   0.0
   1 2004 148 14083.   1.4  15.1   0.880   1.2   0.0
   1 2004 149 28253.   1.0  19.3   0.830   1.3   0.0
   1 2004 150 28166.   3.4  23.1   0.820   2.3   0.0
   1 2004 151 14774.  11.5  23.0   1.250   2.3   7.0
   1 2004 152 12269.   7.8  18.9   1.340   1.3   2.5
   1 2004 153 24365.   5.2  21.9   1.120   1.4   0.0
   1 2004 154  8381.   8.7  17.8   1.430   2.2   5.1
   1 2004 155 23242.   8.5  18.8   1.340   1.8   0.0
   1 2004 156  8035.  10.9  19.0   1.470   3.1   5.4
   1 2004 157  8554.   7.0  15.0   1.260   1.7   0.1
   1 2004 158 25661.   4.9  21.5   1.150   0.9   0.0
   1 2004 159 26352.  10.2  26.6   1.460   1.4   0.0
   1 2004 160 26352.  12.2  30.6   1.580   1.3   0.0
   1 2004 161 22550.  13.5  25.4   1.840   2.4   0.0
   1 2004 162 13306.  12.9  22.9   1.770   2.2   1.1
   1 2004 163 22205.  11.8  21.2   1.400   3.6   0.0
   1 2004 164 19267.  10.3  18.2   1.370   3.1   5.6
   1 2004 165 14170.   6.8  17.2   1.180   1.4   0.3
   1 2004 166 20995.   5.8  23.6   1.450   2.3   0.0
   1 2004 167 18317.   9.0  23.6   1.560   2.3   0.0
   1 2004 168 17453.   8.5  18.8   1.150   1.9   0.0
   1 2004 169 10800.  12.8  19.9   1.430   4.4   0.3
   1 2004 170 12182.  10.8  17.9   1.400   2.7   4.6
   1 2004 171 19526.   7.8  16.0   1.010   2.3   3.6
   1 2004 172 22118.   9.2  17.2   1.000   3.5   1.9
   1 2004 173 14602.   7.8  16.5   1.210   2.6   9.3
   1 2004 174 17712.   6.3  19.4   1.340   2.1   0.0
   1 2004 175 13651.  13.7  20.9   1.560   6.6   8.3
   1 2004 176 17712.  11.3  18.5   1.150   8.1   2.5
   1 2004 177 10282.   7.6  16.6   1.300   3.8   1.3
   1 2004 178 21514.   4.8  21.2   1.180   1.6   0.0
   1 2004 179 19008.  14.1  22.9   1.700   3.2   7.2
   1 2004 180 25834.  10.0  20.5   1.240   3.5   0.0
   1 2004 181 19008.  10.0  21.1   1.340   2.9   0.0
   1 2004 182 18403.  12.6  24.0   1.330   2.7   0.3
   1 2004 183 19872.  10.7  19.3   1.340   4.1   4.0
   1 2004 184 18662.  10.0  17.8   1.360   4.3   3.6
   1 2004 185 20995.  13.1  19.1   1.320   6.1   2.8
   1 2004 186 11491.  12.0  18.4   1.400   3.4   0.3
   1 2004 187 20131.   8.5  21.2   1.320   2.0   3.4
   1 2004 188 26957.   6.5  22.4   1.140   1.3   0.0
   1 2004 189 19872.  11.8  22.4   1.330   4.3   4.9
   1 2004 190 12874.  13.9  21.8   1.590   2.2   6.8
   1 2004 191 16157.  13.2  19.4   1.530   3.6   3.5
   1 2004 192 23674.  10.8  19.0   1.230   3.8   3.6
   1 2004 193 13997.  10.8  18.1   1.350   3.7   2.1
   1 2004 194  8035.  12.1  16.2   1.350   3.1   8.2
   1 2004 195 16243.   9.6  18.1   1.220   2.1   1.2
   1 2004 196 12960.   9.7  20.4   1.480   3.8   3.5
   1 2004 197  7085.  15.7  19.6   1.860   3.0   0.3
   1 2004 198 10454.  13.9  22.5   1.910   2.5   1.0
   1 2004 199 20736.  12.1  28.9   1.848   2.2  15.1
   1 2004 200 11750.  14.9  22.2   1.910   1.9   2.8
   1 2004 201 20477.  12.9  21.6   1.570   2.4   0.0
   1 2004 202  7258.  11.3  21.1   1.730   1.5   3.1
   1 2004 203 15725.  11.0  25.0   1.930   1.2   0.2
   1 2004 204 23846.  16.7  26.1   1.820   1.3   2.0
   1 2004 205 15725.  11.8  24.6   2.000   1.9  13.1
   1 2004 206 22118.   9.3  23.3   1.420   1.4   0.0
   1 2004 207  8035.  13.1  17.6   1.520   2.5   1.6
   1 2004 208 24106.   9.5  20.6   1.420   1.9   5.9
   1 2004 209 21859.   7.1  22.2   1.300   1.2   0.0
   1 2004 210 18403.   9.3  23.4   1.430   1.3   0.0
   1 2004 211 25661.  10.9  26.6   1.390   2.4   0.0
   1 2004 212 23846.  11.6  28.3   1.530   1.3   0.0
   1 2004 213 21514.  12.7  26.0   1.650   1.2   0.0
   1 2004 214 24192.  12.6  24.4   1.720   1.4   0.0
   1 2004 215 24365.  12.0  26.8   1.560   1.5   0.0
   1 2004 216 22810.  13.6  28.0   1.620   1.9   0.0
   1 2004 217 17971.  16.1  29.1   1.750   1.4   0.0
   1 2004 218 17021.  16.6  30.7   1.770   1.8   0.0
   1 2004 219 22205.  17.4  30.5   1.860   2.0   0.0
   1 2004 220 12355.  17.9  25.2   2.150   1.6   0.0
   1 2004 221 23242.  17.3  31.3   1.720   3.0   0.0
   1 2004 222 22723.  21.3  32.5   1.470   3.9   0.0
   1 2004 223 11837.  18.8  28.9   1.680   3.5   2.0
   1 2004 224 16934.  18.1  26.0   1.910   1.8   0.7
   1 2004 225  7949.  16.5  24.0   1.980   2.5   8.0
   1 2004 226  7085.  15.4  21.1   1.800   4.0  30.8
   1 2004 227 19008.  15.0  24.5   1.850   1.9   1.7
   1 2004 228 16330.  12.6  24.6   1.790   1.6   0.1
   1 2004 229  9418.  15.8  22.6   1.980   2.0   4.6
   1 2004 230 17712.  14.9  24.0   1.830   2.3   1.6
   1 2004 231 16330.  17.9  26.6   1.920   3.7   7.3
   1 2004 232 14602.  15.9  23.0   1.670   5.3   0.0
   1 2004 233 12701.  13.0  21.5   1.600   3.5   1.7
   1 2004 234  9158.   9.9  18.7   1.390   1.8   1.3
   1 2004 235 15120.  10.5  20.7   1.300   1.8   0.0
   1 2004 236 14342.  12.8  23.2   1.510   2.6   0.2
   1 2004 237 10541.  14.5  21.2   1.730   3.2   4.7
   1 2004 238  9504.  14.0  19.7   1.630   3.8   4.2
   1 2004 239 12614.  12.8  19.3   1.560   3.4   5.8
   1 2004 240  3629.  13.8  16.5   1.650   4.5   7.5
   1 2004 241 18144.   8.8  20.5   1.410   1.5   0.0
   1 2004 242 12614.   9.9  20.0   1.410   2.6   0.0
   1 2004 243 10627.  12.2  18.3   1.450   4.3  10.1
   1 2004 244 13133.   9.7  18.0   1.380   3.3   4.3
   1 2004 245 15379.   8.6  21.9   1.280   1.1   0.0
   1 2004 246 18317.   8.0  23.4   1.270   2.0   0.0
   1 2004 247 17194.   9.2  25.1   1.540   1.0   0.0
   1 2004 248 17366.  12.8  26.5   1.740   1.4   0.0
   1 2004 249 16848.  12.5  27.8   1.670   1.3   0.0
   1 2004 250 18749.  10.7  26.3   1.550   2.2   0.0
   1 2004 251 17194.  12.4  24.8   1.620   2.6   0.0
   1 2004 252 17798.   7.9  22.4   1.360   2.1   0.0
   1 2004 253 18576.   9.9  23.2   1.100   3.3   0.0
   1 2004 254 16330.  11.8  26.1   1.350   3.1   4.8
   1 2004 255  9158.  16.1  21.9   1.800   3.3   0.1
   1 2004 256 15898.  12.7  18.7   1.220   5.7   0.6
   1 2004 257  7430.  11.9  20.4   1.380   4.6   6.7
   1 2004 258 13046.  10.8  19.3   1.260   5.5   0.2
   1 2004 259  8813.   8.3  16.4   1.320   3.3   5.2
   1 2004 260 15034.   6.1  17.6   1.130   1.8   0.0
   1 2004 261 15379.   9.0  19.9   1.090   2.5   0.0
   1 2004 262  8381.  12.3  22.0   1.410   2.8   0.7
   1 2004 263 15206.   9.4  18.7   1.280   3.0   1.3
   1 2004 264  2506.  11.3  15.2   1.380   5.8   5.2
   1 2004 265 10195.   9.3  16.7   1.140   5.8   0.6
   1 2004 266  3283.  10.0  14.3   1.280   4.3  24.3
   1 2004 267  5530.   9.9  15.3   1.330   3.7   4.8
   1 2004 268 10022.   7.8  15.0   1.220   2.9   2.6
   1 2004 269  7344.  10.4  14.7   1.180   3.4   2.4
   1 2004 270 11059.   9.4  18.1   1.380   2.4   0.0
   1 2004 271  7949.  11.9  18.6   1.500   2.8   0.5
   1 2004 272  4493.  13.5  18.2   1.620   3.9   5.8
   1 2004 273  8381.   6.1  15.8   1.270   2.3   0.6
   1 2004 274  7258.   6.5  15.6   1.190   1.9   2.4
   1 2004 275  3715.  12.0  17.2   1.530   2.2   1.8
   1 2004 276 10541.  10.7  16.5   1.280   3.5   0.2
   1 2004 277  7603.   9.6  16.9   1.320   3.0   0.0
   1 2004 278  5962.  13.2  19.2   1.490   3.4   0.2
   1 2004 279  3715.  11.6  16.0   1.490   2.7   0.0
   1 2004 280  8381.   9.8  16.6   1.220   4.2   0.4
   1 2004 281  9331.   6.6  15.7   1.090   3.4   0.0
   1 2004 282  8035.   3.2  15.8   1.040   0.9   0.0
   1 2004 283 10368.   1.3  14.9   0.890   1.8   0.0
   1 2004 284 11318.   5.7  13.3   0.840   3.9   0.0
   1 2004 285 11664.   6.1  12.7   0.770   5.7   0.0
   1 2004 286  9072.   5.1  12.9   0.780   4.7   0.0
   1 2004 287  9245.   6.6  16.6   1.140   3.5   0.0
   1 2004 288  4925.  10.1  14.5   1.170   4.2   0.8
   1 2004 289  8294.   7.2  14.0   1.060   2.8  13.2
   1 2004 290  2419.   6.5   9.5   1.000   2.6   0.9
   1 2004 291  2246.   7.2  10.1   1.040   3.0   0.1
   1 2004 292  5875.   6.0  13.8   1.060   2.4   0.1
   1 2004 293  9418.   4.8  14.6   1.010   2.6   0.0
   1 2004 294  1210.   8.3  17.9   1.470   3.8  17.6
   1 2004 295  9072.  10.2  16.8   1.100   5.5   8.4
   1 2004 296  8640.  10.0  16.8   1.220   4.2   0.0
   1 2004 297  1469.  13.3  17.7   1.530   4.9   4.4
   1 2004 298  2160.  15.2  17.3   1.610   3.4   0.5
   1 2004 299  4579.   9.0  16.0   1.220   5.5   0.5
   1 2004 300  5357.   3.9  13.3   1.020   1.7   0.0
   1 2004 301  5789.   0.8  12.1   0.940   3.1   0.0
   1 2004 302  3370.   9.8  15.8   1.310   3.0   3.4
   1 2004 303  5875.   8.7  16.9   1.300   1.8   4.0
   1 2004 304  6221.   4.9  14.5   0.250   0.9   0.0
   1 2004 305  2074.   4.3  12.3   1.110   1.2   0.0
   1 2004 306  3456.   4.4  10.0   0.930   2.7   0.0
   1 2004 307  1728.   7.4  10.2   1.050   3.0   0.5
   1 2004 308  3197.   7.1  13.7   1.190   1.5   2.3
   1 2004 309  3456.   4.7  12.1   1.160   2.0   0.0
   1 2004 310  5011.   5.3  11.9   0.950   3.1   0.0
   1 2004 311  2765.   4.4  11.9   1.060   2.0   1.1
   1 2004 312  4666.   4.0  11.7   0.910   1.0   0.0
   1 2004 313  2160.   3.6   9.6   0.900   1.6   0.0
   1 2004 314  6221.   0.1   5.5   0.670   1.9   0.1
   1 2004 315  1210.   2.8   8.3   0.880   2.3  11.3
   1 2004 316  1555.  -2.4   4.9   0.720   1.4   0.0
   1 2004 317  3370.  -1.3   9.5   0.120   3.1   2.8
   1 2004 318  5270.   1.1   9.6   0.760   2.0   1.0
   1 2004 319  4752.  -1.0   9.6   0.750   0.8   0.0
   1 2004 320   432.   1.7   7.6   0.890   2.8   0.0
   1 2004 321   778.   7.5  10.9   1.150   3.6   0.6
   1 2004 322   950.   9.7  12.1   1.260   6.2   8.0
   1 2004 323   778.   1.9  11.2   0.960   4.4  24.2
   1 2004 324  3197.   0.7   5.4   0.680   3.6   7.8
   1 2004 325  3197.   0.6   4.7   0.670   3.1   2.6
   1 2004 326  2074.  -1.2   5.4   0.630   2.4   2.7
   1 2004 327  1123.   5.4  12.5   1.190   6.1   1.9
   1 2004 328  3456.  -1.7  11.0   0.920   2.3   0.8
   1 2004 329  4234.  -3.5   6.7   0.640   1.0   0.0
   1 2004 330  2765.  -2.8   2.2   0.560   1.5   0.0
   1 2004 331   950.  -2.6   7.2   0.740   3.5   1.7
   1 2004 332  1555.   5.7   9.4   1.000   2.2   0.0
   1 2004 333   691.   5.9   8.6   1.020   2.4   7.5
   1 2004 334   950.   5.8   7.9   0.980   0.7   0.0
   1 2004 335  2160.   2.3   7.4   0.830   2.1   0.0
   1 2004 336   173.   1.2   3.9   0.720   1.5   0.8
   1 2004 337  4061.  -1.4   8.2   0.720   1.0   0.0
   1 2004 338   950.  -0.4   4.8   0.740   1.1   0.0
   1 2004 339  1296.  -0.3   4.5   0.700   1.9   1.9
   1 2004 340   778.   4.4   8.6   0.480   2.0   0.0
   1 2004 341  1037.   4.1   8.4   0.950   2.4   0.0
   1 2004 342   691.   4.9   6.6   0.890   1.8   0.3
   1 2004 343  1469.   1.4   7.5   0.840   1.4   0.0
   1 2004 344  1469.  -0.9   2.2   0.600   2.2   0.0
   1 2004 345   778.  -3.9   1.2   0.559   1.7   0.1
   1 2004 346   691.   1.2   3.8   0.711   1.4   0.0
   1 2004 347   778.   1.1   3.0   0.658   2.7   0.0
   1 2004 348   432.  -1.8   1.1   0.520   2.5   0.0
   1 2004 349   518.  -3.4   3.0   0.580   2.5   0.0
   1 2004 350  1469.   0.6   5.5   0.690   2.5   0.0
   1 2004 351  1987.   2.1   7.9   0.840   4.4   2.2
   1 2004 352   950.   4.2   7.2   0.830   4.1   9.0
   1 2004 353  1814.  -0.8   6.8   0.690   3.8   0.9
   1 2004 354  3629.  -4.9   4.4   0.550   1.0   0.5
   1 2004 355  3629.  -5.1   2.3   0.500   1.7   0.1
   1 2004 356  3024.  -6.2   0.4   0.470   1.7   0.0
   1 2004 357   173.   0.1   5.4   0.720   5.4   3.8
   1 2004 358   778.   5.3  10.8   1.040   6.4   0.7
   1 2004 359  2765.   6.9   9.8   0.890   5.8  10.7
   1 2004 360  2592.   0.0   7.2   0.730   3.7   4.3
   1 2004 361  1296.  -5.8   0.6   0.520   0.9   0.0
   1 2004 362  2160.  -6.9  -2.0   0.460   1.5   0.0
   1 2004 363   778.  -2.0   4.2   0.640   4.0   7.7
   1 2004 364  3197.   0.0   7.0   0.700   1.8   1.4
   1 2004 365   259.   3.7   8.1   0.890   4.3   0.2
   1 2004 366   432.   7.1   9.9   1.060   4.2   2.3
