*---------------------------------------------------------*
*   Country: Netherlands
*   Station: Wageningen
*      Year: 2005
*    Source: Meteorology and Air Quality Group,
*            Wageningen University
*            www.met.wau.nl/haarwegdata/dayfiles/2005/
*    Author: Peter Uithol
* Longitude: 05 40 E
*  Latitude: 51 58 N
* Elevation: 7 m.
*  Comments: Location Haarweg.
*
*  Columns:
*  ========
*  station number
*  year
*  day
*  irradiation (kJ m-2 d-1)
*  minimum temperature (degrees Celsius)
*  maximum temperature (degrees Celsius)
*  vapour pressure (kPa)
*  mean wind speed (m s-1)
*  precipitation (mm d-1)
** WCCDESCRIPTION=Netherlands, Wageningen
** WCCFORMAT=2
** WCCYEARNR=2005
*---------------------------------------------------------*
   5.67  51.97     7.  -0.18 -0.55
   1 2005   1  1296.   3.2  10.4   0.890   4.2   1.7
   1 2005   2  1555.   4.5   8.4   0.640   6.1   0.1
   1 2005   3   778.   4.0   8.3   0.860   5.1   0.0
   1 2005   4   605.   6.3   8.6   0.870   6.5   2.0
   1 2005   5  1555.   4.1   7.3   0.871   3.8   2.0
   1 2005   6  3283.   3.8   9.0   0.900   4.8   1.0
   1 2005   7   778.   9.0  12.4   1.070   6.9   0.0
   1 2005   8  1901.   4.9  11.8   0.780   8.5   0.2
   1 2005   9  3197.   4.7  10.4   0.860   5.4   0.2
   1 2005  10  3197.   8.6  13.7   1.050   5.5   1.9
   1 2005  11  2592.   8.7  11.3   1.090   4.9   1.6
   1 2005  12  3456.   5.0  10.3   0.880   5.2   1.3
   1 2005  13  2592.   2.2   7.3   0.730   4.0   0.0
   1 2005  14  4147.   0.3   7.6   0.700   1.3   0.0
   1 2005  15  4838.  -2.3   4.5   0.570   2.5   0.1
   1 2005  16  4493.  -2.1   4.6   0.560   2.3   0.0
   1 2005  17  1728.   2.4   6.9   0.860   5.3   5.4
   1 2005  18  1382.   1.5   7.8   0.780   3.7   9.0
   1 2005  19  2765.   2.5   7.0   0.730   4.5   1.2
   1 2005  20  1037.   5.7  10.6   1.030   7.7  13.2
   1 2005  21  3283.   1.9   8.6   0.670   6.0   4.1
   1 2005  22  4234.  -0.1   7.5   0.691   2.4   1.6
   1 2005  23  4234.  -2.4   6.1   0.601   2.5   2.6
   1 2005  24  4493.  -3.7   2.7   0.520   2.1   1.6
   1 2005  25  3802.  -5.8   1.2   0.473   1.7   0.6
   1 2005  26  4579.  -6.8   1.4   0.460   1.8   0.0
   1 2005  27  1901.  -2.2   1.8   0.600   1.2   0.0
   1 2005  28  1382.   0.3   2.4   0.648   1.3   0.0
   1 2005  29  2592.  -2.3   2.2   0.590   1.8   0.2
   1 2005  30  1987.   2.0   7.4   0.870   1.9   1.6
   1 2005  31  1469.   2.2   8.1   0.910   4.2   5.0
   1 2005  32  3888.   1.8   6.6   0.720   2.9   0.2
   1 2005  33  3197.   4.2   8.2   0.880   3.3   1.7
   1 2005  34  5011.   4.8   8.6   0.850   2.1   0.0
   1 2005  35  3715.   2.0   8.8   0.820   1.7   0.0
   1 2005  36  6739.  -0.1   4.8   0.520   3.2   0.0
   1 2005  37  6998.  -2.9   6.6   0.560   2.9   0.0
   1 2005  38  7171.  -4.2   4.4   0.480   2.0   0.0
   1 2005  39  6566.  -5.1   5.1   0.570   1.8   0.0
   1 2005  40  5270.   0.4   9.7   0.810   3.1   1.1
   1 2005  41   605.   5.3   8.9   0.980   5.2  17.6
   1 2005  42  3629.   4.9   9.5   0.890   1.3   2.8
   1 2005  43  1382.   4.3  11.7   0.990   7.7  21.6
   1 2005  44  5098.   1.1   5.5   0.690   5.2   7.8
   1 2005  45  4666.   0.1   6.7   0.680   3.8   3.1
   1 2005  46  1728.  -0.8   2.7   0.560   3.2   0.0
   1 2005  47  7171.  -2.4   2.1   0.440   2.6   0.0
   1 2005  48  4147.  -1.3   1.9   0.481   1.0   0.0
   1 2005  49  1987.  -0.1   4.0   0.550   3.7   1.8
   1 2005  50  4925.  -1.1   6.4   0.670   2.4   3.6
   1 2005  51  5616.  -0.9   5.6   0.643   2.6   0.9
   1 2005  52  6480.   0.2   5.0   0.590   3.2   2.9
   1 2005  53  4579.  -1.6   2.3   0.490   3.6   0.6
   1 2005  54  2678.  -4.3   1.1   0.540   1.6   0.8
   1 2005  55  6134.  -2.4   2.3   0.520   2.3   0.4
   1 2005  56  7171.  -4.7   3.4   0.530   1.4   0.0
   1 2005  57  1901.  -1.2   3.2   0.604   2.1   0.0
   1 2005  58  9763.  -6.3  -0.4   0.310   3.1   0.0
   1 2005  59 11664.  -9.0   0.6   0.280   2.2   0.0
   1 2005  60  3197.  -4.0   0.4   0.450   5.2   1.3
   1 2005  61  3110.  -1.5   0.2   0.527   3.1   4.3
   1 2005  62  5962. -12.4   0.0   0.480   2.5   2.6
   1 2005  63  8381. -16.3  -0.7   0.350   2.2   0.6
   1 2005  64  7171.  -4.8   1.1   0.490   2.9   2.5
   1 2005  65 10714. -11.6   1.6   0.470   2.5   2.0
   1 2005  66  7517.   0.8   4.9   0.700   2.5   2.3
   1 2005  67  5184.   3.4   6.5   0.790   3.6   0.7
   1 2005  68  5875.  -1.5   7.7   0.750   2.5   0.6
   1 2005  69  9072.  -4.8   6.0   0.600   1.8   0.0
   1 2005  70  1123.   1.4   6.7   0.760   6.2   6.3
   1 2005  71  6480.   0.6   5.0   0.710   5.4   8.1
   1 2005  72  8122.   1.1   7.4   0.680   4.1   0.5
   1 2005  73  5443.   1.0   7.4   0.680   2.6   0.0
   1 2005  74 11146.   0.8  12.9   0.780   4.1   0.0
   1 2005  75 11837.   8.7  19.2   1.130   4.8   1.3
   1 2005  76  4579.   9.6  13.2   1.240   7.5   0.0
   1 2005  77  2678.   7.0  10.7   1.080   4.4   0.0
   1 2005  78  4493.   6.6  13.1   1.130   2.0   0.5
   1 2005  79 13565.   3.9  12.0   0.720   2.9   0.0
   1 2005  80 15120.   4.0  15.5   0.680   4.2   0.0
   1 2005  81  9590.   7.1  18.1   0.920   3.9   2.3
   1 2005  82 15120.   6.7  18.9   1.040   2.1   0.0
   1 2005  83 11059.   8.9  19.1   1.190   3.7   3.6
   1 2005  84 11146.   9.0  15.1   1.200   2.4   0.5
   1 2005  85 11664.   4.1  16.3   1.080   1.8   0.0
   1 2005  86  9504.   8.8  16.0   1.230   2.8   7.1
   1 2005  87  6653.   8.2  15.2   1.280   2.6   2.6
   1 2005  88  7690.   7.9  13.8   1.150   2.0   0.0
   1 2005  89  9590.   8.6  15.7   1.120   3.5   0.0
   1 2005  90 15984.   7.6  15.9   0.760   3.1   0.9
   1 2005  91 17626.   5.8  17.2   0.640   3.0   0.0
   1 2005  92 19267.   6.8  17.6   0.580   3.6   0.0
   1 2005  93 17798.   7.6  21.3   0.880   2.5   0.0
   1 2005  94 14083.   7.7  19.2   1.070   3.1   4.6
   1 2005  95 16070.   4.7  12.6   0.790   3.0   0.5
   1 2005  96  9504.   4.0  12.7   0.920   3.8   1.4
   1 2005  97 11578.   6.2  12.0   0.890   5.7   2.4
   1 2005  98 13392.   2.9  11.2   0.810   3.5  21.5
   1 2005  99 12701.  -0.2   7.7   0.700   3.4   4.5
   1 2005 100  8122.   2.4  11.8   0.920   2.8   0.8
   1 2005 101 18144.   4.0  16.8   0.910   1.7   0.0
   1 2005 102 15898.   1.4  15.9   0.860   1.4   0.0
   1 2005 103  5875.   6.8  12.8   1.170   2.9   7.3
   1 2005 104 11232.  10.0  16.9   1.090   2.8   1.6
   1 2005 105 12701.   6.3  18.4   1.030   3.0   0.9
   1 2005 106  4147.   6.6  10.3   0.480   2.6   6.5
   1 2005 107 19008.   6.2  15.0   1.200   2.1   0.0
   1 2005 108 10886.   4.6  16.4   1.120   2.3   0.7
   1 2005 109  5875.   3.0  11.8   1.030   1.5  16.9
   1 2005 110 14342.   5.4  13.6   0.800   2.3   2.5
   1 2005 111 22378.   2.2  15.4   0.640   2.0   0.0
   1 2005 112 22723.  -0.3  16.4   0.610   1.5   0.0
   1 2005 113 22637.   1.2  18.4   0.670   1.7   0.0
   1 2005 114 17885.   2.2  18.7   0.870   2.6   0.0
   1 2005 115 15638.   5.8  17.8   0.870   2.7   0.0
   1 2005 116  8986.   3.8  16.5   1.110   1.4   3.4
   1 2005 117 18576.   5.3  15.2   1.010   3.8   5.4
   1 2005 118 15552.   4.0  18.0   0.949   2.0   0.0
   1 2005 119 11405.   8.9  18.0   1.380   2.1   8.9
   1 2005 120  9850.   8.4  19.1   1.470   1.4   0.1
   1 2005 121 20045.   8.7  28.3   1.620   2.2   0.0
   1 2005 122  7776.  10.7  19.0   1.640   1.3   1.6
   1 2005 123  8986.   9.5  18.1   1.430   1.6   9.2
   1 2005 124 10195.   8.4  14.6   1.290   2.5   2.3
   1 2005 125 16330.   2.8  13.6   0.890   2.9   4.1
   1 2005 126 15898.   6.4  13.1   0.960   3.9   0.2
   1 2005 127  9677.   3.0  12.0   0.940   2.5   8.5
   1 2005 128 17971.   2.0  11.8   0.790   2.6   2.0
   1 2005 129 17194.   2.3  12.3   0.800   2.7   4.1
   1 2005 130 17021.   2.3  12.1   0.832   2.3   1.4
   1 2005 131 19958.   2.1  12.8   0.820   1.8   1.1
   1 2005 132 22810.   0.1  14.9   0.730   2.9   0.0
   1 2005 133 18662.   5.8  17.6   0.840   3.4   0.0
   1 2005 134 21859.   5.1  18.5   0.910   2.6   0.0
   1 2005 135 14083.   4.7  16.0   1.050   2.1   6.9
   1 2005 136 12096.   3.8  14.8   0.940   1.7   2.0
   1 2005 137 19699.   1.2  11.7   0.720   1.5   0.0
   1 2005 138 24710.   0.4  14.9   0.660   1.0   0.0
   1 2005 139 20045.   7.4  19.2   0.890   3.1   0.7
   1 2005 140 12960.  12.8  21.5   1.410   3.3   4.9
   1 2005 141 20822.  11.0  19.9   1.290   2.7   8.2
   1 2005 142 26006.   9.3  19.8   1.090   2.9   0.0
   1 2005 143 23414.   8.1  17.2   1.070   3.3   0.0
   1 2005 144 14515.   7.4  18.0   1.090   3.5   0.1
   1 2005 145 22896.  13.1  23.2   1.400   2.7   0.0
   1 2005 146 23933.  13.7  28.5   1.500   2.6   0.0
   1 2005 147 26698.  10.6  31.2   1.400   2.0   0.0
   1 2005 148 26093.  12.3  25.8   1.680   3.3   0.0
   1 2005 149 20650.   9.9  20.5   1.170   1.8   1.2
   1 2005 150  4666.   6.3  12.8   1.178   1.4   6.1
   1 2005 151 20995.   4.3  17.4   1.010   2.5   0.0
   1 2005 152 26611.   2.9  18.8   0.880   1.6   0.0
   1 2005 153  8899.  13.0  19.3   1.580   3.1   0.4
   1 2005 154 18662.  14.0  26.1   1.540   2.7   6.6
   1 2005 155 11578.  11.8  18.1   1.350   5.3   3.2
   1 2005 156 11232.  12.5  17.0   1.460   3.8   5.5
   1 2005 157 13219.   7.3  14.3   1.020   2.0   0.3
   1 2005 158 15811.   5.4  13.8   0.870   2.0   0.4
   1 2005 159 27043.   3.4  17.5   0.900   1.4   0.0
   1 2005 160 24797.   4.1  19.1   0.880   1.2   0.0
   1 2005 161 23414.   5.3  19.6   1.070   1.9   0.0
   1 2005 162 17539.   6.9  14.8   0.950   2.2   0.0
   1 2005 163 13651.   5.3  15.8   1.020   2.5   7.2
   1 2005 164 20909.   7.4  16.2   1.040   3.1   9.2
   1 2005 165 29030.   6.4  21.6   1.000   2.2   0.0
   1 2005 166 22464.   6.9  24.2   1.270   2.5   0.0
   1 2005 167 21773.  13.4  22.7   1.440   3.7   0.3
   1 2005 168 10800.  17.1  22.3   1.990   3.3   0.0
   1 2005 169 28771.  14.3  25.6   1.340   2.0   0.0
   1 2005 170 29635.  15.2  29.1   1.250   2.6   0.0
   1 2005 171 27821.  17.9  32.3   1.610   2.2   0.0
   1 2005 172 22896.  13.1  25.4   1.670   1.8   0.0
   1 2005 173 19958.  14.0  25.2   1.440   1.1   0.0
   1 2005 174 27994.  13.1  30.5   1.470   1.8   0.0
   1 2005 175 26266.  17.6  32.9   1.870   1.2   0.0
   1 2005 176  8467.  12.8  22.4   1.950   1.8   2.3
   1 2005 177 25402.  10.4  24.2   1.220   1.5   0.0
   1 2005 178 27734.  11.1  24.5   1.320   1.5   0.0
   1 2005 179 29203.   8.2  25.8   1.230   2.2   0.0
   1 2005 180 16157.  13.9  25.5   1.540   2.0   6.8
   1 2005 181 13306.  13.2  23.0   1.730   1.7  10.3
   1 2005 182 16934.  12.9  21.1   1.550   2.7   1.0
   1 2005 183  8813.  12.8  20.8   1.880   1.6   0.2
   1 2005 184 22723.  16.2  26.4   1.830   1.7   0.2
   1 2005 185 10800.  13.2  25.5   1.750   3.7  16.3
   1 2005 186 15206.  11.5  17.8   1.270   3.2   1.2
   1 2005 187 10627.  11.1  19.5   1.520   2.9   6.9
   1 2005 188 16934.   9.6  19.9   1.300   1.1   0.0
   1 2005 189  9763.   7.7  19.0   1.480   1.0   3.9
   1 2005 190 23242.   7.8  21.6   1.540   1.6   0.0
   1 2005 191 24451.  14.2  28.0   1.680   1.9   0.0
   1 2005 192 24451.  15.9  26.1   1.840   1.9   0.0
   1 2005 193 24365.  14.5  26.7   1.910   1.7   0.0
   1 2005 194 25834.  14.4  25.8   1.760   1.5   0.0
   1 2005 195 25661.  12.4  29.0   1.610   1.1   0.0
   1 2005 196 22291.  13.9  25.4   1.750   2.6   0.0
   1 2005 197 20045.  10.1  22.4   1.410   1.1   0.0
   1 2005 198 20390.   7.5  24.0   1.380   1.2   0.0
   1 2005 199 17194.  14.5  25.7   1.640   2.0   0.0
   1 2005 200 19267.  16.5  21.1   1.360   5.0   0.1
   1 2005 201 14256.  12.6  20.0   1.440   4.9   5.5
   1 2005 202  7430.  12.1  18.0   1.540   4.6   0.0
   1 2005 203  7776.  12.8  17.2   1.410   2.9   2.1
   1 2005 204 12096.   9.1  19.0   1.370   2.6   0.4
   1 2005 205 15034.   8.9  23.7   1.620   2.0   2.3
   1 2005 206 10368.  14.6  21.2   1.820   2.3  10.9
   1 2005 207 11059.  13.5  18.1   1.400   1.7   2.0
   1 2005 208  8986.  13.7  24.1   1.990   1.8   8.9
   1 2005 209 20131.  15.8  29.0   2.270   1.4   1.5
   1 2005 210 14429.  17.8  26.1   2.200   1.9   4.5
   1 2005 211 14861.  13.2  21.6   1.650   3.1  23.7
   1 2005 212  7690.  13.0  17.1   1.560   4.0   8.2
   1 2005 213 13133.   9.1  19.1   1.310   1.6   0.0
   1 2005 214 22291.   7.3  20.1   1.160   1.2   0.0
   1 2005 215 15638.   7.8  22.3   1.440   1.8   3.1
   1 2005 216 23242.  11.2  21.1   1.343   2.8   0.0
   1 2005 217  7258.  10.9  18.0   1.530   2.7   7.8
   1 2005 218 14256.   8.7  18.3   1.350   1.7   4.8
   1 2005 219 18144.   8.5  17.5   1.310   2.6   7.5
   1 2005 220 14256.  11.1  18.4   1.440   2.8   1.0
   1 2005 221 13392.   9.6  17.5   1.220   2.7   0.0
   1 2005 222 14342.  11.2  19.2   1.390   2.8   0.0
   1 2005 223 12701.  10.3  19.6   1.570   1.8   0.0
   1 2005 224  8035.   9.7  19.1   1.530   1.6  15.9
   1 2005 225 15293.   8.5  20.8   1.450   2.0   0.3
   1 2005 226 13392.  13.9  19.3   1.600   3.5  12.8
   1 2005 227  7517.  12.2  17.6   1.530   2.0   0.2
   1 2005 228 16243.   9.6  21.8   1.430   0.9   0.0
   1 2005 229 22723.   7.5  23.4   1.390   1.8   0.0
   1 2005 230 21427.  15.8  27.1   1.790   2.7   0.0
   1 2005 231 12960.  15.9  25.5   1.980   2.0   0.0
   1 2005 232 11405.  15.3  21.0   1.770   1.6   0.0
   1 2005 233 14170.  15.1  23.0   1.750   1.3   0.0
   1 2005 234 10627.  10.9  22.6   1.630   0.9   0.0
   1 2005 235  7690.   9.1  19.2   1.510   1.2   2.1
   1 2005 236 17107.   8.6  20.4   1.300   3.0   0.1
   1 2005 237  8122.  10.6  18.9   1.440   3.5  10.3
   1 2005 238 14170.  10.2  18.0   1.200   3.7   0.3
   1 2005 239 10800.  10.4  20.0   1.440   1.7   0.0
   1 2005 240 19440.   9.8  22.3   1.420   1.6   0.0
   1 2005 241 20045.  11.0  25.3   1.460   1.8   0.0
   1 2005 242 19786.   7.1  26.1   1.510   1.7   0.0
   1 2005 243 19699.  16.9  29.5   1.820   3.1   0.0
   1 2005 244 10195.  15.5  22.7   1.980   2.8   0.4
   1 2005 245 18230.  12.8  24.2   1.790   1.5   0.0
   1 2005 246 11232.  14.7  23.9   1.700   2.5   0.0
   1 2005 247 18749.  14.8  25.0   1.600   3.0   0.0
   1 2005 248 19181.  16.5  27.3   1.460   3.1   0.0
   1 2005 249 13910.  11.8  26.0   1.860   1.1   0.0
   1 2005 250 14342.  13.6  25.0   1.810   1.4   0.0
   1 2005 251 16675.  14.7  27.8   1.820   1.7   0.0
   1 2005 252 12182.  14.8  26.6   2.030   1.2   5.3
   1 2005 253 11232.  15.4  25.3   2.120   1.4   8.4
   1 2005 254  3197.  16.3  19.6   1.940   1.5   8.2
   1 2005 255  9158.   9.9  21.3   1.500   1.6   0.0
   1 2005 256 15120.   9.0  21.6   1.360   0.8   0.0
   1 2005 257  4666.  11.3  18.6   1.750   3.0   0.6
   1 2005 258  5011.  11.9  19.5   1.670   1.5  19.4
   1 2005 259 13738.   6.8  16.2   1.110   2.4   6.6
   1 2005 260 14083.   3.6  16.0   0.990   1.2   0.6
   1 2005 261 16589.   2.4  18.3   0.920   0.8   0.0
   1 2005 262 16070.   3.6  19.8   0.910   0.9   0.0
   1 2005 263 15120.   3.2  21.7   1.020   0.7   0.0
   1 2005 264 14861.   3.5  21.0   1.060   1.0   0.0
   1 2005 265 14602.   5.8  21.9   1.170   1.2   0.0
   1 2005 266 13565.   5.9  21.8   1.340   1.7   0.0
   1 2005 267 10541.  10.9  19.4   1.480   1.2   0.5
   1 2005 268  9936.  11.5  20.4   1.500   2.4   0.5
   1 2005 269  7949.  11.9  19.3   1.440   2.3   4.7
   1 2005 270  3974.  12.5  17.6   1.510   3.0   0.9
   1 2005 271 12528.  10.4  17.1   1.210   3.4   0.0
   1 2005 272 10282.   8.1  15.3   1.200   3.7   6.4
   1 2005 273  4061.   8.4  15.0   1.290   3.0   3.3
   1 2005 274  9418.   7.4  17.0   1.300   2.6   1.6
   1 2005 275 11837.   7.0  16.7   1.150   1.3   0.6
   1 2005 276  9245.   3.3  17.3   1.100   1.1   0.0
   1 2005 277  5702.   5.7  16.4   1.210   2.2   0.0
   1 2005 278 10109.  10.2  19.3   1.440   2.2   0.0
   1 2005 279  8813.   5.7  19.5   1.380   1.3   0.0
   1 2005 280 10714.   4.8  20.3   1.200   1.3   0.0
   1 2005 281  5962.   7.3  17.9   1.460   1.4   0.0
   1 2005 282  4234.   9.5  17.7   1.460   1.2   0.2
   1 2005 283 10282.  11.0  22.0   1.480   2.7   0.0
   1 2005 284 10282.  11.3  21.0   1.430   2.8   0.0
   1 2005 285 10282.  11.2  21.4   1.404   2.8   0.0
   1 2005 286 10109.   8.9  22.0   1.320   1.9   0.0
   1 2005 287  7085.   8.8  20.9   1.490   0.9   0.0
   1 2005 288  9850.   5.5  19.2   1.200   2.2   0.0
   1 2005 289 10195.   7.6  17.8   0.910   4.0   0.0
   1 2005 290 10541.   5.7  14.2   0.830   4.3   0.0
   1 2005 291 10022.   6.4  14.7   0.830   4.4   0.0
   1 2005 292  2074.   6.5  11.9   1.060   3.7   2.8
   1 2005 293  6826.   8.9  16.0   1.230   3.5   1.1
   1 2005 294  2160.   7.8  16.8   1.380   3.4   9.7
   1 2005 295  3197.  10.5  14.1   1.320   3.6   1.0
   1 2005 296  4493.   8.6  14.1   1.250   1.9   3.2
   1 2005 297   691.   9.0  15.1   1.400   3.9  15.5
   1 2005 298  1814.  13.2  15.8   1.450   6.1   4.4
   1 2005 299  6134.  12.4  17.4   1.460   3.5   0.0
   1 2005 300  7603.  12.6  21.5   1.520   3.1   0.0
   1 2005 301  5789.  13.5  20.3   1.540   2.9   0.0
   1 2005 302  5702.  13.4  20.7   1.630   2.8   0.0
   1 2005 303  7517.  13.9  20.4   1.500   3.4   0.0
   1 2005 304  6134.  12.6  20.0   1.500   3.1   0.0
   1 2005 305  5530.   6.8  15.9   1.240   3.2   0.4
   1 2005 306  1210.   7.2  15.2   1.370   4.0   5.9
   1 2005 307  5616.  13.5  18.6   1.430   4.6   0.2
   1 2005 308  2851.   8.5  15.5   1.330   3.0   1.0
   1 2005 309  4234.   5.6  11.4   0.980   3.0   0.0
   1 2005 310  6480.   8.0  14.6   1.110   4.1   0.1
   1 2005 311  1987.   8.4  13.4   1.220   2.9   1.5
   1 2005 312  5098.   7.9  16.6   1.170   3.5   0.0
   1 2005 313  2246.   5.9  12.7   1.050   2.0   0.0
   1 2005 314  4234.   3.2  12.2   1.010   3.5   1.5
   1 2005 315  1987.  10.3  14.0   1.270   5.0   0.4
   1 2005 316  1728.   7.5  10.7   1.080   2.8   0.2
   1 2005 317  4925.   1.8  12.6   0.940   0.7   0.0
   1 2005 318  5270.  -0.4  10.8   0.770   1.7   0.0
   1 2005 319   518.   4.7   9.0   0.980   2.7   4.3
   1 2005 320  3456.   3.2   7.5   0.840   2.8   5.2
   1 2005 321  3888.   0.3   7.6   0.740   1.9   1.5
   1 2005 322  5098.  -2.9   9.1   0.670   1.1   0.1
   1 2005 323  2938.  -4.2   4.1   0.640   1.1   0.0
   1 2005 324  1296.   1.6   6.4   0.830   1.7   0.1
   1 2005 325  2333.   3.0  11.9   0.920   2.2   0.1
   1 2005 326  2419.  -0.8   5.2   0.670   1.4   0.0
   1 2005 327  1555.   1.6   5.0   0.760   0.7   0.5
   1 2005 328   605.   0.9   5.3   0.770   3.9   8.5
   1 2005 329    86.   0.2   4.0   0.685   8.6  50.4
   1 2005 330   432.   0.1   1.3   0.630   2.2  12.4
   1 2005 331  2419.  -2.0   1.3   0.604   0.9   3.5
   1 2005 332  1296.  -1.7   2.6   0.661   1.7   0.0
   1 2005 333  1555.   0.2   4.0   0.710   1.9   0.0
   1 2005 334  2765.  -0.8   4.5   0.680   2.6   0.1
   1 2005 335  3974.   0.0   3.2   0.600   4.1   0.0
   1 2005 336  1469.  -0.2   6.3   0.670   4.7   0.3
   1 2005 337   950.   4.8   8.6   0.910   4.9   0.2
   1 2005 338  2333.   6.4   9.7   1.010   3.5   4.5
   1 2005 339  1382.   5.7   7.4   0.930   3.4   0.3
   1 2005 340   518.   4.8   6.2   0.890   2.4   0.0
   1 2005 341  2678.   4.2   9.1   0.890   3.2   1.9
   1 2005 342  2592.  -0.4   7.3   0.790   1.6   0.0
   1 2005 343  2678.  -3.9   4.0   0.640   1.0   0.0
   1 2005 344  1728.  -5.2  -0.6   0.510   1.1   0.0
   1 2005 345   432.  -1.3   4.3   0.690   1.5   0.0
   1 2005 346  1814.   3.8   8.5   0.870   1.2   0.1
   1 2005 347   778.   4.7   7.6   0.870   1.2   0.0
   1 2005 348  2851.   3.9   8.8   0.900   2.1   0.4
   1 2005 349  1382.   5.6   9.6   0.950   4.1   2.7
   1 2005 350  1728.   1.4   9.6   0.850   5.6  11.9
   1 2005 351  2333.  -0.8   3.6   0.620   3.1   2.6
   1 2005 352  3197.  -1.2   4.0   0.650   3.0   0.9
   1 2005 353  2246.   0.5   7.9   0.760   3.0   2.6
   1 2005 354   605.   2.3   4.9   0.800   3.0   0.1
   1 2005 355  1210.   3.1   6.1   0.840   3.2   1.2
   1 2005 356  1728.   6.1   8.4   0.980   2.4   3.1
   1 2005 357   864.   6.6   8.1   0.970   3.2   0.6
   1 2005 358  1469.   3.0   8.9   0.950   2.3   0.0
   1 2005 359  3715.   0.4   6.7   0.750   1.2   0.2
   1 2005 360  2592.  -3.4   5.7   0.640   1.8   0.6
   1 2005 361  1642.  -2.7  -0.3   0.500   3.0   0.0
   1 2005 362  3197.  -5.9   0.3   0.430   2.1   0.0
   1 2005 363  3024.  -7.2   1.6   0.520   2.2   0.0
   1 2005 364  2246.  -3.3  -0.1   0.490   4.9   5.2
   1 2005 365   691.  -0.1   6.0   0.812   4.0   4.1
