*---------------------------------------------------------------------------*
* Station name: Swifterbant, Netherlands
* Year: 1985
* Author: Peter Uithol                                     -99.000: NIL VALUE
* Source: Natuur- en Weerkunde via Rob Groot
* Comments:
* Longitude: 5 38 E, latitude: 52 34 N, altitude: -4 m.
*
* Column  Daily value
* 1       station number
* 2       year
* 3       day
* 4       irradiation                   (kJ m-2 d-1)
* 5       minimum temperature           (degrees Celsius)
* 6       maximum temperature           (degrees Celsius)
* 7       early morning vapour pressure (kPa)
* 8       mean wind speed (height: 2 m) (m s-1)
* 9       precipitation                 (mm d-1)
*
** WCCDESCRIPTION=Netherlands, Swifterbant
** WCCFORMAT=2
** WCCYEARNR=1985
*---------------------------------------------------------------------------*
   5.63  52.57    -4.  -0.18 -0.55
   2 1985   1   520.   0.2   5.7   0.690   7.5   4.4
   2 1985   2  1840.  -2.1   0.6   0.550   2.9   0.3
   2 1985   3  2820.  -4.8   1.1   0.530   2.4   0.8
   2 1985   4  3280.  -9.6  -4.3   0.310   2.0   0.0
   2 1985   5  4020.  -9.0  -4.1   0.340   1.7   0.3
   2 1985   6  2270. -10.0  -4.1   0.350   5.2   7.6
   2 1985   7  3910. -16.4  -9.2   0.240   3.3   0.0
   2 1985   8  2030. -14.4  -2.1   0.370   4.9   0.6
   2 1985   9  1420.  -9.3  -3.6   0.380   6.3   0.1
   2 1985  10  2210. -14.9  -3.7   0.370   3.0   0.7
   2 1985  11  1920.  -6.8  -1.7   0.410   3.1   0.1
   2 1985  12  2500. -10.7   2.3   0.470   4.7   1.1
   2 1985  13  4100. -12.2  -6.8   0.280   4.0   0.0
   2 1985  14  2370. -13.1  -3.3   0.330   4.9   1.7
   2 1985  15  2250. -11.8  -9.5   0.250   5.3   0.0
   2 1985  16  1690. -11.4  -7.3   0.270   2.0   0.0
   2 1985  17  1360. -12.3  -7.9   0.290   2.3   0.7
   2 1985  18  2880. -13.2  -6.3   0.280   3.5   0.1
   2 1985  19  2460.  -7.9  -4.5   0.360   2.8   0.1
   2 1985  20   990.  -8.1  -4.0   0.360   3.4   0.0
   2 1985  21  1730.  -8.2   3.9   0.600   5.5   2.7
   2 1985  22  1230.   0.4   5.4   0.710   5.4   6.1
   2 1985  23  3030.  -0.6   2.3   0.570   4.8   0.1
   2 1985  24  4080.  -0.9   3.0   0.570   6.3   7.7
   2 1985  25  1480.   1.5   5.5   0.750   5.1   3.0
   2 1985  26  1920.  -2.3   1.4   0.560   3.0   5.8
   2 1985  27  5380.  -5.6   1.3   0.460   1.6   0.0
   2 1985  28  3940.  -2.9   1.2   0.500   5.1   0.0
   2 1985  29  2090.   0.7   8.2   0.770   6.3   5.4
   2 1985  30  5310.   1.6   8.4   0.820   4.9   3.0
   2 1985  31  2300.   4.6   8.5   0.810   8.0   3.2
   2 1985  32  2710.   5.3   9.9   0.920   7.5   0.6
   2 1985  33  3940.   2.8   7.5   0.780   7.2   0.1
   2 1985  34  5070.  -0.4   5.9   0.600   2.1   0.0
   2 1985  35  3790.  -1.3   7.1   0.640   2.8   0.0
   2 1985  36  4760.  -1.9   7.5   0.600   0.5   0.0
   2 1985  37  2770.  -1.7   5.5   0.620   2.0   0.0
   2 1985  38  6740.  -2.1   1.6   0.470   3.9   0.0
   2 1985  39  3980.  -3.6  -0.9   0.330   7.9   0.0
   2 1985  40  4000.  -7.4  -2.5   0.300   9.0   0.0
   2 1985  41  6940.  -9.1  -3.2   0.280   6.5   0.0
   2 1985  42  7250.  -9.4  -3.4   0.250   5.8   0.0
   2 1985  43  7310. -11.5  -2.2   0.230   4.7   0.0
   2 1985  44  7040. -12.2  -1.7   0.260   3.2   0.0
   2 1985  45  6700. -11.8  -0.3   0.330   4.1   0.0
   2 1985  46  7620. -11.1  -2.7   0.250   3.1   0.0
   2 1985  47  6220.  -8.6   4.8   0.460   1.8   0.0
   2 1985  48  2930.  -7.2  -0.4   0.450   3.8   0.1
   2 1985  49  8730. -10.4  -1.5   0.260   3.8   0.0
   2 1985  50  9530. -14.9   1.3   0.210   2.0   0.0
   2 1985  51  1930.  -7.9   0.4   0.330   3.9   0.1
   2 1985  52  1910.  -0.9   2.2   0.570   2.1   0.1
   2 1985  53  2950.  -1.0   2.2   0.570   1.5   0.0
   2 1985  54  2690.  -0.1   3.5   0.620   4.8   0.9
   2 1985  55  9000.  -3.7   9.2   0.660   2.5   0.0
   2 1985  56  7400.  -4.0  10.4   0.660   1.8   0.0
   2 1985  57  6990.  -1.4   8.0   0.650   2.8   0.0
   2 1985  58  2270.  -0.8   1.8   0.620   2.0   0.0
   2 1985  59   990.  -0.3   1.0   0.590   0.9   0.0
   2 1985  60  2470.  -1.0   4.8   0.630   3.7   2.6
   2 1985  61  2320.   1.7   6.0   0.750   3.7   0.1
   2 1985  62  7610.   1.6  10.1   0.820   5.1   0.7
   2 1985  63  2200.   1.3  10.0   0.900   3.5   3.8
   2 1985  64  4740.   0.0   6.9   0.710   1.7   0.0
   2 1985  65  3950.  -0.8   2.6   0.620   0.8   0.0
   2 1985  66  3460.  -0.9   3.2   0.640   1.2   0.0
   2 1985  67  1310.   2.0   5.8   0.740   2.4   0.4
   2 1985  68  2650.   0.2   6.3   0.710   0.9   0.0
   2 1985  69  9640.  -1.4  10.0   0.710   2.8   3.3
   2 1985  70 10430.   1.6   7.0   0.660   6.2   0.0
   2 1985  71  9770.  -1.3   4.4   0.570   1.8   0.0
   2 1985  72  5040.  -1.6   4.8   0.640   3.3   0.7
   2 1985  73  7460.   0.2   6.2   0.680   4.1   1.3
   2 1985  74  8050.  -1.6   4.5   0.590   3.2   0.9
   2 1985  75  8860.  -1.6   4.0   0.570   4.5   0.0
   2 1985  76 10460.  -1.9   3.7   0.520   5.8   0.0
   2 1985  77 12170.  -2.0   4.0   0.530   3.8   0.0
   2 1985  78  3230.  -2.4   0.6   0.540   3.5   0.2
   2 1985  79  3400.  -1.5   2.3   0.590   2.1   1.5
   2 1985  80 13060.  -2.2  10.3   0.610   4.3   0.0
   2 1985  81 11910.   2.0  13.9   0.710   4.6   0.2
   2 1985  82  4920.   1.2   8.4   0.800   3.9   1.3
   2 1985  83  6280.   2.4   8.7   0.790   4.1   1.0
   2 1985  84  6740.   2.3   9.3   0.800   3.5   2.3
   2 1985  85  5550.   4.2   9.9   0.880   3.3   5.3
   2 1985  86 11610.   2.5   6.9   0.660   6.8   0.6
   2 1985  87 11780.   1.0   6.1   0.640   5.6   1.2
   2 1985  88  5880.   5.4   9.6   0.830   9.0   0.0
   2 1985  89  2110.   9.0  12.6   1.120   8.6   0.0
   2 1985  90  8150.   9.9  14.3   1.160   6.0   0.0
   2 1985  91  5700.   7.6  16.6   1.170   6.3   6.0
   2 1985  92  4060.   4.5  11.8   0.960   7.0   2.8
   2 1985  93  8850.   4.6  19.5   1.230   4.2   0.0
   2 1985  94 14430.   8.3  18.8   1.230   2.9   0.0
   2 1985  95  2700.   8.7  13.6   1.200   3.3   4.0
   2 1985  96 12930.   6.7  15.0   1.010   3.1   0.0
   2 1985  97  7220.   7.4  12.2   0.990   5.6   1.9
   2 1985  98  4950.   7.9  11.6   0.960   7.9   3.1
   2 1985  99  7950.   4.1  10.4   0.920   4.2   2.4
   2 1985 100 14470.   2.1  10.8   0.830   3.5   0.0
   2 1985 101  4860.   2.2   9.9   0.850   6.1   3.1
   2 1985 102  5190.   4.2   8.8   0.840   5.6   4.8
   2 1985 103  9620.   5.1  10.8   0.850   5.9   8.8
   2 1985 104  6090.   5.5   9.3   0.860   6.2   6.3
   2 1985 105 12410.   5.9   9.9   0.880   4.6   1.2
   2 1985 106  4850.   6.0  10.4   1.070   3.1   1.4
   2 1985 107 12220.   7.3  15.6   1.160   1.4   0.0
   2 1985 108 20160.   4.6  16.7   1.100   2.7   0.0
   2 1985 109 19120.   4.2  19.5   0.850   3.3   0.0
   2 1985 110 13060.   3.6  10.2   0.720   4.8   0.0
   2 1985 111 21250.   0.8  13.4   0.730   3.9   0.0
   2 1985 112 20900.   3.0  14.6   0.790   6.1   0.0
   2 1985 113 12960.   0.0   8.9   0.650   6.4   0.0
   2 1985 114 22830.  -0.8   9.2   0.560   4.2   0.0
   2 1985 115 12360.   0.6   7.0   0.620   5.0   6.6
   2 1985 116 16760.   0.2   7.6   0.570   3.8   0.7
   2 1985 117  9410.   1.1   7.3   0.660   7.7   4.8
   2 1985 118 14430.   1.0   8.1   0.630   8.6   1.7
   2 1985 119 18230.   2.0   8.2   0.620   4.4   0.0
   2 1985 120 16270.   1.0   9.7   0.780   2.0   0.0
   2 1985 121 16160.   5.8  10.3   0.820   6.7   0.0
   2 1985 122  8230.   3.8   7.1   0.750   7.1   2.1
   2 1985 123  8180.   4.6   9.4   0.800   1.9   0.0
   2 1985 124  5720.   4.6   8.2   0.820   2.9   0.2
   2 1985 125  7000.   5.0  13.5   0.970   3.2   0.1
   2 1985 126 16240.   7.7  21.7   1.100   4.0   0.0
   2 1985 127  9280.  10.7  22.3   1.460   4.8   0.0
   2 1985 128 17660.  14.7  22.2   1.530   3.4   0.0
   2 1985 129 16040.  10.3  21.3   1.370   3.1   0.0
   2 1985 130  3420.  10.0  13.1   1.240   3.2   0.0
   2 1985 131 11150.  10.8  18.1   1.220   5.0   0.0
   2 1985 132 14870.  11.0  22.0   1.390   6.0   0.0
   2 1985 133  5260.  10.0  16.8   1.540   2.4   0.0
   2 1985 134  8520.  10.8  20.3   1.440   5.2   0.0
   2 1985 135 19790.   8.7  20.1   1.320   2.0   0.0
   2 1985 136 20100.  12.0  23.2   1.450   2.9   0.0
   2 1985 137 25270.  11.5  22.9   1.250   4.5   0.0
   2 1985 138 25120.  10.4  21.4   1.280   4.2   0.0
   2 1985 139 22880.  12.6  25.6   1.480   4.5   0.0
   2 1985 140 14260.  13.8  21.1   1.550   2.4   0.0
   2 1985 141 13430.  12.0  22.8   1.680   1.6   0.0
   2 1985 142  5480.  11.3  15.2   1.410   4.6   0.0
   2 1985 143  6970.   9.5  14.0   1.180   3.3   0.0
   2 1985 144 17030.   8.6  21.8   1.360   4.2   0.0
   2 1985 145 20280.  14.9  24.8   1.590   2.5   0.0
   2 1985 146 24940.  14.1  30.9   1.600   1.7   0.0
   2 1985 147 12740.  15.9  26.9   1.880   3.5   0.0
   2 1985 148 22450.  11.6  20.9   1.520   5.0   0.0
   2 1985 149 26000.  11.1  18.2   0.980   6.7   0.0
   2 1985 150 28330.  10.1  20.6   1.020   6.3   0.0
   2 1985 151 27340.   6.5  20.9   1.120   3.4   0.0
   2 1985 152 26970.  10.3  22.0   1.220   3.9   0.0
   2 1985 153 28450.   8.5  23.5   1.180   3.8   0.0
   2 1985 154 26790.   8.2  25.4   1.340   3.1   0.0
   2 1985 155 26450.  14.7  31.8   1.430   2.2   0.0
   2 1985 156  4860.  11.5  16.9   1.480   4.9   0.0
   2 1985 157  9040.  11.0  16.4   1.340   2.1   0.0
   2 1985 158 11830.   8.0  17.0   1.300   4.7   0.0
   2 1985 159 18980.   6.8  12.5   0.800   4.2   0.0
   2 1985 160 12000.   6.9  14.1   1.000   5.0   0.0
   2 1985 161 10040.   8.1  13.9   0.950   4.8   0.0
   2 1985 162 15110.   8.6  14.6   0.910   4.7   0.0
   2 1985 163 17120.   8.1  13.9   0.840   6.8   0.0
   2 1985 164 11140.   6.4  12.9   0.890   6.8   0.0
   2 1985 165 10970.   6.6  12.5   0.960   2.5   1.5
   2 1985 166 21670.   7.3  13.9   0.890   5.6   0.5
   2 1985 167 14060.   4.3  14.7   0.970   2.0   2.5
   2 1985 168 26900.   7.2  15.1   0.740   4.0   0.0
   2 1985 169  9500.   8.7  17.6   1.270   1.4  13.2
   2 1985 170 11090.  10.0  18.8   1.370   1.5   4.5
   2 1985 171  9040.  11.1  15.8   1.210   2.9   0.0
   2 1985 172 14160.  11.3  17.8   1.140   2.8   0.0
   2 1985 173 21900.   9.6  18.1   1.110   3.0   0.0
   2 1985 174 10260.   8.8  15.4   1.000   3.2   0.0
   2 1985 175 10230.   6.8  18.1   1.430   1.7   3.1
   2 1985 176 20870.   8.1  17.2   1.260   3.5   7.4
   2 1985 177  7410.   8.4  14.4   1.280   2.7   7.5
   2 1985 178 17060.   6.8  16.3   1.210   4.0   0.2
   2 1985 179 10350.   8.6  15.3   1.250   4.1   0.0
   2 1985 180  7020.  10.1  16.6   1.460   4.1   2.2
   2 1985 181 17640.  12.3  19.0   1.510   3.5   0.7
   2 1985 182 15300.  12.9  19.1   1.540   3.0   0.8
   2 1985 183 19540.  10.4  19.0   1.330   1.9   0.0
   2 1985 184 27270.   8.8  21.3   1.400   2.8   0.0
   2 1985 185 26610.  11.5  25.6   1.540   3.4   0.0
   2 1985 186 25000.  14.4  27.6   1.810   2.9  13.4
   2 1985 187 15450.   8.7  19.3   1.550   3.1   0.1
   2 1985 188 26270.   6.9  19.5   1.150   2.8   0.0
   2 1985 189 15550.   7.6  17.4   1.260   3.8   0.9
   2 1985 190 12840.  11.7  18.9   1.490   3.7   2.6
   2 1985 191 10300.   8.4  17.1   1.410   3.6   2.0
   2 1985 192 18290.   7.7  21.5   1.390   2.4   0.0
   2 1985 193 15450.  12.9  21.6   1.590   2.8   0.0
   2 1985 194 24110.  13.0  25.6   1.590   1.8   0.0
   2 1985 195 18620.  15.3  28.7   1.870   3.4   3.5
   2 1985 196 22390.  10.4  19.0   1.380   3.2   8.3
   2 1985 197  6910.  10.2  16.8   1.440   2.8   1.8
   2 1985 198 21860.   9.7  21.6   1.420   2.5   0.0
   2 1985 199 12560.  11.4  22.0   1.640   3.4   8.5
   2 1985 200 10520.  11.3  19.7   1.470   4.0   4.0
   2 1985 201 14680.   9.3  17.8   1.320   3.7   4.1
   2 1985 202 22570.   9.0  17.4   1.210   4.2   0.0
   2 1985 203  4230.  10.4  17.4   1.580   6.1   3.6
   2 1985 204 20320.   8.1  18.8   1.440   3.1   0.0
   2 1985 205 21160.   8.5  23.5   1.550   2.3   0.0
   2 1985 206 21150.  10.6  23.9   1.850   3.0   0.0
   2 1985 207  6600.  15.4  22.7   1.790   3.0   0.0
   2 1985 208 15540.  12.1  20.4   1.520   4.6   3.7
   2 1985 209  8550.  14.1  22.0   1.730   2.4  13.5
   2 1985 210 10280.  13.1  20.4   1.590   4.0   9.1
   2 1985 211  4280.  13.2  16.7   1.550   5.7  19.2
   2 1985 212 10460.  10.3  17.8   1.450   3.7   0.0
   2 1985 213  7860.  10.1  18.5   1.460   2.2   2.7
   2 1985 214  7070.   9.5  17.5   1.410   4.4   0.3
   2 1985 215 15680.   9.2  18.4   1.340   5.1   4.3
   2 1985 216 10870.   9.3  15.9   1.360   5.2   7.5
   2 1985 217  9160.  10.9  17.3   1.440   6.9   9.3
   2 1985 218 18150.   8.0  17.2   1.210   4.0   4.6
   2 1985 219 18290.   8.3  18.5   1.310   3.4   0.1
   2 1985 220 19120.  11.4  19.0   1.410   3.7   0.0
   2 1985 221 15760.  12.9  25.4   1.710   2.9   0.1
   2 1985 222  7580.  10.1  17.7   1.410   3.4  10.1
   2 1985 223 16670.   9.0  20.9   1.360   4.5   0.3
   2 1985 224 18310.  10.1  20.0   1.270   4.0   0.0
   2 1985 225 19830.  10.3  23.2   1.460   2.8   0.1
   2 1985 226 15480.  11.7  28.2   1.750   3.1  30.8
   2 1985 227 16490.   8.6  21.8   1.320   2.3   0.0
   2 1985 228 12150.   9.7  19.9   1.420   2.0   0.0
   2 1985 229  7770.  10.4  16.8   1.410   2.7   7.5
   2 1985 230 18890.   8.5  19.2   1.340   1.5   0.0
   2 1985 231  8970.  12.7   1.7   1.590   3.6   2.8
   2 1985 232 12000.  12.2  19.0   1.540   4.1   1.7
   2 1985 233 19370.   9.8  19.8   1.470   4.0   0.0
   2 1985 234 12230.  11.1  18.9   1.550   3.0   9.8
   2 1985 235   990.  12.5  18.6   1.360   3.2   0.0
   2 1985 236  4970.  11.5  16.4   1.430   5.1   0.0
   2 1985 237 15220.  10.3  18.0   1.230   5.0   0.0
   2 1985 238 11320.   8.9  18.3   1.260   3.6   0.0
   2 1985 239 16680.   6.1  18.5   1.200   2.8   0.0
   2 1985 240 18460.  10.0  22.0   1.380   2.6   0.0
   2 1985 241 14080.  11.7  23.6   1.620   1.7   0.0
   2 1985 242 16100.  12.3  25.8   1.480   2.2   0.0
   2 1985 243  6670.  12.4  19.5   1.700   3.4   0.6
   2 1985 244 11560.  10.9  18.1   1.290   6.0   1.5
   2 1985 245 10700.  10.8  18.2   1.300   3.7   0.0
   2 1985 246  9640.  12.6  18.0   1.440   5.1   1.6
   2 1985 247 10160.  11.4  16.3   1.270   3.0   0.7
   2 1985 248  6390.  11.3  16.8   1.290   6.4   1.2
   2 1985 249 13970.   8.9  14.3   0.930   6.5   2.4
   2 1985 250  9040.   8.8  15.2   1.010   4.1   1.2
   2 1985 251  9500.   9.2  15.3   1.240   2.3   3.9
   2 1985 252 16380.   4.5  15.0   0.960   3.2   0.0
   2 1985 253 13290.   4.7  18.8   1.300   2.9   0.0
   2 1985 254 11690.  11.6  21.5   1.540   0.5   0.0
   2 1985 255 12860.   9.9  22.6   1.520   1.8   0.0
   2 1985 256  8800.   7.6  16.8   1.360   3.6  13.3
   2 1985 257  6080.   5.1  15.0   1.190   4.1   0.4
   2 1985 258 10590.  10.5  15.5   1.230   4.7   7.8
   2 1985 259  6980.   8.9  15.7   1.240   5.2   1.1
   2 1985 260  5360.   7.9  18.5   1.610   4.9   1.1
   2 1985 261  8600.   6.4  18.5   1.480   1.6   0.0
   2 1985 262 12420.  11.0  23.6   1.640   4.2   0.0
   2 1985 263  3910.   7.0  15.5   1.400   1.7   0.0
   2 1985 264  7740.   7.0  21.0   1.550   4.3   0.0
   2 1985 265  4710.  11.1  19.2   1.700   4.0   2.5
   2 1985 266  8240.  10.9  19.1   1.560   2.2   0.0
   2 1985 267  6160.   9.4  19.2   1.460   1.9   0.0
   2 1985 268  4150.  10.0  16.7   1.430   1.0   0.0
   2 1985 269 12460.   9.2  19.8   1.300   1.0   0.0
   2 1985 270 10180.   7.6  20.6   1.310   0.6   0.0
   2 1985 271  5800.   7.5  17.0   1.380   1.4   0.1
   2 1985 272 12080.   4.8  19.1   1.170   1.0   0.0
   2 1985 273 10390.   6.2  21.2   1.440   1.9   0.0
   2 1985 274 11200.  11.6  23.3   1.510   2.0   0.0
   2 1985 275  6820.  12.3  20.2   1.600   2.9   0.0
   2 1985 276  6540.  14.2  21.5   1.730   3.6   0.0
   2 1985 277  4490.  12.5  18.2   1.500   3.0   1.0
   2 1985 278 10540.   8.3  18.7   1.280   2.4   0.1
   2 1985 279  9460.   7.2  19.8   1.270   3.3   0.1
   2 1985 280  2710.  11.9  17.2   1.410   4.3  10.4
   2 1985 281  4890.   6.6  13.5   1.120   4.3   8.2
   2 1985 282  3820.   9.0  14.3   1.150   5.3   3.1
   2 1985 283  6290.  10.8  15.9   1.310   4.4   0.6
   2 1985 284  2560.   7.0  17.2   1.380   4.2   0.6
   2 1985 285  6850.   3.5  14.3   1.010   1.2   0.0
   2 1985 286  9380.   1.4  14.1   0.920   0.7   0.0
   2 1985 287  6200.   5.5  15.7   1.280   2.7   0.1
   2 1985 288  2900.  11.7  14.5   1.380   3.0   0.0
   2 1985 289  2910.  11.1  13.2   1.350   1.7   0.0
   2 1985 290  3020.  10.9  13.7   1.250   1.0   0.0
   2 1985 291  1320.   9.2  12.6   1.210   1.3   0.0
   2 1985 292  4610.   5.7  13.2   1.020   1.1   0.0
   2 1985 293  8350.   3.8  13.3   0.890   1.6   0.0
   2 1985 294  8720.   1.0  13.3   0.830   2.5   0.0
   2 1985 295  7650.   3.7  11.0   0.850   4.1   0.0
   2 1985 296  7780.   2.7  11.4   0.800   3.8   0.0
   2 1985 297  8790.   0.8  11.6   0.980   3.7   0.0
   2 1985 298  6450.   1.1   9.5   0.720   3.9   0.0
   2 1985 299  5880.  -1.0   9.6   0.710   2.4   0.0
   2 1985 300  2650.   0.9   6.4   0.740   1.8   0.1
   2 1985 301  2650.   2.9  10.6   0.940   1.4   1.1
   2 1985 302  6150.   3.1  10.4   0.920   1.8   0.0
   2 1985 303  1640.   1.8   4.4   0.740   2.1   0.0
   2 1985 304  1590.   1.5   3.2   0.660   1.9   0.0
   2 1985 305  4020.   1.2   6.0   0.760   2.1   0.6
   2 1985 306  4860.   4.0   7.7   0.750   4.9  15.9
   2 1985 307  5150.  -0.8   8.1   0.650   2.8   0.1
   2 1985 308  6500.  -1.8   6.0   0.580   3.6   0.0
   2 1985 309  1320.   5.5  12.1   1.040   3.2   8.4
   2 1985 310  3370.   2.4   7.4   0.730   7.0   2.6
   2 1985 311  3960.   2.1  10.7   0.890   6.0   0.3
   2 1985 312  1050.   1.5  12.3   1.040   4.2   2.9
   2 1985 313  3650.   7.2  14.4   1.170   8.2  11.1
   2 1985 314  2090.   1.1   8.9   0.810   6.3   8.3
   2 1985 315  3040.   0.7   5.1   0.670   5.3   3.2
   2 1985 316  1430.   0.0   5.6   0.700   3.7   0.3
   2 1985 317  3630.  -1.3   6.9   0.690   1.7   0.0
   2 1985 318  2720.  -2.1   2.5   0.570   1.9   0.0
   2 1985 319  2380.  -2.0   2.7   0.600   2.4   0.1
   2 1985 320  1250.   2.5   2.7   0.710   2.8   0.0
   2 1985 321  2620.  -1.4   3.2   0.570   3.5   0.0
   2 1985 322  3520.  -2.3   1.2   0.440   7.0   0.0
   2 1985 323  2140.  -4.0  -2.2   0.350   7.6   0.0
   2 1985 324  1340.  -3.9  -1.9   0.400   5.2   0.0
   2 1985 325   450.  -2.5   1.3   0.580   4.1   0.0
   2 1985 326  1130.  -3.0   1.0   0.530   3.4   0.0
   2 1985 327  1080.  -2.7   1.6   0.530   4.7   0.3
   2 1985 328  1000.  -3.5  -0.1   0.530   2.3   0.0
   2 1985 329  1200.  -4.4   2.0   0.570   1.7   0.0
   2 1985 330  1150.  -6.2   0.4   0.540   3.4   0.3
   2 1985 331   670.  -1.3   1.2   0.600   3.9   2.6
   2 1985 332  2910.  -5.6   2.1   0.500   3.5   1.5
   2 1985 333  3290.  -5.3   1.7   0.540   3.0   0.0
   2 1985 334  1950.  -2.3   0.7   0.550   3.7   0.0
   2 1985 335  2230.   0.4   9.8   0.840   3.9   0.1
   2 1985 336  1090.   8.3  11.3   1.100   4.4   2.7
   2 1985 337  1030.   0.3  12.8   1.190   6.7   0.1
   2 1985 338   850.   8.9  11.0   1.210   4.0   4.9
   2 1985 339  1660.   7.2  12.6   1.050   6.3   6.0
   2 1985 340  2750.   5.7   8.7   0.860   7.2   3.1
   2 1985 341  1880.   4.7   9.9   0.970   4.7   3.8
   2 1985 342  1510.   2.2   6.5   0.850   2.6   0.0
   2 1985 343  1020.   5.1   8.1   0.900   4.0   1.5
   2 1985 344  3320.  -0.8   6.9   0.720   3.5   0.0
   2 1985 345   920.  -1.9   1.2   0.570   1.8   0.0
   2 1985 346  1020.  -0.1   2.8   0.630   4.4   0.0
   2 1985 347   530.   1.1   6.1   0.710   5.7   5.3
   2 1985 348   910.   6.1  10.5   1.090   4.0   0.0
   2 1985 349  1210.   9.0  10.6   1.080   6.6   0.0
   2 1985 350   910.   8.5   9.8   1.030   6.6   2.1
   2 1985 351   610.   7.6   8.6   1.000   4.9   0.8
   2 1985 352   960.   5.5  10.0   0.990   5.2   3.9
   2 1985 353  2500.   4.3   7.1   0.790   5.4   0.1
   2 1985 354  1480.   5.1   9.5   0.950   6.9   1.3
   2 1985 355   700.   4.7   8.2   0.810   7.6   0.0
   2 1985 356  2960.   3.7   9.0   0.400   5.9   0.0
   2 1985 357  1260.   4.1   7.1   0.830   4.8   0.0
   2 1985 358   880.   4.3   6.5   0.810   6.1   0.4
   2 1985 359  1820.   5.9   9.1   0.970   4.2   2.4
   2 1985 360   640.   1.0   6.8   0.760   4.7  16.9
   2 1985 361  2360.  -2.5   1.1   0.490   3.2   0.0
   2 1985 362  4930.  -3.9   1.0   0.490   1.3   0.0
   2 1985 363  1690.  -2.8  -0.6   0.470   1.7   0.2
   2 1985 364  1690.  -5.4  -1.0   0.480   3.1   0.0
   2 1985 365  3080.  -5.0  -1.7   0.410   4.4   0.0
