*-------------------------------------------------------------*
* Station name: Swifterbant, Netherlands
* Year: 1989
* Author: Willem Stol                        -99.000: NIL VALUE
* Source: Natuur- en Weerkunde - data invoer: Hennie de Ruiter
*
* Comments: Missing values are exchanged with daily weather
*           data from synoptic station de Bilt, Netherlands
*           (daynumber: 59  radiation : 71510. changed in 7151.)
*
* Longitude: 5 38 E, latitude: 52 34 N, altitude: -4 m.
*
* Column  Daily value
* 1       station number
* 2       year
* 3       day
* 4       irradiation                   (kJ m-2 d-1)
* 5       minimum temperature           (degrees Celsius)
* 6       maximum temperature           (degrees Celsius)
* 7       early morning vapour pressure (kPa)
* 8       mean wind speed (height: 2 m) (m s-1)
* 9       precipitation                 (mm d-1)
*
** WCCDESCRIPTION=Netherlands, Swifterbant
** WCCFORMAT=2
** WCCYEARNR=1989
*-------------------------------------------------------------*
   5.63  52.57    -4.  -0.18 -0.55
-999 1989   1      3     1     1       1     1     1
   2 1989   1   950.   4.8   8.0   0.880   1.5   0.0
   2 1989   2  1440.   3.3   7.5   0.810   1.2   0.0
   2 1989   3  1530.   0.4   5.1   0.670   3.0   0.0
   2 1989   4   530.   0.7   5.1   0.680   4.9   0.9
   2 1989   5  1960.   2.1   6.3   0.740   4.5   1.8
   2 1989   6  1400.   3.3   7.5   0.810   2.8   2.7
   2 1989   7  1840.   0.9   8.6   0.860   3.3   1.0
   2 1989   8   630.   8.3   9.3   1.030   4.2   0.0
   2 1989   9   590.   7.3   8.9   0.990   4.5   0.0
   2 1989  10   940.   1.6   7.8   0.850   3.2   2.7
   2 1989  11  2690.   0.6   5.5   0.670   4.3   0.0
   2 1989  12   730.   4.0   8.3   0.820   6.1   2.3
   2 1989  13  3830.   2.5   7.2   0.760   5.3   0.0
   2 1989  14  2300.   4.1   8.8   0.830   6.2   2.1
   2 1989  15  2530.   4.5   9.8   0.890   6.1   0.0
   2 1989  16  1000.   6.1   8.9   0.940   4.2   0.0
   2 1989  17   680.   0.3   7.1   0.790   3.5   0.7
   2 1989  18  2150.  -0.5   5.9   0.690   3.1   0.0
   2 1989  19   980.   0.0   3.4   0.630   3.3   0.0
   2 1989  20   850.  -0.6   2.5   0.590   3.2   0.0
   2 1989  21  1270.   1.8   6.1   0.750   4.8   0.5
   2 1989  22  4680.  -0.3   8.0   0.760   2.6   0.0
   2 1989  23  4440.   1.2   6.9   0.700   4.4   0.0
   2 1989  24  1060.  -1.1   1.4   0.560   3.0   0.0
   2 1989  25  2740.  -2.2   1.8   0.530   3.0   0.0
   2 1989  26  5300.  -2.2   5.4   0.560   2.5   0.0
   2 1989  27  5300.  -1.0   7.1   0.620   3.8   0.0
   2 1989  28  5470.   1.1   7.6   0.690   4.0   0.6
   2 1989  29  2670.  -0.9   6.6   0.680   2.8   0.0
   2 1989  30  4350.   1.1   9.3   0.750   3.5   0.0
   2 1989  31  2080.   1.2   5.6   0.710   2.3   0.0
-999 1989  32      1     1     1       1     1     1
   2 1989  32   750.   0.9   3.2   0.640   3.3   0.0
   2 1989  33  1070.   0.5   2.1   0.590   4.0   0.0
   2 1989  34  1920.   0.9   3.5   0.660   5.2   0.0
   2 1989  35  2180.   1.9   4.2   0.670   6.8   0.0
   2 1989  36  5770.   4.2   8.9   0.770   5.0   2.9
   2 1989  37  4310.   5.8  12.3   0.990   6.1   0.0
   2 1989  38  5360.   3.6  11.4   0.940   5.4   0.0
   2 1989  39  6300.   0.9  10.8   0.780   2.3   0.0
   2 1989  40  6790.   0.0  10.5   0.710   2.2   0.0
   2 1989  41  6470.  -0.7   9.5   0.650   1.9   0.0
   2 1989  42  4680.   0.6   9.6   0.760   3.3   0.0
   2 1989  43  2400.   4.2   7.8   0.810   5.5   2.9
   2 1989  44  4990.  -0.7   7.6   0.720   5.8   4.9
   2 1989  45  6450.   2.4   7.5   0.690   7.2   0.8
   2 1989  46  1600.   3.8   9.6   0.850   6.8   0.9
   2 1989  47  5270.  -1.0   6.1   0.620   4.5  19.7
   2 1989  48  5900.  -2.7   6.1   0.600   3.5   2.0
   2 1989  49  1060.   5.8  12.0   1.090   7.3   7.4
   2 1989  50  3730.   9.2  12.6   1.150   6.4   3.8
   2 1989  51  6890.   1.6   9.6   0.790   4.9   0.7
-999 1989  52      3     1     1       3     1     3
   2 1989  52  8120.  -1.3   7.0   0.610   2.1   0.0
-999 1989  53      3     1     1       1     1     3
   2 1989  53  7480.  -2.0   8.0   0.650   4.5   1.8
-999 1989  54      1     1     1       1     1     1
   2 1989  54  5710.   1.9   7.9   0.700   4.7   0.4
-999 1989  55      3     1     1       1     1     3
   2 1989  55  8320.  -0.2   7.2   0.670   5.3   0.5
   2 1989  56  5060.   3.3   6.8   0.490   7.6   2.6
-999 1989  57      1     1     1       1     1     1
   2 1989  57  2340.   2.1   5.7   0.700   6.9  49.7
-999 1989  58      3     1     1       3     1     3
   2 1989  58  2860.   0.9   7.8   0.700   7.4   3.7
-999 1989  59      3     1     1       1     1     1
   2 1989  59  7151.   0.9   7.8   0.690   5.9   1.0
-999 1989  60      1     1     1       1     1     1
   2 1989  60  2090.   3.4   7.5   0.810   9.4   7.0
   2 1989  61  5910.   4.0   8.6   0.830   4.8   7.4
   2 1989  62  3970.   4.5   9.7   0.930   2.8   0.9
   2 1989  63  6540.   5.1  10.8   0.940   4.2   0.6
   2 1989  64  4860.   7.5  13.9   1.130   3.1   0.0
-999 1989  65      1     1     1       1     3     1
   2 1989  65  7440.   6.5  17.6   0.510   3.5   0.0
   2 1989  66  2360.   6.0  11.0   0.810   3.5  19.3
-999 1989  67      1     1     1       3     3     1
   2 1989  67  4340.   0.0   7.4   0.730   4.5   5.9
-999 1989  68      1     1     1       1     3     1
   2 1989  68 13000.  -0.3  10.3   0.360   4.0   6.0
-999 1989  69      1     1     1       1     1     1
   2 1989  69 10030.   5.0  13.8   0.940   4.5   0.0
   2 1989  70  7110.   3.7  10.9   0.970   2.7   0.6
   2 1989  71  8570.   0.7  11.3   0.840   2.9   0.3
-999 1989  72      1     1     1       3     1     1
   2 1989  72  1830.   5.7  10.1   0.780   7.7   1.1
-999 1989  73      1     1     1       1     1     1
   2 1989  73 10200.   4.6  10.7   0.760   6.1   0.3
   2 1989  74  5500.   1.6   9.2   0.830   6.5   1.9
   2 1989  75  2450.   0.3   6.2   0.730   4.1   7.2
   2 1989  76  8110.  -0.1   6.7   0.650   4.5   1.5
   2 1989  77 11470.  -1.7   8.2   0.550   3.6   0.2
   2 1989  78  2960.   5.0   8.6   0.850   5.4   0.0
   2 1989  79  5670.   1.2  10.6   0.780   3.5   0.6
   2 1989  80 10690.   2.8   7.6   0.720   5.5   2.1
   2 1989  81  3930.   4.3  12.2   0.920   7.2   0.5
   2 1989  82 11820.   2.4   8.0   0.670   7.9   1.6
   2 1989  83  2210.   5.8  10.4   0.860   8.5  14.2
   2 1989  84 15530.   1.5   9.1   0.700   5.6   0.0
   2 1989  85 11020.   2.3  14.8   0.890   2.8   0.0
   2 1989  86 15340.   5.2  19.6   0.980   4.0   0.0
   2 1989  87 13810.   7.2  21.5   1.080   4.0   0.0
   2 1989  88 16610.   5.4  14.7   0.750   2.6   0.0
   2 1989  89 16090.   4.2  15.6   0.930   3.6   0.0
   2 1989  90 15550.   3.5  16.5   1.030   2.5   0.0
   2 1989  91  7330.   2.6  11.5   0.800   4.9   0.0
   2 1989  92 14610.   0.2   7.5   0.470   7.3   0.0
   2 1989  93 18340.  -0.2   7.4   0.440   8.1   0.0
   2 1989  94  5150.  -0.3   5.9   0.520   8.6   0.1
   2 1989  95  3020.   3.5   5.3   0.610   7.0   0.0
   2 1989  96  2950.   2.6   5.8   0.760   4.9   7.2
   2 1989  97 12270.   2.8  11.6   0.800   5.5   4.0
   2 1989  98 14940.   2.1  11.5   0.770   3.4   0.0
   2 1989  99 18080.   0.7  13.9   0.720   3.8   0.0
   2 1989 100  5660.   8.2  14.9   1.040   5.2   0.6
   2 1989 101 11450.   7.6  14.7   1.010   6.6   5.6
   2 1989 102  4270.   6.4  13.0   1.070   2.1   1.8
   2 1989 103  3960.   7.3  10.5   1.040   2.0   3.1
   2 1989 104  3340.   7.0   8.7   0.990   5.1   0.7
   2 1989 105 18830.   5.1  13.0   0.850   3.0   0.0
   2 1989 106  6790.   5.4   9.6   0.940   4.0   0.0
   2 1989 107 18270.   2.5  10.4   0.710   5.6   0.0
   2 1989 108  4530.   1.9   7.3   0.770   2.3   2.1
   2 1989 109 16520.   3.4   9.9   0.750   4.0   0.8
   2 1989 110 15500.   1.1  10.4   0.680   1.9   0.0
   2 1989 111 10680.   0.9  10.6   0.820   3.8   0.0
   2 1989 112 11390.   4.9   9.8   0.760   4.3   0.0
   2 1989 113  9800.   2.8   8.4   0.700   2.5   4.7
   2 1989 114  5840.   2.0   8.5   0.820   4.7   1.6
   2 1989 115  5310.   3.8   9.7   0.860   4.5   1.7
   2 1989 116  7330.   1.0   7.1   0.650   4.1   0.2
   2 1989 117 21100.  -0.6  10.7   0.580   2.5   0.0
   2 1989 118 18490.  -0.9  10.5   0.640   3.0   0.0
   2 1989 119 19740.  -2.0  13.1   0.660   1.7   0.0
   2 1989 120 17970.  -1.5  15.1   0.700   1.4   0.0
   2 1989 121 21250.   2.5  17.7   0.840   3.1   0.0
   2 1989 122 20130.   4.5  18.0   1.190   2.7   0.0
   2 1989 123 23770.   2.4  17.6   1.060   2.0   0.0
   2 1989 124 24810.   5.2  21.5   1.150   2.3   0.0
   2 1989 125 21890.   8.2  20.9   1.200   3.1   0.0
   2 1989 126 16030.   7.5  11.7   0.750   5.7   0.0
   2 1989 127 16100.   3.2  12.9   0.820   2.6   0.0
   2 1989 128 23100.   2.6  17.3   0.890   3.3   0.0
   2 1989 129 23880.   5.6  19.1   1.030   3.7   0.0
   2 1989 130 27190.   3.0  15.8   0.810   2.5   0.0
   2 1989 131 12930.   4.3  15.8   0.990   2.9   0.0
   2 1989 132 12450.   7.1  14.0   0.940   5.9   1.3
   2 1989 133 17840.   4.7  13.1   0.910   5.2   6.9
   2 1989 134 25920.   4.2  16.9   0.910   2.2   0.0
   2 1989 135 24270.   5.6  20.8   1.050   2.4   0.0
   2 1989 136 24990.   5.8  21.1   1.110   2.4   0.0
   2 1989 137 25650.   7.0  20.1   1.190   2.5   0.0
   2 1989 138 23790.   8.7  25.0   1.240   2.3   0.0
   2 1989 139 22730.  11.0  24.9   1.350   2.6   0.0
   2 1989 140 24110.  12.6  24.4   1.390   4.5   0.0
   2 1989 141 26420.  13.2  24.5   1.190   5.6   0.0
   2 1989 142 28560.  10.1  21.9   0.810   5.6   0.0
   2 1989 143 28420.  10.0  25.1   0.990   4.1   0.0
   2 1989 144 27820.  10.5  27.4   1.150   3.1   0.0
   2 1989 145 27500.  11.5  27.7   1.250   2.4   0.0
   2 1989 146 23930.   9.5  19.5   1.170   5.8   0.0
   2 1989 147 28660.   8.9  18.1   0.970   5.2   0.0
   2 1989 148 26920.   7.9  20.6   1.060   3.5   0.0
   2 1989 149 22890.   5.3  18.2   1.030   2.3   0.0
   2 1989 150 17030.   7.6  14.8   0.970   4.9   2.9
   2 1989 151 17540.   5.0  13.8   0.820   3.1   1.7
   2 1989 152 10000.   5.9  13.7   0.970   2.1   2.0
   2 1989 153 25750.   7.0  15.0   0.870   2.9   0.2
   2 1989 154 14890.   5.9  15.4   0.970   2.7  22.2
   2 1989 155  6340.   8.1  12.8   1.080   3.2  12.8
   2 1989 156 17170.   3.5  14.0   0.920   4.1   4.0
   2 1989 157 20670.   2.9  16.9   0.920   2.6   0.2
   2 1989 158  9050.   7.7  13.6   1.090   2.3   2.9
   2 1989 159 20040.   7.3  15.6   1.050   2.5   5.4
   2 1989 160 16270.   8.3  16.9   1.130   2.2   1.8
   2 1989 161 18440.   7.5  20.9   1.200   1.9   0.0
   2 1989 162 22700.  11.6  22.9   1.490   1.6   0.0
   2 1989 163 28380.  12.5  23.5   1.350   3.1   0.0
   2 1989 164 27470.  10.2  23.2   1.120   3.1   0.0
   2 1989 165 27800.  10.0  25.7   1.320   2.0   0.0
   2 1989 166 26930.  12.1  25.7   1.420   2.0   0.0
   2 1989 167 28440.  10.9  22.3   1.380   2.9   0.0
   2 1989 168 30270.  11.7  22.7   1.310   3.0   0.0
   2 1989 169 28490.  11.9  22.7   1.520   2.9   0.0
   2 1989 170 28710.  13.9  26.8   1.530   2.6   0.0
   2 1989 171 29490.  12.1  25.7   1.450   2.4   0.0
   2 1989 172 23880.  12.4  23.1   1.430   3.1   0.0
   2 1989 173 17240.  14.0  23.8   1.660   3.7   0.0
   2 1989 174 20360.  11.3  19.8   1.430   3.2   0.0
   2 1989 175 21580.   9.9  21.7   1.300   1.8   0.0
   2 1989 176 27670.   7.0  24.9   1.200   1.7   0.0
   2 1989 177 27630.   9.8  25.1   1.410   2.8   0.9
   2 1989 178 11500.  11.7  21.2   1.380   3.6   2.0
   2 1989 179 17850.  13.0  17.5   1.150   5.8   0.6
   2 1989 180  4690.   7.0  14.3   1.260   2.7  19.2
   2 1989 181 23720.   5.6  18.8   1.020   1.4   0.0
-999 1989 182      3     3     3       3     3     3
   2 1989 182  5280.  13.7  18.5   1.530   3.0   8.1
   2 1989 183  6240.  14.2  18.1   1.510   4.0   0.7
   2 1989 184 27420.  12.1  23.4   1.330   4.5   0.0
   2 1989 185 27020.  11.7  24.4   1.390   4.0   0.0
   2 1989 186 25210.  15.9  28.8   1.810   4.5   0.0
   2 1989 187 24680.  16.8  31.5   1.760   3.0   0.0
   2 1989 188 23440.  17.1  29.1   1.920   3.5   0.1
   2 1989 189 16050.  14.7  26.5   1.920   1.5   4.5
   2 1989 190 10320.  15.0  22.0   1.790   2.0   4.3
   2 1989 191 15460.  11.1  20.1   1.340   2.0   0.0
   2 1989 192 17540.  11.3  23.2   1.500   1.5   0.0
   2 1989 193 19970.   9.7  22.9   1.460   2.5   0.0
   2 1989 194 17040.  11.4  20.7   1.310   3.5   0.0
   2 1989 195 16890.   9.7  18.6   1.100   3.5   0.0
   2 1989 196 21140.   9.4  22.6   1.320   3.5   0.0
   2 1989 197 17170.   9.1  21.0   1.240   3.0   0.0
   2 1989 198  6190.   7.6  18.7   1.440   1.5   0.0
   2 1989 199 16800.  12.9  19.5   1.190   3.0   0.1
   2 1989 200 26400.  10.0  20.9   1.150   2.0   0.0
   2 1989 201 24980.   7.8  24.8   1.400   1.5   0.0
   2 1989 202 24740.  12.8  27.2   1.290   3.0   0.0
   2 1989 203 21440.  17.0  32.2   1.340   2.5   0.0
   2 1989 204 14530.  16.5  27.9   1.970   1.5   1.2
   2 1989 205 24530.  14.8  26.0   1.760   2.5   0.0
   2 1989 206  8640.  15.0  23.0   1.750   1.5   0.1
   2 1989 207 18390.  12.2  26.3   1.790   2.5   0.0
   2 1989 208 22700.  11.5  24.1   1.400   2.0   0.0
   2 1989 209 18680.  10.8  24.6   1.320   2.0   0.0
   2 1989 210 18630.  12.7  25.9   1.500   2.5   0.0
   2 1989 211  6030.  14.4  18.8   1.570   4.5  10.0
   2 1989 212 14830.  10.8  18.4   1.300   3.5   5.4
   2 1989 213 15810.   9.6  18.4   1.210   3.5   6.8  
   2 1989 214 10040.   9.5  17.3   1.150   3.0   0.3
   2 1989 215 13570.   8.7  22.4   1.510   2.5   0.0
   2 1989 216 19740.   9.9  20.9   1.310   2.0   0.0
   2 1989 217 19930.   7.1  23.1   1.350   1.0   0.0
   2 1989 218 20360.  11.6  27.1   1.460   1.5   0.0
   2 1989 219 10170.  13.9  24.0   1.860   1.0   0.6
   2 1989 220 10200.  12.3  23.2   1.750   2.0   2.3
   2 1989 221 17360.  10.9  25.1   1.670   2.0   0.0
   2 1989 222 18220.  13.8  27.4   1.620   2.5   1.2
   2 1989 223  5000.  14.1  18.0   1.630   4.0   0.9
   2 1989 224  7150.  11.6  21.2   1.630   3.5   0.5
   2 1989 225 19780.  11.6  24.2   1.480   2.0   0.0
   2 1989 226 17550.  12.6  26.1   1.560   3.0   0.0
-999 1989 227      1     1     1       1     1     1
   2 1989 227 12060.  14.7  25.1   1.680   4.7   2.3
   2 1989 228 13640.  15.6  23.9   1.690   1.7   0.1
   2 1989 229 15200.  10.9  21.6   1.410   3.4   0.0
   2 1989 230 21000.  10.6  21.1   1.270   2.8   0.0
   2 1989 231 19110.  10.1  25.7   1.330   1.8   0.0
   2 1989 232 20660.  11.8  28.9   1.570   1.8   0.0
   2 1989 233 17300.  12.0  23.4   1.730   2.5   0.0
   2 1989 234 16730.  12.8  22.3   1.560   3.1   0.0
   2 1989 235 19320.   9.9  20.4   1.190   2.2   0.0
   2 1989 236 13040.  10.7  21.0   1.480   3.9   0.0
   2 1989 237 14250.   6.3  18.1   1.260   3.6   0.7
   2 1989 238  9870.   5.9  18.1   1.090   1.7   2.1
   2 1989 239  7500.  11.0  16.4   1.250   5.4  36.5
   2 1989 240 16710.  11.3  17.5   1.170   6.1   0.7
   2 1989 241 15540.  10.8  19.2   1.240   2.6   0.0
   2 1989 242  3760.  13.9  19.8   1.710   3.1   1.9
   2 1989 243  6270.  14.3  19.7   1.620   2.7   1.4
