*---------------------------------------------------------------------------*
* Station name: Swifterbant, Netherlands
* Year: 1981
* Author: Peter Uithol                                    -99.000: NIL VALUE
* Source: Natuur- en Weerkunde (J.G. Krom)
* Comments: Missing values are exchanged with daily weather
*           data from synoptic station de Bilt, Netherlands
*
* Longitude: 5 38 E, latitude: 52 34 N, altitude: -4 m.
*
* Column  Daily value
* 1       station number
* 2       year
* 3       day
* 4       irradiation                   (kJ m-2 d-1)
* 5       minimum temperature           (degrees Celsius)
* 6       maximum temperature           (degrees Celsius)
* 7       early morning vapour pressure (kPa)
* 8       mean wind speed (height: 2 m) (m s-1)
* 9       precipitation                 (mm d-1)
*
** WCCDESCRIPTION=Netherlands, Swifterbant
** WCCFORMAT=2
** WCCYEARNR=1981
*---------------------------------------------------------------------------*
   5.63  52.57    -4.  -0.18 -0.55
   2 1981   1  1630.   0.9   5.4   0.600   7.4   2.3
   2 1981   2   340.   2.3   7.9   0.870   7.2  10.3
   2 1981   3  1450.   4.8   9.0   0.850   8.8   2.0
   2 1981   4  2220.   0.4   5.8   0.640   6.0   3.2
   2 1981   5  2830.  -0.1   4.0   0.570   4.2   0.6
   2 1981   6  2960.  -7.1   0.9   0.520   2.1   2.7
   2 1981   7  2960.  -8.8   1.7   0.450   1.7   0.0
   2 1981   8  1280.  -7.5   1.6   0.550   3.6   0.2
   2 1981   9   780.   1.5   6.5   0.800   4.0   6.1
   2 1981  10  2930.   0.5   4.4   0.620   3.7   1.0
   2 1981  11  4350.  -3.2   4.6   0.540   1.2   0.0
   2 1981  12   580.  -2.2   1.8   0.550   5.4   5.4
   2 1981  13  3480.  -3.2   1.9   0.510   3.9   0.0
   2 1981  14   590.  -1.3   6.8   0.630   7.9  12.2
   2 1981  15  1880.  -0.4   4.0   0.560   5.7   0.6
   2 1981  16  3030.  -1.0   1.7   0.510   4.7   2.8
   2 1981  17  2320.   0.9   5.1   0.680   3.6   0.2
   2 1981  18  2550.  -1.3   1.9   0.540   3.3   0.0
   2 1981  19  2180.  -0.7   5.7   0.640   5.7   2.0
   2 1981  20  2650.  -2.2   2.7   0.520   2.5   0.1
   2 1981  21  2150.  -2.4   1.1   0.510   3.3   0.0
   2 1981  22   810.   0.7   3.5   0.670   2.7   0.0
   2 1981  23  1270.   2.9   6.3   0.830   2.5   0.0
   2 1981  24   510.   0.7   6.0   0.790   3.6   0.0
   2 1981  25  1670.  -0.2   5.6   0.670   3.7   0.2
   2 1981  26  4830.  -2.8   6.6   0.630   1.2   0.5
   2 1981  27   770.   1.9   6.4   0.820   2.0   0.0
   2 1981  28  1460.   2.9   5.5   0.810   0.2   0.0
   2 1981  29   870.   3.8   5.4   0.790   1.3   0.0
   2 1981  30   640.   2.3   4.3   0.720   2.5   0.0
   2 1981  31  2910.  -0.3   6.1   0.640   2.8   0.0
   2 1981  32   860.  -0.3   3.4   0.690   3.2   0.0
   2 1981  33  4950.  -0.1   7.8   0.710   5.2   0.0
   2 1981  34  3380.   4.2   8.5   0.800   6.7  11.5
   2 1981  35  2560.   1.4   4.8   0.660   4.3   1.2
   2 1981  36  2570.  -0.1   4.7   0.620   3.8   0.5
   2 1981  37  1300.   1.2   8.7   0.860   4.5   0.9
   2 1981  38  2710.   6.9  10.0   0.960   5.7   0.0
   2 1981  39  1910.   5.7   8.9   0.920   4.9   3.6
   2 1981  40  1930.   5.3   8.9   0.890   3.5   0.1
   2 1981  41  1410.   0.6   5.3   0.650   7.3   5.8
   2 1981  42  6020.  -0.9   3.6   0.540   3.3   0.6
   2 1981  43  3330.  -2.5   1.9   0.560   1.2   0.0
   2 1981  44  7740.  -3.9   0.6   0.430   2.2   0.0
   2 1981  45  7140.  -5.7   2.2   0.440   0.8   0.0
   2 1981  46  6430.  -5.2   3.2   0.500   0.7   0.0
   2 1981  47  4450.  -5.2   3.8   0.510   0.1   0.0
   2 1981  48  2010.   0.1   3.3   0.630   2.8   0.0
   2 1981  49  1950.  -1.0   1.1   0.530   4.9   0.0
   2 1981  50  2090.  -1.0   0.5   0.500   4.9   0.0
   2 1981  51  5440.  -4.7  -0.2   0.450   3.9   0.0
   2 1981  52  6670.  -7.6  -1.9   0.380   2.0   0.0
   2 1981  53  6780.  -7.9  -0.1   0.390   3.3   0.0
   2 1981  54  6450.  -6.1   0.4   0.420   3.5   0.0
   2 1981  55  2780.  -4.0   0.0   0.500   3.5   0.1
   2 1981  56  4850.  -2.1   0.4   0.530   2.6   0.0
   2 1981  57  3660.  -3.4   0.4   0.520   3.7   0.0
   2 1981  58  8130.  -4.8   6.1   0.390   4.8   0.0
   2 1981  59  4370.  -2.1   3.4   0.420   7.0   2.8
   2 1981  60  8630.   1.0   9.3   0.730   2.8   3.4
   2 1981  61  3810.   2.8   8.5   0.850   1.7   2.6
   2 1981  62  1380.   0.1   3.1   0.670   4.0   0.2
   2 1981  63  5150.  -0.5   3.8   0.440   3.0   0.0
   2 1981  64  5880.  -0.3   4.6   0.560   2.6   0.0
   2 1981  65  3050.   1.2   7.6   0.760   3.6   0.3
   2 1981  66  1180.   7.1  12.7   1.150   7.1   3.8
   2 1981  67  2680.   9.2  13.8   1.200   6.7   6.2
   2 1981  68  1670.   6.7   9.8   1.080   4.1  13.4
   2 1981  69  1640.   5.7  13.9   1.080   5.2   8.3
   2 1981  70  1110.   8.1  13.5   1.210   7.4  34.6
   2 1981  71  3240.   7.6   9.5   1.030   4.5   7.2
   2 1981  72  6360.   6.4  12.1   0.970   3.7   1.6
   2 1981  73  4500.   6.1  10.1   0.930   2.9   3.2
   2 1981  74  1460.   4.1   6.4   0.810   0.8   1.8
   2 1981  75  5340.   1.5   6.9   0.680   0.4   6.1
   2 1981  76  8370.  -0.4   6.3   0.630   0.2   1.1
   2 1981  77  6400.  -1.4   6.1   0.690   4.4   0.8
   2 1981  78  4870.   6.1   8.4   0.810   7.7   3.0
   2 1981  79 10670.   4.2  11.3   0.820   5.2   0.0
   2 1981  80  8570.   6.1  14.4   0.940   6.0   0.0
   2 1981  81  5160.   2.4  14.7   0.790   7.3   1.1
   2 1981  82  4820.  -0.8  11.8   0.860   5.4   3.4
   2 1981  83  7860.   8.8  12.3   1.030   6.6   0.6
   2 1981  84  5230.   9.7  14.9   1.290   4.6   7.3
   2 1981  85  5450.   4.2  13.4   1.010   4.7   2.2
   2 1981  86 16200.   2.2  15.9   0.790   3.0   0.0
   2 1981  87  8220.   7.3  15.1   0.850   3.7   0.0
   2 1981  88  8860.   7.7  14.2   1.000   3.2   0.0
   2 1981  89  7450.   6.4  15.1   1.090   2.6   0.3
   2 1981  90  6460.   5.9  13.8   1.090   3.9   0.0
   2 1981  91  2870.   8.1  12.5   1.120   2.5   0.0
   2 1981  92  2360.   7.3   8.7   1.010   2.1   0.0
   2 1981  93  4730.   6.3  10.9   1.020   3.6   0.0
   2 1981  94  2190.   5.0   7.4   0.810   3.6   0.0
   2 1981  95  8080.   4.0   9.7   0.790   3.8   0.0
   2 1981  96 10810.   2.5  11.6   0.780   3.2   0.0
   2 1981  97 10400.   2.7  17.7   0.930   2.0   0.3
   2 1981  98 13210.   4.4  14.1   0.900   1.6   0.0
   2 1981  99 15690.   2.2  19.0   0.900   1.8   0.0
   2 1981 100 16410.   4.3  19.5   0.970   2.3   0.0
   2 1981 101 14900.   6.4  22.2   1.060   3.9   0.0
   2 1981 102  8330.   9.9  17.7   1.300   2.7   0.0
   2 1981 103 16050.   3.4  13.8   0.820   5.2   0.0
   2 1981 104 19100.   2.3  16.3   0.780   4.9   0.0
   2 1981 105 20990.   2.4  15.9   0.760   4.0   0.0
   2 1981 106 20140.   2.7  15.1   0.680   4.4   0.0
   2 1981 107 16180.  -0.9   9.7   0.500   4.4   0.0
   2 1981 108 14160.  -2.5  10.4   0.580   4.2   0.0
   2 1981 109  8270.   3.2   8.7   0.710   7.0   0.8
   2 1981 110 17320.   0.9  11.2   0.590   4.3   0.0
   2 1981 111  6180.   4.1   7.1   0.620   5.1   0.1
   2 1981 112 14540.   0.1   7.7   0.550   4.2   3.4
   2 1981 113 20050.  -2.3   6.7   0.510   2.5   4.2
   2 1981 114 19710.  -3.6   9.5   0.410   3.4   0.0
   2 1981 115  9800.   3.6  12.9   0.540   4.5   0.0
   2 1981 116 11000.   5.2  16.0   0.800   4.3   0.3
   2 1981 117 17280.   2.4  12.5   0.710   6.3   0.0
   2 1981 118  9680.   2.2   8.6   0.740   3.8   0.8
   2 1981 119  9840.   5.9  11.9   0.980   4.5   0.4
   2 1981 120  3040.   6.3  10.1   1.050   4.8   3.5
   2 1981 121 19890.   3.5   9.4   0.640   5.4   0.4
   2 1981 122 22780.   2.5   9.3   0.640   4.8   0.3
   2 1981 123 11730.   0.6   9.3   0.580   4.5   1.2
   2 1981 124  8640.   3.0  11.7   0.850   3.6   0.8
   2 1981 125  7610.   0.5   9.5   0.790   3.5   4.7
   2 1981 126  8760.   0.1  14.7   0.980   2.7   0.1
   2 1981 127 18760.   5.2  19.6   1.150   3.7   0.0
   2 1981 128  8480.  10.7  18.9   1.350   2.4   2.7
   2 1981 129 18060.   9.6  22.9   1.370   2.5   3.1
   2 1981 130 22390.  10.1  26.3   1.360   3.3   0.0
   2 1981 131 22670.  14.0  25.0   1.320   5.1   0.0
   2 1981 132 22320.  12.3  22.4   1.420   2.5   4.3
   2 1981 133 19880.  11.2  19.6   1.360   2.3   0.0
   2 1981 134  4980.   9.5  14.8   1.240   1.6   2.2
   2 1981 135 16530.   8.3  17.2   1.170   1.8   0.0
   2 1981 136 12490.   7.4  20.6   1.210   3.0   1.6
   2 1981 137 16930.   5.1  16.2   1.020   2.9   0.5
   2 1981 138 23550.   7.1  19.3   1.000   2.7   0.2
   2 1981 139 10420.   9.6  22.2   1.380   2.2   4.4
   2 1981 140 22620.  10.9  26.7   1.500   3.1   0.0
   2 1981 141 18310.  14.2  25.1   1.660   2.2   0.5
   2 1981 142 14380.   9.0  17.8   1.270   3.3  10.1
   2 1981 143 12850.   7.2  18.1   1.270   4.0   2.9
   2 1981 144 17070.   7.8  15.2   1.120   4.1   4.2
   2 1981 145 13700.   6.4  14.9   1.070   3.7   2.2
   2 1981 146 18280.   6.0  17.0   1.030   2.8   0.0
   2 1981 147 19190.   4.6  17.9   1.150   2.1   0.0
   2 1981 148 11470.   8.2  17.1   1.110   3.2   2.9
   2 1981 149 21380.   5.4  20.3   1.230   1.4   0.0
   2 1981 150 18510.  12.6  20.6   1.420   2.3   0.1
   2 1981 151 20220.  13.7  26.3   1.710   2.5   8.7
   2 1981 152 22000.  13.1  23.6   1.770   1.5   0.1
   2 1981 153 18300.  14.4  27.4   1.750   3.3   0.0
   2 1981 154 21590.  13.1  20.2   1.280   3.1   0.0
   2 1981 155 23200.  11.9  18.8   1.130   3.9   0.0
   2 1981 156 15480.  10.4  18.5   1.200   4.2   4.3
   2 1981 157 19650.   9.3  18.6   1.240   3.9   1.4
   2 1981 158 17450.  10.5  18.4   1.200   3.1   0.0
   2 1981 159  9390.  13.4  20.6   1.670   3.4   5.5
   2 1981 160 15190.  13.2  18.3   1.240   4.6   0.1
   2 1981 161 21340.   7.9  17.2   1.110   4.8   0.0
   2 1981 162  5900.  10.1  15.3   1.360   3.9  16.3
   2 1981 163 16320.   5.9  15.0   1.110   3.5   0.0
   2 1981 164 22300.   2.5  19.0   1.000   2.8   0.0
   2 1981 165  8050.  11.1  19.1   1.610   3.3   0.3
   2 1981 166  8620.  13.1  18.9   1.580   4.1   0.0
   2 1981 167 14580.  10.0  15.5   1.020   5.4   3.5
   2 1981 168 14010.   9.4  15.3   1.090   4.6   3.9
   2 1981 169  9000.   9.0  12.8   0.900   4.7   0.0
   2 1981 170 15570.   8.7  14.8   0.930   1.4   0.0
   2 1981 171  9510.   8.0  14.2   1.050   1.8   0.2
   2 1981 172 15770.   9.4  14.7   1.050   4.5   0.6
   2 1981 173 20510.   8.7  18.9   1.230   3.2   0.0
   2 1981 174 26270.   7.4  20.3   1.260   2.3   0.0
   2 1981 175 16230.   9.1  20.4   1.420   1.9   0.0
   2 1981 176 13590.  11.2  17.5   1.390   3.4   0.0
   2 1981 177  2620.  10.7  12.5   1.270   3.7   9.1
   2 1981 178  9480.  10.5  17.5   1.340   2.0   0.1
   2 1981 179  2260.  11.3  12.6   1.330   5.0  18.0
   2 1981 180  3340.  10.3  12.1   1.150   7.1   9.3
   2 1981 181  5270.   8.5  14.6   1.340   4.3   4.5
   2 1981 182 13820.  10.3  17.7   1.310   3.9   0.0
   2 1981 183 10200.  12.0  18.4   1.470   2.7  13.2
   2 1981 184 18630.  10.7  18.1   1.350   4.0   2.4
   2 1981 185 24000.  10.2  19.3   1.320   3.7   0.0
   2 1981 186 15120.  10.9  21.7   1.470   2.4   0.3
   2 1981 187 17470.  10.9  22.0   1.450   3.5   0.0
   2 1981 188 17710.  11.8  21.6   1.530   2.1   0.0
   2 1981 189 24010.  11.0  25.9   1.710   2.1   0.0
   2 1981 190 17690.  14.4  28.8   1.990   1.9   0.0
   2 1981 191  8730.  14.5  22.0   1.980   2.2  10.5
   2 1981 192 11310.  13.9  22.3   1.700   2.4   0.0
   2 1981 193  9370.  11.0  18.2   1.450   3.4   0.0
   2 1981 194 19360.   9.8  20.9   1.440   2.4   0.0
   2 1981 195 15410.  10.7  19.5   1.400   4.2   0.2
   2 1981 196 17880.  12.3  20.1   1.380   2.3   0.0
   2 1981 197  7700.  11.7  18.6   1.500   3.9   9.3
   2 1981 198 19880.   8.4  17.2   1.220   3.6   0.0
   2 1981 199 23720.   8.7  17.4   1.210   3.0   5.5
   2 1981 200 21600.  12.1  19.1   1.270   3.3   1.6
   2 1981 201 10840.  13.9  19.4   1.500   3.0   0.5
   2 1981 202 10210.   9.9  18.8   1.590   3.5   4.4
   2 1981 203 11490.   9.8  20.1   1.500   2.9   0.5
   2 1981 204 18280.  10.7  19.7   1.300   3.0   0.4
   2 1981 205  7570.  10.0  15.4   1.330   4.1   4.7
   2 1981 206 15610.  12.0  17.8   1.430   3.9   2.3
   2 1981 207  9770.  12.2  18.0   1.450   4.3   0.9
   2 1981 208 21260.  12.3  19.4   1.380   4.6   0.0
   2 1981 209 20820.  11.6  22.6   1.610   2.6   0.0
   2 1981 210 17700.  10.8  21.7   1.590   3.1   0.0
   2 1981 211 16270.   7.8  18.0   1.160   2.4   0.0
   2 1981 212 18110.   4.7  21.5   1.370   2.2   9.5
   2 1981 213  8150.  10.2  18.6   1.480   3.0  10.2
   2 1981 214 18890.   9.6  19.4   1.250   2.3   0.0
   2 1981 215 23230.   7.6  24.8   1.460   1.5   0.0
   2 1981 216 21840.   9.2  26.4   1.660   1.3   0.0
   2 1981 217 19100.  14.3  27.5   1.980   1.9   0.0
   2 1981 218 17590.  16.1  27.5   2.090   3.0   0.0
   2 1981 219 15780.  16.2  27.4   1.990   2.3   0.0
   2 1981 220  3370.  16.3  19.9   1.880   1.8   0.0
   2 1981 221  6110.  14.6  19.1   1.680   2.5   0.0
   2 1981 222  3570.  14.9  17.0   1.690   4.2   0.0
   2 1981 223  8260.  10.2  19.1   1.560   3.3   0.2
   2 1981 224 21840.   6.6  22.3   1.290   1.2   0.0
   2 1981 225 16220.   9.6  23.3   1.550   1.1   0.0
   2 1981 226 18100.  14.3  25.4   1.650   2.1   0.0
   2 1981 227 10910.  15.6  25.4   1.780   1.7   0.0
   2 1981 228 15910.  13.1  18.8   1.250   5.0   0.5
   2 1981 229 11330.   7.5  17.5   1.080   3.7   2.3
   2 1981 230 15730.   9.2  22.3   1.320   3.9   3.3
   2 1981 231  7590.  13.7  18.8   1.480   3.5   5.7
   2 1981 232  7860.  12.6  16.5   1.390   6.1   8.6
   2 1981 233 12480.  12.3  17.7   1.250   4.3   0.4
   2 1981 234 11170.  12.0  17.1   1.340   4.5   2.4
   2 1981 235 17810.  10.8  17.9   1.290   4.5   0.1
   2 1981 236 10980.   9.0  18.1   1.240   1.3   0.0
   2 1981 237 16550.   6.7  20.6   1.420   2.6   0.0
   2 1981 238 11220.  12.2  18.8   1.500   3.4   0.0
   2 1981 239 11170.  13.7  19.3   1.430   3.9   0.0
   2 1981 240 10210.  13.6  18.3   1.490   2.2   0.7
   2 1981 241 13710.  13.2  18.0   1.350   2.4   1.4
   2 1981 242 16900.   8.5  18.9   1.260   1.7   0.0
   2 1981 243 14080.   7.9  18.9   1.290   1.7   0.0
   2 1981 244 15850.  10.4  19.4   1.260   2.5   0.0
   2 1981 245 16970.   8.1  20.8   1.160   3.3   0.0
   2 1981 246 14920.   8.3  20.1   1.270   2.5   0.0
   2 1981 247 16400.   5.3  21.1   1.160   1.4   0.0
   2 1981 248 16390.   6.4  23.2   1.120   1.1   0.0
   2 1981 249 15960.   4.3  23.6   1.130   1.1   0.0
   2 1981 250 14270.   7.2  24.8   1.270   2.4   0.0
   2 1981 251 11950.  13.8  24.1   1.660   3.1   0.0
   2 1981 252  6190.  11.6  20.7   1.710   1.6   0.0
   2 1981 253 13190.  11.4  24.2   1.600   2.7   0.1
   2 1981 254  7230.   8.3  21.4   1.520   2.7   0.6
   2 1981 255 11860.   8.1  22.3   1.320   2.9   6.1
   2 1981 256 12140.  10.0  18.1   1.190   4.7   7.4
   2 1981 257  8790.   8.9  17.4   1.230   4.4   2.9
   2 1981 258  5580.  10.9  16.4   1.460   3.3   6.3
   2 1981 259  8140.  12.8  19.4   1.620   2.4   0.1
   2 1981 260  7350.   9.4  18.1   1.440   2.3   0.1
   2 1981 261  7060.  10.9  19.2   1.480   3.8   2.2
   2 1981 262  9250.  10.8  18.6   1.330   4.6   0.8
   2 1981 263  4270.  13.1  17.0   1.510   5.8   3.2
   2 1981 264 10090.  11.6  18.4   1.370   3.1   1.7
   2 1981 265  6160.  10.0  19.5   1.400   2.3   0.4
   2 1981 266 12300.   8.3  17.0   1.190   3.6   0.0
   2 1981 267 12170.   9.0  17.9   1.160   4.9   0.0
   2 1981 268  5270.  10.4  16.0   1.260   4.2   0.1
   2 1981 269  4770.   9.7  18.4   1.340   5.1   0.1
   2 1981 270 10120.   8.3  17.7   1.220   3.4   1.6
   2 1981 271 10760.   6.2  18.3   1.110   1.5   0.0
   2 1981 272 12320.   5.0  17.2   1.060   2.1   0.0
   2 1981 273 10590.   7.9  18.4   1.110   4.2   0.0
   2 1981 274 11040.   8.2  19.6   1.190   3.1   0.0
   2 1981 275  6750.   9.1  17.1   1.330   2.8   2.6
   2 1981 276  8400.   8.2  12.7   0.970   5.7   4.2
   2 1981 277  3460.   6.9  12.5   1.000   5.8  10.2
   2 1981 278  7490.   5.8  16.0   1.170   3.4   1.8
   2 1981 279  3520.   8.0  15.3   1.380   4.0   7.4
   2 1981 280  8480.   8.1  14.3   0.970   6.2   0.1
   2 1981 281  4680.   7.3  14.9   1.210   5.9   0.2
   2 1981 282  4700.  10.0  16.5   1.220   6.3   5.6
   2 1981 283  6690.   6.3  12.2   0.920   6.3   5.2
   2 1981 284  6880.   5.9  12.4   0.900   5.6  10.0
   2 1981 285  2520.   5.1   8.8   0.810   3.7   6.9
   2 1981 286  5280.   4.6  11.7   0.860   5.3   5.3
   2 1981 287  4810.   2.1   9.9   0.790   2.2   3.7
   2 1981 288  4770.   1.3   9.1   0.760   1.4   0.0
   2 1981 289  4820.  -0.5  10.3   0.780   2.0   0.0
   2 1981 290  5060.  -0.2   9.6   0.820   2.9  10.5
   2 1981 291   760.   5.8   7.2   0.920   3.0   1.8
   2 1981 292  2100.   2.4  11.0   1.030   4.9   1.1
   2 1981 293  1300.   4.6  13.1   1.120   5.6  20.2
   2 1981 294  7600.   3.4  10.3   0.790   3.4   1.1
   2 1981 295  3730.   2.6   8.9   0.860   4.8   2.6
   2 1981 296  7950.   0.3  12.5   0.690   1.3   0.0
   2 1981 297  3080.   1.7   8.4   0.830   4.0   0.0
   2 1981 298  2740.  -0.6  10.7   0.820   3.3   1.1
   2 1981 299  4500.  -1.4   8.0   0.730   1.2   0.0
   2 1981 300  3750.   2.2   7.6   0.840   4.1   0.5
   2 1981 301  6520.   3.4  10.7   0.870   4.4   0.0
   2 1981 302  2830.   5.8  11.0   0.970   4.7   1.6
   2 1981 303  5690.   5.4  10.3   0.900   4.3   7.8
   2 1981 304  5500.   6.3  13.0   1.020   6.2   0.6
   2 1981 305  3310.   6.8  13.9   1.220   4.5   0.0
   2 1981 306  1430.   7.2  13.4   1.160   4.6   0.7
   2 1981 307  2180.   9.1  14.1   1.260   3.5   0.2
   2 1981 308  3510.   4.0  12.1   1.010   3.1   0.5
   2 1981 309  4630.   3.5  10.9   0.810   4.3   0.2
   2 1981 310  5020.   5.3   9.9   0.750   4.5   0.1
   2 1981 311  6030.  -1.0   7.9   0.650   1.9   0.0
   2 1981 312  5640.  -2.6   6.0   0.580   1.0   0.0
   2 1981 313  2130.  -2.8   5.4   0.610   1.1   0.0
   2 1981 314  1870.  -3.1   4.8   0.620   4.5   2.4
   2 1981 315   870.   4.0   6.5   0.790   5.9   0.7
   2 1981 316  2210.   6.0   9.3   0.970   2.5   0.5
   2 1981 317  3500.   3.6   9.2   0.790   4.8   1.5
   2 1981 318  4020.   3.9   9.1   0.760   3.8   0.0
   2 1981 319  5370.  -1.2   6.6   0.590   2.3   0.0
   2 1981 320  2210.  -1.3   3.1   0.540   3.9   0.0
   2 1981 321   690.   1.7   6.6   0.690   5.3   4.1
   2 1981 322  2430.   6.3  11.2   1.030   6.8   3.2
   2 1981 323  4700.   2.7   9.6   0.800   2.7   0.1
   2 1981 324   770.   4.4  14.5   1.150   8.1   2.8
   2 1981 325  1790.   6.3  12.2   0.960   3.7   0.5
   2 1981 326  1380.   9.9  12.0   1.160   5.3   0.0
   2 1981 327  1840.   5.1  13.0   1.010   7.1   3.0
   2 1981 328  1710.   1.6   6.6   0.610   8.2   1.8
   2 1981 329  2630.   1.1   5.2   0.620   5.8   7.0
   2 1981 330   890.   4.2  10.1   0.970   5.7   2.8
   2 1981 331   390.   5.9  10.5   0.940   6.7   7.6
   2 1981 332  1440.   2.0   6.6   0.710   3.8   3.7
   2 1981 333  2570.   3.9   7.7   0.750   5.3   2.6
   2 1981 334   380.   0.5   5.3   0.660   4.0  12.1
   2 1981 335  1710.   1.0   6.3   0.660   4.6   0.3
   2 1981 336  2930.  -0.8   7.6   0.720   1.8   0.0
   2 1981 337  1860.  -0.9   8.5   0.750   3.6   0.1
   2 1981 338   700.   2.4   8.3   0.810   6.4   8.9
   2 1981 339  2650.   1.0   4.7   0.620   4.2   1.7
   2 1981 340  1280.   1.3   4.1   0.670   2.7   4.2
   2 1981 341  2080.  -0.6   3.6   0.610   2.5   3.8
   2 1981 342   810.  -1.1   1.2   0.590   2.1   0.0
   2 1981 343  1470.  -2.5   1.3   0.560   3.6   6.1
   2 1981 344  2720.  -5.0   0.8   0.480   2.3   0.0
   2 1981 345  1000. -10.7  -0.8   0.440   2.8   0.0
   2 1981 346  1970. -13.1  -0.8   0.330   1.4   0.6
   2 1981 347  2550.  -5.4  -2.2   0.360   4.6   0.0
   2 1981 348  1270.  -5.2  -1.0 -99.000   5.1   0.3
   2 1981 349  2660. -11.2  -1.9 -99.000   2.8   0.0
   2 1981 350  2160. -10.9  -6.6 -99.000   1.6   0.0
   2 1981 351  2260. -11.4  -8.3 -99.000   2.9   0.0
   2 1981 352  1590. -11.3  -7.2 -99.000   3.0   0.0
   2 1981 353  3830.  -9.0  -1.0 -99.000   2.0   0.1
   2 1981 354  2240. -11.0  -3.7 -99.000   3.0   0.0
   2 1981 355  1870.  -9.4  -6.2 -99.000   6.6   0.1
   2 1981 356  1320.  -8.7  -5.0   0.340   4.2   0.5
   2 1981 357  1410.  -5.2   0.3   0.480   1.8   0.0
   2 1981 358  1440.  -5.0   0.2   0.530   3.8   0.0
   2 1981 359  2380.  -3.9   1.5   0.550   2.5   0.0
   2 1981 360  1770.  -4.4  -0.3   0.500   1.6   0.0
   2 1981 361  1690.  -8.1  -2.7   0.380   3.5   0.0
   2 1981 362  1520.  -5.6   3.9   0.490   3.4   0.0
   2 1981 363   950.   0.7   4.1   0.620   5.7   0.8
   2 1981 364  1870.   3.0   7.8   0.680   4.9   1.2
   2 1981 365   700.   1.8   6.7   0.800   3.1   3.2
