*---------------------------------------------------------------------------*
* Station name: Swifterbant, Netherlands
* Year: 1975
* Author: Peter Uithol                                     -99.000: NIL VALUE
* Source: Natuur- en Weerkunde (J.G. Krom)
* Comments: Wind speed data corrected for measurements at 10 m height.
* Longitude: 5 38 E, latitude: 52 34 N, altitude: -4 m.
*
* Column  Daily value
* 1       station number
* 2       year
* 3       day
* 4       irradiation                   (kJ m-2 d-1)
* 5       minimum temperature           (degrees Celsius)
* 6       maximum temperature           (degrees Celsius)
* 7       early morning vapour pressure (kPa)
* 8       mean wind speed (height: 2 m) (m s-1)
* 9       precipitation                 (mm d-1)
*
** WCCDESCRIPTION=Netherlands, Swifterbant
** WCCFORMAT=2
** WCCYEARNR=1975
*---------------------------------------------------------------------------*
   5.63  52.57    -4.  -0.18 -0.55
   2 1975   1   760.   7.0   8.6   0.952   4.7   0.1
   2 1975   2  1460.  -0.5   7.2   0.559   2.9   0.0
   2 1975   3   670.  -0.4   5.4   0.575   4.2   0.0
   2 1975   4  2650.   3.8   7.2   0.706   4.8   0.0
   2 1975   5   650.   5.1   9.0   0.791   7.2   0.9
   2 1975   6  1300.   7.4   9.9   0.824   9.2   0.2
   2 1975   7  2780.   3.8   7.6   0.666   5.4   8.7
   2 1975   8  4110.  -1.1   6.2   0.451   4.4   1.3
   2 1975   9  1170.   1.0   8.2   0.565   5.4   0.0
   2 1975  10  1590.   5.4   8.9   0.736   5.4   0.0
   2 1975  11   900.   5.4   8.7   0.789   6.3   0.0
   2 1975  12  3170.   5.6   9.7   0.764   6.6   0.0
   2 1975  13  3680.   3.7   8.1   0.685   5.1   0.3
   2 1975  14  3690.   7.0  11.6   0.641   7.3   0.0
   2 1975  15  2050.   9.4  13.2   0.790   7.8   0.9
   2 1975  16  1070.   7.8  12.1   0.878   7.5   0.0
   2 1975  17   740.   3.8   8.1   0.698   8.2   1.9
   2 1975  18  2990.   3.3   7.0   0.712   5.3   4.3
   2 1975  19  4450.   1.1   7.0   0.602   3.4   1.3
   2 1975  20  3930.   1.1   5.0   0.542   7.4   0.0
   2 1975  21  1370.   2.3   5.8   0.634   8.1   1.4
   2 1975  22   790.   1.9   8.7   0.630   9.5   0.8
   2 1975  23  2720.   2.1   7.2   0.583   7.4  10.4
   2 1975  24  3730.   2.8   7.1   0.613   6.3   1.4
   2 1975  25   790.   3.2  10.5   0.630   8.2   0.0
   2 1975  26  5860.   1.8   6.5   0.549   5.5   2.8
   2 1975  27  1220.   2.7   8.9   0.697   6.9   2.5
   2 1975  28  2330.   2.4   6.0   0.661   5.6   7.8
   2 1975  29  1620.   0.0   5.3   0.489   5.4   5.4
   2 1975  30  2020.   1.4  10.9   0.642   4.0   0.6
   2 1975  31  2540.   6.8  11.7   0.889   4.7   0.9
   2 1975  32  5900.   4.3   9.4   0.723   4.0   6.6
   2 1975  33  5740.   6.0   9.1   0.898   2.5   0.0
   2 1975  34  2650.   3.7   5.9   0.645   5.0   0.0
   2 1975  35  6080.  -1.1   3.8   0.423   5.2   0.0
   2 1975  36  5190.  -1.9   1.8   0.478   4.7   0.0
   2 1975  37  6890.  -2.2   4.9   0.436   3.7   0.0
   2 1975  38  2070.  -2.0   1.1   0.506   3.7   0.0
   2 1975  39  6990.  -2.0   3.6   0.453   3.8   0.0
   2 1975  40  8100.  -0.9   7.1   0.435   2.5   0.0
   2 1975  41  5770.  -2.0   6.5   0.459   2.1   0.0
   2 1975  42  2310.   0.1   7.1   0.591   2.1   0.0
   2 1975  43  1700.   2.9   8.1   0.715   2.9   0.3
   2 1975  44  1190.   4.1   7.1   0.762   4.9   2.7
   2 1975  45  4030.  -0.2   4.9   0.488   3.6  11.6
   2 1975  46  7920.  -2.4   2.5   0.404   4.0   0.0
   2 1975  47  9520.  -4.0   2.9   0.304   4.0   0.0
   2 1975  48  2120.  -0.8   5.2   0.455   5.6   0.0
   2 1975  49  4770.   2.0   7.6   0.614   1.9   1.6
   2 1975  50  6820.   0.7   7.8   0.546   3.0   1.0
   2 1975  51  9040.  -0.3   6.3   0.508   2.3   0.0
   2 1975  52  9650.  -0.7   8.2   0.418   4.3   0.0
   2 1975  53  8940.   1.3   7.7   0.476   3.5   0.0
   2 1975  54  9720.  -1.3  10.7   0.444   2.2   0.0
   2 1975  55  5860.  -0.3   8.3   0.544   2.3   0.0
   2 1975  56  2030.   0.7   4.8   0.578   5.6   0.0
   2 1975  57 11340.  -1.0   9.3   0.369   4.4   0.0
   2 1975  58 11300.  -2.6  11.2   0.318   2.1   0.0
   2 1975  59  6570.  -3.2   5.9   0.448   2.8   0.0
   2 1975  60  8870.  -2.4  10.8   0.410   3.1   0.0
   2 1975  61  6660.   0.7  14.2   0.520   3.6   0.0
   2 1975  62  4820.   6.0  12.9   0.767   4.4   4.6
   2 1975  63  3900.   5.4  10.6   0.816   1.9   0.0
   2 1975  64  7090.   3.1  11.7   0.672   2.5   0.0
   2 1975  65  2950.   4.7   8.1   0.769   2.8   0.0
   2 1975  66  4520.   5.7  10.9   0.815   4.5   1.5
   2 1975  67  6610.   3.2   9.6   0.638   3.9   9.8
   2 1975  68  4760.   3.3  10.8   0.681   2.7   0.0
   2 1975  69  7200.   2.4   9.8   0.646   2.7   0.6
   2 1975  70  1460.   5.8   6.3   0.867   3.4   1.6
   2 1975  71  1820.   4.1   5.8   0.737   6.9   0.1
   2 1975  72  2310.   2.9   4.7   0.647   6.0   0.0
   2 1975  73  1900.   3.8   5.2   0.722   3.7   0.3
   2 1975  74  2890.   2.6   6.1   0.678   3.1   6.7
   2 1975  75 11000.   0.5   6.4   0.431   4.8   2.3
   2 1975  76  9730.   0.0   5.3   0.513   4.5   2.5
   2 1975  77  9270.  -1.1   3.7   0.400   7.1   0.5
   2 1975  78  3310.   0.1   6.2   0.511   8.9   0.0
   2 1975  79  2670.   1.7   6.4   0.580   8.2   0.1
   2 1975  80 16990.  -0.4   8.0   0.409   5.0   1.5
   2 1975  81  6010.  -0.8   7.1   0.472   3.3   0.0
   2 1975  82 14980.  -2.1   9.1   0.372   2.2   0.0
   2 1975  83 12870.  -1.7   6.7   0.426   6.0   1.2
   2 1975  84 11510.   0.3   6.4   0.499   6.0   0.6
   2 1975  85  9840.   1.5   5.4   0.524   4.6  12.3
   2 1975  86  7520.   0.7   6.0   0.546   2.8   0.2
   2 1975  87  9250.   0.3   5.3   0.474   4.5   5.0
   2 1975  88  7390.   0.1   5.8   0.529   4.8   0.1
   2 1975  89 12560.   0.0   6.6   0.476   2.6   8.0
   2 1975  90 17380.  -1.2   7.1   0.414   2.8   0.0
   2 1975  91  9400.   1.3   6.5   0.470   4.0   0.0
   2 1975  92  9980.   1.0   6.8   0.506   4.8   2.5
   2 1975  93 12740.  -0.7   7.6   0.464   2.5   0.9
   2 1975  94  3560.   1.3   3.5   0.611   5.4   1.2
   2 1975  95  9410.   0.3   7.1   0.531   4.4   6.6
   2 1975  96 14140.  -0.4   8.8   0.451   2.8   0.0
   2 1975  97 10240.   0.2   7.6   0.527   6.6   0.2
   2 1975  98 13810.   2.4   7.5   0.581   7.0   7.1
   2 1975  99 17850.  -0.1   7.5   0.467   5.1   1.7
   2 1975 100 15860.  -0.8   6.5   0.449   3.7   0.1
   2 1975 101  3140.   0.4   6.0   0.585   4.0   0.4
   2 1975 102  3760.   4.0   9.0   0.732   4.9   0.0
   2 1975 103  8370.   3.2   9.4   0.584   3.1   0.2
   2 1975 104  4730.   7.0  11.7   0.922   6.0   4.7
   2 1975 105  8220.   6.3  11.8   0.840   5.3   5.6
   2 1975 106  6840.   3.5   8.6   0.636   4.4   0.1
   2 1975 107 14910.   0.2  11.5   0.471   3.6   0.0
   2 1975 108  6520.   8.6  14.6   1.028   3.8   3.5
   2 1975 109  4770.   6.3  12.8   0.812   4.7   0.0
   2 1975 110 19220.   3.0  14.3   0.614   3.0   6.3
   2 1975 111 22860.   0.8  16.6   0.414   2.4   0.0
   2 1975 112 21560.   5.5  19.1   0.578   2.2   0.0
   2 1975 113  9840.   6.2  13.2   0.844   4.2   0.0
   2 1975 114  8150.   5.8  11.6   0.793   4.0   0.0
   2 1975 115 22100.   5.3  11.2   0.677   5.3   0.0
   2 1975 116  7600.   7.6  10.4   0.835   3.8   0.0
   2 1975 117  9130.   7.2  13.3   0.874   3.1   0.0
   2 1975 118 13810.   6.6  16.1   0.799   3.4   0.5
   2 1975 119 19250.   8.6  21.0   0.659   4.7   0.0
   2 1975 120 19490.   3.9  12.8   0.598   4.4   6.8
   2 1975 121 15740.   5.0  14.6   0.427   6.9   0.0
   2 1975 122  4760.   5.6  12.6   0.800   4.3   0.0
   2 1975 123 21460.   5.2  10.8   0.637   5.4  11.4
   2 1975 124 16620.   5.4  12.8   0.574   5.8   0.0
   2 1975 125 23870.   5.2  15.7   0.487   7.4   0.1
   2 1975 126 22810.   8.0  18.2   0.547   7.8   0.0
   2 1975 127  8780.   7.6  17.1   0.825   6.1   2.8
   2 1975 128 10390.   7.9  15.6   0.863   2.6   1.3
   2 1975 129 13630.  10.7  16.6   1.081   2.4   2.6
   2 1975 130 11610.   8.4  15.2   0.893   3.9   2.5
   2 1975 131 14120.   6.6  14.4   0.741   5.1   0.3
   2 1975 132 23580.   5.6  12.4   0.518   3.9   1.6
   2 1975 133  9810.   9.0  13.7   0.850   4.6   0.0
   2 1975 134 14580.   8.7  15.5   0.844   2.7   3.2
   2 1975 135 14410.   7.6  15.6   0.814   2.3   0.0
   2 1975 136 17120.   8.9  18.3   0.947   3.6   0.2
   2 1975 137 15030.  10.9  20.6   1.031   3.1   0.0
   2 1975 138 10880.   9.2  14.9   0.920   3.4   1.4
   2 1975 139 19560.   7.1  13.5   0.777   3.4   0.0
   2 1975 140 26940.   3.4  18.0   0.514   2.4   0.0
   2 1975 141 20090.   7.0  12.1   0.531   5.0   0.0
   2 1975 142 15960.   6.0  11.0   0.505   6.1   0.0
   2 1975 143 13520.   5.9  10.2   0.613   4.7   0.5
   2 1975 144 12330.   6.2  11.0   0.702   2.1   4.5
   2 1975 145 24480.   4.0  17.5   0.480   5.0   0.0
   2 1975 146 27980.   7.0  19.3   0.491   6.3   0.0
   2 1975 147 25340.   8.4  20.2   0.617   6.6   0.0
   2 1975 148 28670.   8.4  21.5   0.750   4.1   0.0
   2 1975 149  9490.   8.5  13.0   0.799   4.2   0.0
   2 1975 150 16340.   5.9  10.6   0.529   4.5   0.0
   2 1975 151 28360.   6.2  13.0   0.597   5.6   0.2
   2 1975 152 18930.   1.2  11.8   0.513   4.0   0.5
   2 1975 153 13350.   0.9  14.0   0.489   4.9   1.4
   2 1975 154 12650.   4.6  11.2   0.670   4.2   4.4
   2 1975 155 15990.   1.6  11.5   0.487   5.1   0.2
   2 1975 156 18570.   1.0  16.8   0.381   3.3   0.0
   2 1975 157 27550.   9.8  22.7   0.715   2.2   0.0
   2 1975 158 27550.   8.8  23.8   0.589   3.7   0.0
   2 1975 159 28790.   7.8  22.8   0.582   4.7   0.0
   2 1975 160 28410.  10.4  22.8   0.744   4.7   0.0
   2 1975 161 22400.  11.0  25.5   0.827   4.4   0.0
   2 1975 162 30460.  12.9  25.4   0.655   5.5   0.0
   2 1975 163 29300.  10.7  25.8   0.644   3.7   0.0
   2 1975 164 22370.   7.4  22.9   0.680   2.8   0.0
   2 1975 165 18750.  12.4  19.5   0.965   3.5   0.0
   2 1975 166  6240.  11.7  14.4   1.211   1.6   9.9
   2 1975 167 24950.   7.1  16.4   0.666   2.8   3.8
   2 1975 168 11870.   8.5  17.6   0.910   2.4   0.1
   2 1975 169 21600.  10.2  18.4   0.971   3.2  13.6
   2 1975 170 27240.   7.8  21.2   0.720   1.8   0.0
   2 1975 171 27010.   9.6  22.1   0.825   3.4   0.0
   2 1975 172 20460.  13.1  22.8   0.950   5.3   0.0
   2 1975 173  9350.  14.8  17.9   1.398   5.6   0.0
   2 1975 174 24400.  14.2  25.7   1.280   3.1  14.1
   2 1975 175 23580.  11.3  23.7   1.018   5.0   0.1
   2 1975 176 13460.   8.3  25.9   0.712   3.3   0.0
   2 1975 177 28500.   6.7  20.0   0.726   2.9   0.0
   2 1975 178 11360.  11.1  15.4   0.780   3.9   0.0
   2 1975 179 17540.  11.1  15.9   0.806   4.4   0.0
   2 1975 180 15840.   9.7  17.7   0.903   3.6   0.0
   2 1975 181 25800.  10.8  19.1   0.907   4.7   7.5
   2 1975 182 30610.   9.7  18.0   0.963   4.6   0.0
   2 1975 183 27170.  12.0  22.0   0.968   3.5   0.0
   2 1975 184 14530.  13.0  22.2   1.004   3.1   0.0
   2 1975 185 24030.  12.5  22.4   0.943   5.4   0.0
   2 1975 186 28150.  12.0  20.1   1.080   4.2   0.0
   2 1975 187 29650.  10.1  22.9   0.853   3.9   0.0
   2 1975 188 28870.   9.6  24.5   0.789   4.1   0.0
   2 1975 189 20160.  12.8  29.8   0.961   3.8   0.0
   2 1975 190 16660.  12.7  23.3   1.161   2.8  25.4
   2 1975 191 20100.  11.9  22.8   1.073   1.9   0.4
   2 1975 192 15200.  12.8  23.2   1.168   2.1  12.0
   2 1975 193 22360.  12.5  21.1   1.088   4.7   2.3
   2 1975 194  9950.  13.8  21.1   1.295   3.7   0.8
   2 1975 195 22290.  14.0  28.2   1.168   4.4   0.2
   2 1975 196 13850.  13.8  20.2   1.074   7.3   7.1
   2 1975 197 13630.  14.6  19.7   1.330   6.3   0.1
   2 1975 198 17360.  14.3  20.9   1.354   2.9   0.0
   2 1975 199 12340.  15.1  19.0   1.529   2.0   0.9
   2 1975 200 19710.  11.2  20.2   1.171   2.6   2.6
   2 1975 201  8540.  10.3  19.5   1.140   2.6   0.5
   2 1975 202 17540.  11.8  19.9   1.122   3.4   0.5
   2 1975 203 12540.  11.2  18.7   1.011   5.1   0.0
   2 1975 204 10480.  14.0  17.9   1.296   5.4   0.0
   2 1975 205 20840.  10.2  17.0   0.946   5.7   1.5
   2 1975 206 21030.  10.0  17.1   0.958   4.6   1.0
   2 1975 207 16520.   9.3  19.2   0.867   2.4   0.5
   2 1975 208 21100.  11.6  20.3   1.134   2.7   0.0
   2 1975 209 22670.  12.8  20.0   1.213   2.3   0.0
   2 1975 210 24830.  10.0  23.1   0.958   1.8   0.0
   2 1975 211 24020.  13.0  24.9   1.139   2.4   0.0
   2 1975 212 22680.  13.3  25.0   1.177   3.6   0.0
   2 1975 213 24230.  12.7  22.0   1.073   3.4   0.0
   2 1975 214 26140.  12.1  22.0   0.918   2.4   0.0
   2 1975 215 25600.  12.9  26.5   1.027   3.3   0.0
   2 1975 216 24980.  13.2  29.2   0.972   3.4   0.0
   2 1975 217 26650.  15.3  31.9   0.992   4.4   0.0
   2 1975 218 23620.  15.0  31.8   1.126   3.2   0.0
   2 1975 219 21500.  15.9  32.6   1.229   3.2   0.0
   2 1975 220 22520.  18.7  32.1   1.425   4.0   0.0
   2 1975 221 21180.  17.2  32.4   1.414   3.9   0.0
   2 1975 222 20880.  17.2  28.4   1.709   3.1   0.0
   2 1975 223 16800.  17.0  25.8   1.571   3.4   0.0
   2 1975 224 22910.  15.5  29.7   1.322   2.9   0.0
   2 1975 225 21960.  14.1  27.4   1.127   3.1   0.0
   2 1975 226 22730.  11.3  26.0   0.750   3.2   0.0
   2 1975 227 10000.  15.0  25.1   1.416   3.9   0.0
   2 1975 228 10040.  15.0  19.3   1.519   5.1   3.5
   2 1975 229 20560.  12.8  20.9   1.080   4.3   3.5
   2 1975 230 17050.   9.1  18.9   0.821   3.9   0.0
   2 1975 231 17480.  11.0  22.9   0.959   3.3   0.0
   2 1975 232  9870.  14.8  22.2   1.482   4.4   1.5
   2 1975 233  8620.  13.9  23.1   1.478   2.3   0.0
   2 1975 234 14740.  10.9  19.1   1.070   3.0  23.0
   2 1975 235 15740.   9.0  18.8   0.930   2.4   0.5
   2 1975 236 14600.   8.3  19.4   0.953   2.5   1.0
   2 1975 237 15960.  11.2  19.3   1.131   3.5  12.0
   2 1975 238 20700.  10.0  19.9   0.995   3.0   0.0
   2 1975 239 21710.   8.1  21.8   0.843   2.6   0.0
   2 1975 240 20540.  11.3  24.9   0.991   2.9   0.5
   2 1975 241 18810.  12.1  25.8   1.003   2.1   0.0
   2 1975 242 15220.  11.5  24.8   1.018   1.6   0.0
   2 1975 243 16000.  15.6  22.1   1.614   2.8   0.0
   2 1975 244  9130.  14.8  21.2   1.533   3.7   0.0
   2 1975 245 13320.  14.4  24.2   1.395   2.9   1.5
   2 1975 246  7480.  12.0  19.9   1.249   3.1   0.0
   2 1975 247 19680.  12.2  18.5   0.924   2.8   0.0
   2 1975 248  7680.   8.5  18.2   0.899   1.7   0.0
   2 1975 249 13570.   6.8  20.0   0.741   3.1   0.0
   2 1975 250 16740.   7.3  18.6   0.808   2.8   5.0
   2 1975 251 18880.   5.0  21.3   0.637   2.1   0.0
   2 1975 252 12200.  11.0  22.2   0.972   5.0   0.0
   2 1975 253  9190.  14.0  19.2   1.456   4.0   0.0
   2 1975 254 10210.  10.4  17.6   1.148   3.6   4.5
   2 1975 255  9040.   9.5  14.9   1.033   4.8   1.5
   2 1975 256 17150.   9.8  15.8   0.836   6.7  11.5
   2 1975 257  6100.  10.1  14.9   1.125   2.8   7.5
   2 1975 258 14870.  10.3  16.7   1.103   3.1   0.0
   2 1975 259 16180.  10.0  20.1   1.044   3.8   0.0
   2 1975 260  9030.  11.4  17.9   1.200   3.5   0.0
   2 1975 261 10700.   9.9  18.1   1.049   4.5   0.0
   2 1975 262 14460.   9.5  19.8   1.021   1.9   0.5
   2 1975 263  9030.   9.0  20.1   1.011   3.1   0.0
   2 1975 264 15380.   6.1  17.7   0.763   3.2   0.0
   2 1975 265 14920.   5.6  18.0   0.737   2.7   0.0
   2 1975 266 13090.   8.0  20.1   0.880   4.9   0.0
   2 1975 267 11810.  10.2  18.6   1.033   3.7   2.0
   2 1975 268  4860.  14.0  17.1   1.424   7.7   0.0
   2 1975 269 12280.   9.1  15.7   0.879   6.1   6.0
   2 1975 270  4850.   8.8  22.0   0.963   7.2   5.0
   2 1975 271 13430.  11.3  16.7   0.911   5.3  23.0
   2 1975 272  8190.  11.6  21.7   1.230   3.8   0.0
   2 1975 273  9680.  13.7  24.5   1.349   4.6   0.5
   2 1975 274 12650.   9.6  16.5   1.004   4.6   2.0
   2 1975 275 11490.   8.0  18.0   0.912   4.6   0.0
   2 1975 276  3330.   7.9  15.9   0.916   6.6   4.0
   2 1975 277  9740.   7.7  15.4   0.915   4.9   0.0
   2 1975 278  3150.  11.8  15.2   1.274   4.4   9.5
   2 1975 279  8830.  11.8  17.2   1.163   4.5   0.0
   2 1975 280  7630.  10.5  14.0   0.864   5.8   0.0
   2 1975 281  7880.   5.2  13.6   0.663   3.9   0.0
   2 1975 282 10890.   3.9  13.6   0.662   3.1   0.1
   2 1975 283  9230.   2.2  11.4   0.601   2.9   0.0
   2 1975 284  7910.   1.2  10.1   0.560   4.5   4.0
   2 1975 285 12050.   0.3   9.6   0.481   5.1   0.0
   2 1975 286  2910.   0.9   5.2   0.613   3.7   0.0
   2 1975 287  6650.   2.6   9.3   0.633   3.5   1.5
   2 1975 288  4640.   2.2  13.4   0.651   3.3   0.0
   2 1975 289  6870.   2.3  14.5   0.649   2.8   0.0
   2 1975 290  9160.   6.1  14.6   0.838   3.8   5.5
   2 1975 291  3130.   7.9  11.0   0.906   4.4   0.0
   2 1975 292  3510.   4.9  11.9   0.780   4.0   0.0
   2 1975 293  7060.   5.3   9.1   0.766   4.8   0.0
   2 1975 294  3360.   6.9  10.5   0.916   2.5   0.0
   2 1975 295  4240.   4.1  10.1   0.778   2.6   0.0
   2 1975 296  6740.   3.5  13.0   0.707   3.7   0.0
   2 1975 297  8410.   1.4  14.4   0.588   2.4   0.0
   2 1975 298  2410.   0.0   6.1   0.586   1.8   0.0
   2 1975 299  2130.   3.3   6.1   0.743   1.8   0.5
   2 1975 300  1020.   4.4   6.7   0.778   2.1   0.0
   2 1975 301  1180.   3.5   4.5   0.722   1.5   0.0
   2 1975 302  3350.  -0.4   7.7   0.558   2.0   0.0
   2 1975 303  5950.  -0.7  14.1   0.516   2.8   0.0
   2 1975 304  6640.   4.1  16.2   0.680   3.4   0.0
   2 1975 305  4280.   7.2  13.7   0.955   2.6   2.1
   2 1975 306  3100.   6.4  12.4   0.894   3.4   0.7
   2 1975 307  2000.   3.3   9.2   0.720   4.4   0.6
   2 1975 308  6520.  -0.2  12.4   0.548   2.4   0.8
   2 1975 309  2520.   4.2   7.7   0.800   3.7   0.0
   2 1975 310  2100.   6.4  10.3   0.894   3.4   0.0
   2 1975 311  1370.   6.6  10.0   0.907   3.9   5.4
   2 1975 312  4210.   5.3   8.7   0.793   5.6   0.2
   2 1975 313  5650.   3.2   7.5   0.646   5.8   0.0
   2 1975 314  1780.   0.6   5.1   0.568   3.1   0.0
   2 1975 315  2590.  -1.6   6.6   0.516   2.5   0.0
   2 1975 316  5180.   0.3   4.6   0.549   4.6   0.0
   2 1975 317   920.   1.3   4.6   0.624   3.3   0.0
   2 1975 318  1420.   0.7   7.6   0.610   3.0   0.1
   2 1975 319  2390.  -0.8   8.6   0.536   4.4   0.0
   2 1975 320  1970.   8.1  12.4   1.015   4.0  11.9
   2 1975 321  1630.   7.5  10.0   0.995   3.2  18.5
   2 1975 322  2810.   3.9  10.2   0.703   4.1   0.4
   2 1975 323   420.   5.0  10.9   0.811   5.4   0.0
   2 1975 324  3990.   3.6  10.1   0.601   6.9   7.3
   2 1975 325  3710.   3.0   6.5   0.629   4.8   0.3
   2 1975 326  2580.  -0.8   7.0   0.490   3.1   3.7
   2 1975 327  4370.  -2.1   4.2   0.440   3.4   0.0
   2 1975 328  4530.  -3.4   2.1   0.371   3.0   0.0
   2 1975 329  2820.  -2.9   2.9   0.419   5.2   0.0
   2 1975 330   580.   2.0   6.2   0.684   4.4   2.9
   2 1975 331  3250.   1.9   7.5   0.637   6.6   9.0
   2 1975 332  2150.   2.7  10.4   0.697   5.3   4.1
   2 1975 333  2680.   0.2   6.4   0.595   3.9  11.4
   2 1975 334  1350.   1.1   3.6   0.642   1.6   0.0
   2 1975 335  2540.   1.9   5.7   0.623   6.6   0.0
   2 1975 336  1710.   4.6   8.9   0.763   7.3   6.1
   2 1975 337  3240.   1.3   7.5   0.577   4.0   1.6
   2 1975 338  1010.   1.3   6.9   0.611   4.7   0.0
   2 1975 339   650.   5.9   9.4   0.892   3.7   1.5
   2 1975 340  3240.   4.5   9.1   0.691   4.7   0.0
   2 1975 341  1140.   1.6   7.6   0.617   4.1   0.0
   2 1975 342  2010.   0.0   6.5   0.489   4.0   0.1
   2 1975 343  2500.  -0.9   5.9   0.497   3.0   0.0
   2 1975 344   710.   3.3   5.0   0.704   2.8   0.0
   2 1975 345  1190.   3.1   5.0   0.717   2.0   0.0
   2 1975 346   790.   2.0   3.8   0.614   3.2   0.0
   2 1975 347  3380.  -0.4   4.8   0.475   4.1   1.2
   2 1975 348  4760.  -4.6   1.8   0.382   1.5   0.0
   2 1975 349  4290.  -6.2   0.4   0.334   1.9   0.0
   2 1975 350  3580.  -6.7   0.0   0.333   2.1   0.0
   2 1975 351  3160.  -2.2   3.1   0.457   3.6   0.1
   2 1975 352  3570.  -6.6   0.2   0.320   2.8   0.0
   2 1975 353  2240.  -0.6   2.5   0.520   2.9   0.1
   2 1975 354   940.  -0.5   3.8   0.559   2.3   0.7
   2 1975 355  2660.   3.0   7.0   0.712   3.8   0.0
   2 1975 356   400.   3.7   5.8   0.756   3.8   0.0
   2 1975 357   880.   4.9   7.1   0.788   5.0   0.0
   2 1975 358   990.   2.6   6.5   0.641   5.7   0.0
   2 1975 359   460.   1.6   6.4   0.624   4.0   9.1
   2 1975 360  2270.   1.7   8.6   0.628   4.7   3.1
   2 1975 361   550.   4.6   7.2   0.755   5.0   0.0
   2 1975 362   370.   4.6   6.7   0.729   5.5   0.0
   2 1975 363   780.   4.0   4.9   0.724   5.1   0.0
   2 1975 364  1840.   3.0   6.3   0.644   6.8   0.0
   2 1975 365   540.   4.4   6.9   0.744   8.1   0.1
