*---------------------------------------------------------------------------*
* Station name: Swifterbant, Netherlands
* Year: 1986
* Author: Peter Uithol                                     -99.000: NIL VALUE
* Source: Natuur- en Weerkunde via Rob Groot
* Comments: Missing values are exchanged with daily weather
*           data from synoptic station de Bilt, Netherlands
*
* Longitude: 5 38 E, latitude: 52 34 N, altitude: -4 m.
*
* Column  Daily value
* 1       station number
* 2       year
* 3       day
* 4       irradiation                   (kJ m-2 d-1)
* 5       minimum temperature           (degrees Celsius)
* 6       maximum temperature           (degrees Celsius)
* 7       early morning vapour pressure (kPa)
* 8       mean wind speed (height: 2 m) (m s-1)
* 9       precipitation                 (mm d-1)
*
** WCCDESCRIPTION=Netherlands, Swifterbant
** WCCFORMAT=2
** WCCYEARNR=1986
*---------------------------------------------------------------------------*
   5.63  52.57    -4.  -0.18 -0.55
   2 1986   1   730.  -5.8  -1.6   0.450   4.6   0.0
   2 1986   2   920.  -2.3   3.2   0.630   4.3   5.3
   2 1986   3   690.  -3.6   3.1   0.580   2.5   2.5
   2 1986   4  2920.  -4.9   1.3   0.540   2.0   0.9
   2 1986   5   960.  -0.1   0.8   0.600   5.1   6.8
   2 1986   6  2340.  -4.6   1.4   0.570   2.5   0.0
   2 1986   7  2000. -10.1  -1.3   0.390   0.8   0.0
   2 1986   8  2670.  -6.3  -2.3   0.400   5.3   0.0
   2 1986   9  3440.  -9.6  -5.0   0.350   3.4   0.0
   2 1986  10   850.  -5.2   4.0   0.610   6.5   4.3
   2 1986  11  2620.   1.0   4.4   0.690   4.3   0.0
   2 1986  12  1310.   2.1   4.9   0.690   6.9   0.0
   2 1986  13   750.   4.4   9.3   0.900   7.6   6.2
   2 1986  14  1460.   2.9   8.6   0.710   9.5   2.6
   2 1986  15  1830.   0.2   5.9   0.720   5.6   3.0
   2 1986  16  2890.   0.5   4.0   0.620   5.1   0.2
   2 1986  17  3130.  -1.2   4.0   0.590   2.7   0.5
   2 1986  18   400.   0.1   8.0   0.800   6.5   2.8
   2 1986  19   580.   4.7  10.5   0.970   8.9  20.3
   2 1986  20  4100.   4.2   6.6   0.760   7.3   0.0
   2 1986  21   950.   4.3   6.9   0.790   8.3   0.0
   2 1986  22  3200.   2.3   7.9   0.590   7.3   3.0
   2 1986  23  2850.   2.7   7.9   0.750   6.7   1.3
   2 1986  24  3380.   0.9   4.2   0.640   7.0   3.0
   2 1986  25  3420.   0.1   4.1   0.610   5.9   1.5
   2 1986  26  4870.  -2.0   3.8   0.530   1.7   0.0
   2 1986  27  2080.  -3.3  -0.9   0.490   4.2   0.0
   2 1986  28  3350.  -2.2   3.6   0.590   4.7   0.2
   2 1986  29  3830.  -0.5   2.0   0.530   5.1   0.1
   2 1986  30  4650.  -1.3   1.5   0.550   6.8   0.0
   2 1986  31   650.   0.5   1.8   0.570   9.1   0.0
   2 1986  32   440.   0.2   2.5   0.600   8.9   0.0
   2 1986  33   590.  -1.0   2.3   0.580   6.9   0.1
   2 1986  34   860.  -2.5  -0.9   0.430   7.1   0.0
   2 1986  35  5110.  -4.7  -0.9   0.380   6.2   0.0
   2 1986  36  6650.  -6.8  -0.6   0.350   5.0   0.0
   2 1986  37  4380.  -7.2  -1.6   0.320   6.2   0.0
   2 1986  38  6740.  -6.0  -0.3   0.360   4.5   0.0
   2 1986  39  5150.  -9.7  -2.5   0.340   4.0   0.0
   2 1986  40  5360. -11.6  -4.2   0.250   2.6   0.0
   2 1986  41  4150.  -5.6  -0.9   0.410   4.5   0.0
   2 1986  42  2390.  -2.7  -0.6   0.470   4.6   0.0
   2 1986  43  7390.  -6.0   1.8   0.380   4.3   0.0
   2 1986  44  8150.  -9.0   1.2   0.320   4.8   0.0
   2 1986  45  5900.  -6.9   0.4   0.370   6.8   0.0
   2 1986  46  5940.  -6.9   0.0   0.360   5.6   0.0
   2 1986  47  2910.  -7.2  -0.9   0.390   6.0   0.0
   2 1986  48  6230.  -6.2   0.7   0.370   7.2   0.0
   2 1986  49  3090.  -6.4  -0.3   0.440   5.2   0.0
   2 1986  50  3250.  -8.0  -0.9   0.390   5.3   0.0
   2 1986  51  7160. -13.4  -2.0   0.320   1.9   0.0
   2 1986  52  5920. -14.8  -2.5   0.280   0.9   0.0
   2 1986  53  4890. -13.7  -3.2   0.330   3.0   0.4
   2 1986  54 10580. -15.7  -4.8   0.280   2.5   0.1
   2 1986  55  9530. -15.9   0.0   0.330   3.7   0.0
   2 1986  56  7000.  -9.4  -1.6   0.330   4.6   0.0
   2 1986  57 11940. -13.1  -1.3   0.260   4.3   0.0
   2 1986  58 11480. -13.0   0.7   0.240   4.9   0.0
   2 1986  59  8590.  -9.5   1.3   0.300   7.7   0.0
   2 1986  60  3610.  -5.1  -1.0   0.310   7.7   0.0
   2 1986  61  9710.  -8.3   3.9   0.320   5.2   0.0
   2 1986  62  2630.  -8.2   3.9   0.290   3.7   0.0
   2 1986  63  2370.  -9.0   4.1   0.530   6.5   0.2
   2 1986  64  1410.   4.1   7.2   0.880   6.7   1.3
   2 1986  65  7220.  -0.6   0.9   0.660   2.8   0.0
   2 1986  66 10210.  -1.7   7.7   0.610   0.1   0.0
   2 1986  67  4450.  -2.2   4.4   0.580   2.0   0.0
   2 1986  68  5800.  -1.0   5.6   0.590   1.4   0.0
   2 1986  69 11010.  -2.0  12.6   0.540   1.5   0.0
   2 1986  70  2260.  -2.0   2.1   0.610   1.8   0.0
   2 1986  71  1180.   0.9   3.7   0.670   3.1   0.0
   2 1986  72  6570.  -1.2   6.8   0.610   2.2   0.0
   2 1986  73  8220.  -0.5   9.0   0.600   0.8   0.0
   2 1986  74    80.  -1.3   8.8   0.710   1.8   0.0
   2 1986  75  6830.   1.0  10.3   0.770   3.1   0.0
   2 1986  76  3220.   0.4   7.6   0.780   0.8   0.3
   2 1986  77  6680.   2.7  16.9   0.870   3.2   0.0
   2 1986  78 12520.   1.3  17.7   0.840   1.9   0.0
   2 1986  79  5230.   3.7   8.7   0.820   5.4   1.7
   2 1986  80  8970.   0.7   7.0   0.720   4.3   0.2
   2 1986  81  3130.   2.5   6.8   0.800   7.4   1.5
   2 1986  82 13470.   3.1   9.0   0.800   7.9   5.3
   2 1986  83  5650.   1.4  10.0   0.660   7.2   0.0
   2 1986  84 10610.   2.8   6.9   0.610   6.3   0.0
   2 1986  85 11750.   1.4   7.9   0.660   3.8   0.0
   2 1986  86 10140.   4.0  13.1   0.870   5.6   0.0
   2 1986  87 10860.   6.0  10.2   0.760   6.7   0.0
   2 1986  88  8940.   2.5   9.1   0.770   4.5   0.0
   2 1986  89 10660.   2.0   7.3   0.650   6.2   0.0
   2 1986  90  6350.   2.2   7.0   0.650   2.2   0.0
   2 1986  91  8560.  -0.4   0.7   0.640   6.1   0.0
   2 1986  92  9730.  -0.2   8.1   0.640   1.1   0.0
   2 1986  93  9520.  -1.1   8.0   0.620   4.3   0.0
   2 1986  94  9110.   1.0   7.1   0.590   5.2   0.0
   2 1986  95 10240.  -0.4   7.8   0.610   3.3   0.0
   2 1986  96 15410.   0.6   8.6   0.550   6.4   0.0
   2 1986  97  1640.   1.9   6.1   0.780   7.1   0.0
   2 1986  98  2590.   3.0   4.8   0.730   6.3   0.0
   2 1986  99  5210.   1.8   7.0   0.680   8.1   0.0
   2 1986 100  9710.  -1.5   6.3   0.580   7.4   0.0
   2 1986 101 16050.  -4.2   4.6   0.350   4.2   0.0
   2 1986 102 20440.  -6.2   7.9   0.390   1.4   0.0
   2 1986 103 12960.  -2.9   7.3   0.540   1.7   0.0
   2 1986 104  5370.   0.0   7.4   0.720   2.4   0.0
   2 1986 105  8750.   2.4  11.1   0.900   4.0   0.0
   2 1986 106 14530.   4.8  14.3   0.860   4.4   0.0
   2 1986 107 12300.   3.1  13.3   0.840   3.0   0.0
   2 1986 108 12980.   0.9  10.6   0.770   2.6   0.0
   2 1986 109 10570.   0.4   8.4   0.770   3.0   0.0
   2 1986 110  6700.   0.3   9.0   0.800   4.8   0.0
   2 1986 111  9890.   2.5  12.2   0.870   5.0   0.0
   2 1986 112 15110.   3.2  13.3   0.730   6.4   0.0
   2 1986 113 14840.   3.3  14.6   0.790   3.7   0.0
   2 1986 114 11290.   3.5  15.1   0.910   3.0   0.0
   2 1986 115 12840.   3.0  16.2   0.830   2.8   0.0
   2 1986 116 13480.   6.8  15.8   1.000   3.6   0.0
   2 1986 117 11660.   8.7  14.6   1.060   1.2   0.0
   2 1986 118 13200.   5.0  12.2   0.950   1.4   0.0
   2 1986 119 11410.   2.9  14.1   1.020   1.7   0.0
   2 1986 120 20530.   4.7  17.0   0.850   0.9   0.0
   2 1986 121 23380.   3.9  21.1   0.880   2.5   0.0
   2 1986 122 20420.   9.5  25.2   1.190   4.1   0.0
   2 1986 123 17330.  10.0  26.6   1.260   3.2   0.6
   2 1986 124 16950.   7.9  19.5   1.160   2.5   3.0
   2 1986 125 16300.   6.3  21.9   1.210   3.6   0.0
   2 1986 126 12040.   6.1  16.8   1.170   3.2  10.5
   2 1986 127 17640.   7.9  16.0   1.110   3.5   0.7
   2 1986 128 15700.   6.3  15.2   1.040   3.1   1.1
   2 1986 129 10130.   7.8  14.7   1.160   3.6   0.7
   2 1986 130  5100.  10.1  16.0   1.360   5.3   8.1
   2 1986 131 10320.   7.5  14.4   1.070   6.1   0.1
   2 1986 132 16110.   7.7  20.9   1.150   4.5   0.1
   2 1986 133 18210.   6.6  16.5   0.990   4.1   0.0
   2 1986 134 14260.   7.4  16.1   1.020   3.3   1.5
   2 1986 135 11680.   7.1  12.2   0.950   6.0   2.6
   2 1986 136 25670.   5.2  14.9   0.880   3.9   0.0
   2 1986 137 19930.   3.0  20.3   1.060   3.2   0.0
   2 1986 138 21570.   7.9  18.1   1.230   4.6   0.4
   2 1986 139 22630.   8.0  22.4   1.180   2.2   0.0
   2 1986 140 23740.   8.7  25.2   1.460   3.8   9.0
   2 1986 141 19330.  10.3  20.0   1.260   5.3   1.2
   2 1986 142 23400.   8.7  16.5   1.010   4.0   0.0
   2 1986 143  5850.  10.0  15.5   1.250   1.8   0.6
   2 1986 144 18170.   6.7  15.9   1.100   3.7   0.0
   2 1986 145 23670.   6.8  21.1   1.090   4.8   0.0
   2 1986 146 26410.   8.4  22.4   1.200   3.3   0.0
   2 1986 147 11690.   7.5  18.1   1.230   5.0   0.0
   2 1986 148 20700.   7.1  16.7   0.910   3.0   0.0
   2 1986 149 23370.   5.2  15.9   0.940   3.5   0.0
   2 1986 150 24380.   3.8  14.1   0.840   3.0   0.0
   2 1986 151 19070.   2.6  18.8   0.970   1.6   0.1
   2 1986 152  4790.   7.9  13.9   1.140   1.9   0.0
   2 1986 153 25230.   6.8  21.2   1.160   2.0   0.0
   2 1986 154  5650.   4.5  16.0   1.270   3.7   7.9
   2 1986 155 14930.   7.3  11.9   0.910   6.8   6.5
   2 1986 156  6940.   7.4  10.2   1.030   6.1   3.4
   2 1986 157  6190.   8.1  11.5   1.130   6.4  12.9
   2 1986 158  4680.   8.1  11.3   1.070   6.0   4.1
   2 1986 159 11930.   8.0  15.5   1.110   2.8   0.0
   2 1986 160 21830.   7.9  21.9   1.310   3.1   0.0
   2 1986 161 24200.  10.0  25.4   1.380   4.2   3.1
   2 1986 162 20300.   9.3  16.1   1.070   3.3   0.0
   2 1986 163 25190.   7.8  16.7   0.990   3.3   0.0
   2 1986 164 28250.   4.5  19.3   1.100   2.6   0.0
   2 1986 165 28510.   7.9  23.3   1.250   4.0   0.0
   2 1986 166 27020.  12.9  26.3   1.460   5.0   0.0
   2 1986 167 24940.  15.6  29.0   1.980   3.1   0.0
   2 1986 168 21360.  16.2  26.7   2.110   2.6   0.0
   2 1986 169 23670.   8.3  18.5   1.270   3.8   0.0
   2 1986 170 24970.   5.4  21.1   1.260   3.9   0.0
   2 1986 171 25450.  11.0  21.4   1.350   5.2   0.0
   2 1986 172 14220.  10.3  18.3   1.360   3.7   0.0
   2 1986 173 28430.  11.9  24.0   1.380   4.2   0.0
   2 1986 174 25610.  11.3  26.1   1.510   4.3   0.1
   2 1986 175  5590.   8.6  17.3   1.510   2.7   0.1
   2 1986 176 22940.   7.1  22.0   1.440   1.8   0.0
   2 1986 177 24420.  12.7  24.7   1.650   3.9   0.0
   2 1986 178 25240.  14.6  27.0   1.720   3.9   0.0
   2 1986 179 27520.  11.8  26.1   1.560   3.3   0.1
   2 1986 180 27570.  12.3  25.4   1.670   3.2   0.0
   2 1986 181 27600.  13.1  27.0   1.550   3.0   0.0
   2 1986 182 26380.  14.6  27.9   1.750   1.6   0.0
-999 1986 183      1     3     3       3     1     1
   2 1986 183 20090.  15.4  30.5   1.940   1.6   0.0
   2 1986 184 21300.  14.8  26.8   1.720   4.3   0.0
   2 1986 185 19660.  12.3  24.1   1.530   6.1   0.0
-999 1986 186      1     1     1       1     1     1
   2 1986 186  5980.  13.9  19.4   1.690   2.8   4.9
   2 1986 187 18830.  10.7  19.1   1.460   3.1   2.4
   2 1986 188 20480.   8.4  18.6   1.230   3.5   0.0
   2 1986 189 26340.   8.0  19.2   1.170   3.2   0.1
   2 1986 190 22480.  11.3  17.3   1.120   3.3   0.0
   2 1986 191 16420.  10.0  18.0   1.200   3.9   0.1
   2 1986 192 26030.   9.8  17.3   1.080   3.9   0.0
   2 1986 193 23820.   9.2  17.0   1.030   2.8   0.0
   2 1986 194 25620.   8.7  17.0   1.090   3.5   0.0
   2 1986 195 11480.  12.4  21.5   1.620   2.6   0.0
   2 1986 196 21720.  11.5  23.4   1.730   1.0   0.0
   2 1986 197 23230.  10.9  26.9   1.830   1.0   0.0
   2 1986 198 18530.  11.3  22.9   1.540   3.3   0.0
   2 1986 199 22460.   8.7  18.9   1.160   3.2   0.0
   2 1986 200 19200.   7.0  18.3   1.160   1.6   0.3
   2 1986 201 11460.   6.5  19.8   1.290   2.8   0.0
   2 1986 202 16880.  11.4  21.6   1.560   2.9   0.0
   2 1986 203  9900.  11.7  18.4   1.460   1.9   4.6
   2 1986 204 17640.   8.3  19.7   1.180   2.3   0.9
   2 1986 205 16430.   9.8  18.1   1.230   4.7  10.3
   2 1986 206  5040.  11.6  16.5   1.460   4.3   3.4
   2 1986 207  7750.  12.9  19.4   1.680   2.6   2.3
   2 1986 208 24060.  14.3  21.9   1.590   3.3   0.0
   2 1986 209 18650.  14.5  25.6   1.910   2.2   0.0
   2 1986 210 10600.  14.9  21.0   1.670   5.0   0.2
   2 1986 211 18310.  12.6  22.0   1.460   2.4   0.0
   2 1986 212 17050.  12.0  21.3   1.390   6.8   0.0
   2 1986 213 24450.  12.1  19.5   1.180   3.6   0.0
   2 1986 214 17100.   8.8  22.8   1.350   4.2   0.0
   2 1986 215 20200.   8.1  28.5   1.660   3.1   2.2
   2 1986 216 11650.  14.1  20.3   1.690   3.5   8.2
   2 1986 217 19890.   8.5  19.1   1.310   4.0   0.2
   2 1986 218 22550.   7.3  24.1   1.240   1.9   0.0
   2 1986 219 14910.  13.7  21.0   1.340   5.6   0.1
   2 1986 220  9790.  11.0  18.3   1.410   4.0   0.1
   2 1986 221 13170.   8.3  19.7   1.360   1.9   0.1
   2 1986 222 21200.  10.3  22.3   1.310   3.5   0.1
   2 1986 223 19810.  10.4  22.9   1.340   4.8   0.1
   2 1986 224 18750.  11.1  21.0   1.520   4.8   0.1
   2 1986 225 20250.   7.6  21.1   1.380   1.8   0.0
   2 1986 226 16980.   9.7  25.4   1.520   2.6   0.1
   2 1986 227 15820.  12.5  21.6   1.410   3.8   1.7
   2 1986 228 19230.  11.6  19.8   1.270   4.6   0.0
   2 1986 229 14650.   9.4  19.2   1.320   3.1   0.0
   2 1986 230 12390.   9.6  18.4   1.250   2.8   0.0
   2 1986 231 10410.  12.9  17.6   1.270   3.8   1.3
   2 1986 232 11400.   7.1  16.5   1.220   3.3  20.7
   2 1986 233 16020.   6.5  18.9   1.210   2.2   1.3
   2 1986 234  7050.  12.2  18.5   1.540   2.1   7.7
   2 1986 235 18300.   8.7  17.1   1.190   3.5   0.0
   2 1986 236 16840.   7.1  17.3   1.200   3.1  10.3
   2 1986 237 14380.   6.9  17.8   1.190   2.1   1.3
   2 1986 238  7910.  11.7  19.6   1.330   6.7   7.1
   2 1986 239  2030.  10.5  13.6   1.280   7.2  18.6
   2 1986 240 10780.   9.8  15.6   1.230   4.5   2.3
   2 1986 241 12690.   9.1  16.2   1.190   6.0   1.1
   2 1986 242 12160.  12.0  16.5   1.370   4.5   4.1
   2 1986 243 10390.   7.0  15.1   1.100   4.2   2.6
   2 1986 244  9100.   7.4  16.4   1.270   4.9   0.4
   2 1986 245 10600.  10.4  17.0   1.270   4.5   0.5
   2 1986 246  8420.  11.4  15.7   1.300   5.8   7.7
   2 1986 247 16810.   7.6  15.9   1.030   4.5   0.0
   2 1986 248 15840.   7.8  17.3   1.140   3.7   0.0
   2 1986 249  6600.   8.8  14.8   1.170   3.5   0.4
   2 1986 250 13200.   4.8  15.7   1.020   4.2   0.0
   2 1986 251  8290.   6.8  13.8   1.070   2.8   4.2
   2 1986 252 16770.   3.3  15.1   0.960   2.2   0.0
   2 1986 253  9780.   2.5  15.3   0.940   2.2   0.0
   2 1986 254 14860.   0.6  14.0   0.820   1.8   0.1
   2 1986 255 12620.   4.5  15.0   0.920   2.8   0.0
   2 1986 256 14490.   3.0  16.0   1.030   2.9   4.8
   2 1986 257  6740.   9.1  16.1   1.370   3.7   3.6
   2 1986 258  3390.   6.2  11.8   1.010   2.7  12.9
   2 1986 259 10120.   6.7  14.0   1.020   2.2   0.0
   2 1986 260  8620.   6.9  13.4   0.960   3.5   0.0
   2 1986 261 13650.   5.3  14.7   0.950   3.4   0.0
   2 1986 262 12630.   2.0  15.2   0.890   1.2   0.0
   2 1986 263 13580.   1.6  16.8   1.050   2.9   0.0
   2 1986 264 12160.   6.2  18.0   1.200   4.1   0.0
   2 1986 265  4790.  10.0  15.2   1.370   3.8   0.0
   2 1986 266 12250.   8.9  17.8   1.380   2.7   0.0
   2 1986 267 11370.   7.1  15.8   1.120   3.2   0.0
   2 1986 268 12690.   4.7  15.0   0.960   2.9   0.0
   2 1986 269  9790.   1.9  15.0   1.030   1.5   0.0
   2 1986 270  8500.   4.7  15.6   1.130   1.3   0.0
   2 1986 271 11220.   4.4  17.7   1.170   2.5   0.1
   2 1986 272  9140.  10.5  18.6   1.510   2.7   0.0
   2 1986 273  2280.   8.2  15.4   1.440   1.2   0.0
   2 1986 274 11960.   5.1  20.5   1.230   1.7   0.1
   2 1986 275  5480.   7.2  15.8   1.310   2.8   0.1
   2 1986 276 11380.   2.8  15.1   1.030   1.8   0.1
   2 1986 277 10190.   2.5  15.7   1.010   2.0   0.0
   2 1986 278 10070.   6.0  20.4   1.240   2.9   0.0
   2 1986 279  7180.   8.1  17.3   1.450   3.5   0.0
   2 1986 280  6640.  10.4  18.8   1.470   4.0   2.6
   2 1986 281  3890.   5.9  14.4   1.250   2.0   0.1
   2 1986 282  8580.   5.5  17.6   1.260   2.9   0.0
   2 1986 283  8680.   9.4  18.7   1.430   3.3   0.1
   2 1986 284  3090.   6.4  14.9   1.340   3.0   1.0
   2 1986 285  6480.   6.2  17.5   1.300   2.8   0.1
   2 1986 286  7940.   7.0  17.0   1.190   1.8   0.0
   2 1986 287  7700.   6.7  20.2   1.470   2.2   0.0
   2 1986 288  4720.  12.3  19.2   1.620   2.5   0.0
   2 1986 289  5260.   4.4  14.7   1.190   3.7   0.0
   2 1986 290  8390.   2.6  13.1   0.970   2.3   0.1
   2 1986 291  4660.   5.4  14.6   1.190   4.0   0.7
   2 1986 292  7150.   4.2  12.4   0.940   6.0  10.7
   2 1986 293  1120.   4.6  13.9   0.970   7.2  21.6
   2 1986 294  1560.   8.1   9.9   1.030   5.4  13.4
   2 1986 295  2170.   6.0  12.0   1.120   3.3   4.4
   2 1986 296  4720.   4.0  10.3   0.780   6.5   4.4
   2 1986 297  5500.   2.5  10.5   0.830   5.3   0.2
   2 1986 298  5300.   6.6  12.6   1.020   6.8   6.7
   2 1986 299  2690.   4.8  10.3   0.900   5.3   1.2
   2 1986 300  6140.   3.1  12.2   0.970   5.4   5.1
   2 1986 301  1350.   9.5  13.8   1.370   5.7   2.2
   2 1986 302  6960.   5.0  13.6   0.960   4.8   7.6
   2 1986 303  5700.   4.4  11.5   0.930   6.3   1.9
   2 1986 304  4600.   5.1  11.1   0.900   3.5   0.0
   2 1986 305  1870.   7.1  14.0   1.110   6.9  10.8
   2 1986 306  5340.   7.0  12.0   0.800   4.7   0.4
   2 1986 307  3240.   7.2  11.0   0.900   4.4   1.1
   2 1986 308  4860.   2.3  11.6   0.910   2.1   0.1
   2 1986 309  1630.   7.1  11.0   1.040   5.8   1.0
   2 1986 310  5390.   2.8  10.6   0.900   3.3   0.0
   2 1986 311  4080.   2.6   9.6   0.910   4.7   0.1
   2 1986 312  1820.   3.6   8.9   0.870   5.4   3.8
   2 1986 313  4570.   3.1   8.2   0.730   5.6   0.0
   2 1986 314  1630.   6.1  11.8   1.060   6.9   1.2
   2 1986 315  3160.  10.6  14.6   1.190   5.6   3.0
   2 1986 316  5080.   3.8  11.7   0.890   2.3   0.0
   2 1986 317  4590.   5.8  14.5   0.990   4.4   0.0
   2 1986 318  4530.   9.8  14.0   1.090   4.6   0.1
   2 1986 319  1210.   4.2  13.4   1.010   3.5   0.5
   2 1986 320  2730.   4.8  10.3   1.010   4.1   0.1
   2 1986 321  2540.   5.4  11.3   1.040   4.4   0.6
   2 1986 322  1510.   4.8  10.0   0.940   7.1   3.1
   2 1986 323   770.   7.8  12.2   1.200   6.1  17.2
   2 1986 324  1080.   1.5   7.9   0.840   3.2   7.6
   2 1986 325   800.   2.8   6.3   0.810   5.4   3.5
   2 1986 326  2380.   4.8  11.0   0.910   5.8   0.6
   2 1986 327  2960.   3.4   8.3   0.800   6.3   2.1
   2 1986 328   700.   5.8  12.4   1.040   6.6   0.7
   2 1986 329  1260.  10.8  12.5   1.210   7.3   0.1
   2 1986 330  1670.   5.4  11.3   1.010   5.6   1.6
   2 1986 331  3620.   3.6   9.7   0.860   3.5   0.0
   2 1986 332  1300.   0.7   4.6   0.800   2.9   0.1
   2 1986 333  1460.  -2.4   2.1   0.590   1.4   0.1
   2 1986 334  3590.  -2.8   3.8   0.590   2.3   0.1
   2 1986 335  1020.  -0.3   8.0   0.700   6.2   0.4
   2 1986 336  1630.   3.1  10.4   0.940   3.9   0.1
   2 1986 337  3250.   6.7  10.6   0.900   6.7   0.0
   2 1986 338  1640.   6.4  11.8   1.040   6.4   0.0
   2 1986 339  3110.   6.6  11.6   0.940   6.4   2.3
   2 1986 340  3110.  -0.5   9.7   0.790   2.5   0.3
   2 1986 341  1070.  -1.2   8.1   0.700   4.8   0.4
   2 1986 342  1380.   6.8  13.0   1.070   3.8   0.8
   2 1986 343  1280.   1.3  11.8   0.880   3.4   0.0
   2 1986 344  1100.  -0.4   6.9   0.620   2.6   0.4
   2 1986 345  1630.  -0.6   5.0   0.660   3.9   0.1
   2 1986 346  1160.   2.8   5.5   0.800   2.8   1.2
   2 1986 347   640.   2.7   6.2   0.730   5.1   3.8
   2 1986 348  1630.  -1.3   5.4   0.670   2.6   1.1
   2 1986 349   390.  -2.1   6.2   0.630   5.7   6.2
   2 1986 350   710.   2.5   5.5   0.660   6.8   8.2
   2 1986 351   770.   2.6   7.3   0.840   5.4   4.3
   2 1986 352  1070.   5.3   9.2   0.850   7.5   3.4
   2 1986 353   720.   1.4   6.0   0.640   8.5  10.7
   2 1986 354  1440.   2.1   4.6   0.720   4.7   4.8
   2 1986 355  1020.  -1.2   5.2   0.650   4.0   4.6
   2 1986 356  2470.  -8.6   2.3   0.530   2.8   0.0
   2 1986 357  2100.  -1.0   2.4   0.540   2.4   0.1
   2 1986 358  3830.  -5.6   1.4   0.510   1.9   0.2
   2 1986 359   340.  -1.7   2.6   0.600   5.6   0.2
   2 1986 360  1500.   0.9   4.3   0.670   2.8   7.2
   2 1986 361  1950.   1.8   5.8   0.710   5.0   2.1
   2 1986 362   960.   5.2   9.2   0.910   7.5   2.3
   2 1986 363   500.   5.4   9.1   0.980   9.2   7.8
   2 1986 364   320.   3.7   9.9   0.920   6.0  25.7
   2 1986 365   490.   5.2   8.3   0.910   8.4   6.2
