*---------------------------------------------------------------------------*
* Station name: Swifterbant, Netherlands
* Year: 1979
* Author: Peter Uithol                                    -99.000: NIL VALUE
* Source: Natuur- en Weerkunde (J.G. Krom)
* Comments: Missing values are exchanged with daily weather
*           data from synoptic station de Bilt, Netherlands
*
* Longitude: 5 38 E, latitude: 52 34 N, altitude: -4 m.
*
* Column  Daily value
* 1       station number
* 2       year
* 3       day
* 4       irradiation                   (kJ m-2 d-1)
* 5       minimum temperature           (degrees Celsius)
* 6       maximum temperature           (degrees Celsius)
* 7       early morning vapour pressure (kPa)
* 8       mean wind speed (height: 2 m) (m s-1)
* 9       precipitation                 (mm d-1)
*
** WCCDESCRIPTION=Netherlands, Swifterbant
** WCCFORMAT=2
** WCCYEARNR=1979
*---------------------------------------------------------------------------*
   5.63  52.57    -4.  -0.18 -0.55
   2 1979   1  4060. -14.2  -5.0   0.260   2.1   0.0
   2 1979   2   750. -17.5  -6.0   0.260   4.3   0.0
   2 1979   3  2530. -14.5  -1.9   0.380   3.3   0.5
   2 1979   4  5640. -14.7  -3.0   0.290   3.5   0.0
   2 1979   5  2380. -17.9 -10.1   0.220   0.6   0.0
   2 1979   6  4080. -18.4  -6.8   0.240   1.6   0.0
   2 1979   7  1850.  -6.7   1.7   0.440   8.3   4.5
   2 1979   8   620.   1.1   1.8   0.650   4.9   0.9
   2 1979   9   930.  -0.9   2.5   0.630   3.8   1.8
   2 1979  10   810.  -1.0   2.0   0.620   7.6   0.3
   2 1979  11  1000.   1.0   2.1   0.660   4.4   1.2
   2 1979  12  1780.  -0.7   1.0   0.560   7.1   1.1
   2 1979  13  4150.  -4.0  -0.1   0.510   6.9   1.6
   2 1979  14  4660.  -9.5   0.2   0.420   3.8   0.0
   2 1979  15  5080. -13.0  -3.2   0.320   1.5   0.0
   2 1979  16  1890. -11.1  -3.7   0.380   1.7   0.0
   2 1979  17  1830.  -0.9  -0.3   0.440   3.2   0.0
   2 1979  18  2770.  -5.8   0.0   0.460   7.8   0.0
   2 1979  19  3410.  -4.4  -1.2   0.390   9.6   0.0
   2 1979  20  2900.  -5.2  -1.2   0.400   8.2   0.0
   2 1979  21  2410.  -5.0  -2.3   0.420   5.2   0.0
   2 1979  22  2360.  -6.5  -5.0   0.360   5.7   0.0
   2 1979  23   960.  -6.6  -0.7   0.480   4.4   5.1
   2 1979  24  3500.  -2.2   1.4   0.560   4.4   0.0
   2 1979  25  2530.  -0.1   2.0   0.580   9.4   0.0
   2 1979  26  2890.  -9.0   1.8   0.580   6.2   0.3
   2 1979  27  4370. -10.6  -1.2   0.440   1.8   0.0
   2 1979  28  2320. -11.0  -4.0   0.350   1.6   0.0
   2 1979  29  2290.  -8.7   2.5   0.570   4.7   0.3
   2 1979  30  1990.   1.6   2.9   0.700   3.0   0.5
   2 1979  31  4270.   1.5   3.2   0.670   5.4   0.0
   2 1979  32  2040.  -0.2   1.3   0.600   6.8   2.5
   2 1979  33  4890.  -2.2   1.4   0.550   3.7   5.9
   2 1979  34  3410.  -0.8   2.1   0.560   6.6   0.0
   2 1979  35  2730.  -1.2   1.9   0.600   2.7   0.3
   2 1979  36  3060.  -4.8  -0.5   0.500   3.1   0.0
   2 1979  37  2760.  -5.3  -2.9   0.450   2.3   0.0
   2 1979  38  1300.  -4.4  -0.5   0.500   4.0   2.2
   2 1979  39  7170.  -3.5   2.1   0.500   3.2   0.0
   2 1979  40  6720.  -6.1   1.1   0.470   1.9   0.0
   2 1979  41  7020.  -4.9  -1.1   0.440   6.5   0.0
   2 1979  42  4080.  -4.5   0.5   0.320   8.6   0.2
   2 1979  43  1170.  -2.5  -0.1   0.540   6.3   3.8
   2 1979  44  1490.  -1.9   0.0   0.590   5.6  10.4
   2 1979  45  3820.  -8.1  -2.3   0.390   8.9   1.4
   2 1979  46  3300.  -8.5  -7.2   0.320   8.9   0.0
   2 1979  47  5280.  -7.5  -5.7   0.340   8.7   0.0
   2 1979  48  4430.  -9.5  -6.6   0.300   8.3   0.0
   2 1979  49  2680.  -9.4  -5.7   0.310   2.5   0.0
   2 1979  50  2640.  -5.6  -1.7   0.430   2.3   0.0
   2 1979  51  3960.  -5.2  -1.8   0.490   3.8   0.0
   2 1979  52  3680. -10.8  -4.9   0.370   1.3   0.0
-999 1979  53      1     1     1       1     1     3
   2 1979  53  2360.  -5.1  -0.5   0.510   2.4   2.8
   2 1979  54  5780.  -0.9   0.9   0.600   4.0   3.4
   2 1979  55  8870.  -3.1   1.5   0.560   4.6   0.4
   2 1979  56  4240.  -4.8  -1.8   0.470   1.9   0.0
   2 1979  57  4030.  -2.0  -0.6   0.520   5.1   0.0
-999 1979  58      1     1     1       1     1     1
   2 1979  58  3270.  -1.0   1.1   0.560   5.3   0.0
   2 1979  59 10320.  -1.0   5.7   0.480   5.6   0.0
   2 1979  60  9350.  -0.3   4.0   0.600   5.6   0.4
   2 1979  61  1720.   0.7   6.3   0.760   7.5   1.4
   2 1979  62  3460.   6.2   9.4   1.000   8.1   3.8
   2 1979  63  7830.  -0.1   8.4   0.740   4.5   8.0
   2 1979  64 10760.  -0.8   8.0   0.590   3.7   0.0
   2 1979  65 11530.  -1.4   7.5   0.600   4.4   0.0
   2 1979  66  8000.  -0.1   7.7   0.670   7.2   4.4
   2 1979  67 10410.   0.4   8.2   0.690   6.1   0.0
   2 1979  68  1310.   1.8   7.9   0.760   9.6   7.3
   2 1979  69 12920.   0.2   6.3   0.510   5.5   0.0
   2 1979  70  2160.   1.7   9.3   0.890   6.1   4.6
   2 1979  71 13450.   3.7   8.1   0.670   7.9   0.0
   2 1979  72  6520.   1.3   6.3   0.720   4.1   0.5
   2 1979  73  5280.   0.0   4.1   0.620   7.1   0.0
   2 1979  74  1710.  -0.5   1.3   0.590   9.5   6.1
   2 1979  75  1460.   0.0   2.2   0.640   3.9   5.3
   2 1979  76 10450.   0.4   7.1   0.620   3.4   0.0
   2 1979  77  3690.  -1.4   3.5   0.600   4.7   0.0
   2 1979  78  3940.  -1.9   0.1   0.490   3.7   0.0
   2 1979  79 11070.  -2.2  11.0   0.650   3.1   1.4
   2 1979  80  7540.   0.2  10.6   0.710   5.9   1.2
   2 1979  81 10260.   0.1   8.4   0.620   6.5   2.7
   2 1979  82 12410.  -1.1   5.4   0.580   4.3   0.0
   2 1979  83 13720.  -3.5   6.5   0.490   3.4   0.0
   2 1979  84  5190.   3.7  14.4   1.010   8.0   3.0
   2 1979  85  8860.   4.1  11.5   0.850   9.7   1.3
   2 1979  86  8610.   3.8   8.6   0.820   7.9   7.7
   2 1979  87  6200.   2.6   8.9   0.800   6.7   2.1
   2 1979  88 11280.   0.0   8.9   0.680   4.8   0.2
   2 1979  89  2380.   3.1   4.3   0.730   7.5   0.8
   2 1979  90  9020.   3.7   6.6   0.680   4.4   0.0
-999 1979  91      3     1     1       1     1     1
   2 1979  91  7200.   4.0   8.1   0.840   3.6   0.0
   2 1979  92 10500.   2.8   8.3   0.680   5.0   0.5
   2 1979  93  3010.  -0.7   3.2   0.660   3.0   6.6
   2 1979  94 10830.  -3.1   3.6   0.620   3.2   0.7
   2 1979  95  6560.   1.9   5.2   0.700   3.4   0.0
-999 1979  96      1     1     1       1     1     1
   2 1979  96  9750.   0.2   7.8   0.710   4.1   1.7
   2 1979  97 17560.  -1.1  10.0   0.630   2.2   0.0
   2 1979  98 16590.   0.2  11.2   0.670   4.0   0.0
   2 1979  99 16070.   3.2  14.8   0.740   5.6   0.0
   2 1979 100 17010.   5.7  19.7   0.820   5.4   0.0
   2 1979 101 18970.   7.3  20.0   0.850   4.7   0.0
   2 1979 102 13350.   6.2  17.1   0.980   3.8   3.0
   2 1979 103 19430.   6.2  17.1   0.940   4.0   0.0
   2 1979 104 19900.   4.8  21.5   0.880   4.1   0.0
   2 1979 105 15280.   5.6  22.2   0.990   4.2   6.9
   2 1979 106  3680.   5.1  12.2   0.820   6.0   3.7
   2 1979 107  5670.   3.5   6.1   0.740   6.8   0.0
   2 1979 108  8490.   1.6   6.8   0.600   3.3   0.0
   2 1979 109 19830.  -2.1  12.2   0.630   2.2   0.0
   2 1979 110  4330.   6.3   9.2   0.990   5.1   7.5
   2 1979 111 16770.   5.7  12.2   0.890   5.9   6.6
   2 1979 112 12680.   4.3  10.0   0.850   4.7   0.3
   2 1979 113  9230.   5.9  11.8   1.020   6.2   2.4
   2 1979 114  5810.   6.2  10.0   0.930   5.2   2.2
   2 1979 115 12860.   4.7   9.5   0.820   3.5   0.0
   2 1979 116  9360.   3.4  10.1   0.840   3.6   0.7
   2 1979 117 14260.   3.0  10.4   0.780   4.6   0.0
   2 1979 118  4390.   3.1   8.0   0.910   4.9   1.9
   2 1979 119 10870.   6.0  11.5   0.930   6.3   4.4
   2 1979 120 15580.   2.3   9.3   0.660   8.2   5.3
   2 1979 121 13780.   1.9   6.9   0.670   4.8  12.5
   2 1979 122 10590.   0.9   6.5   0.630   8.7  14.4
   2 1979 123 17880.   0.8   7.2   0.660   4.6   3.9
   2 1979 124 12750.  -1.8   7.1   0.620   2.1   1.3
   2 1979 125 17040.  -1.5   8.0   0.590   2.4   3.9
   2 1979 126 23000.  -0.6   7.8   0.620   2.5   0.5
   2 1979 127 14400.  -1.8  12.1   0.640   5.0   0.0
   2 1979 128 23380.   6.0  16.5   0.670   4.2   0.0
   2 1979 129 24160.   4.5  16.8   0.860   4.3   0.0
   2 1979 130 20750.   5.6  11.8   0.690   2.8   0.0
   2 1979 131  3880.   6.2  11.5   1.100   4.7   0.0
   2 1979 132  9250.   7.8  13.0   1.100   2.5   5.3
   2 1979 133 22380.   6.7  20.7   1.320   1.7   0.0
   2 1979 134 23720.   9.6  22.4   1.510   2.6   0.0
   2 1979 135 23790.   8.4  26.5   1.350   2.5   0.0
   2 1979 136 24490.  12.2  26.8   1.200   5.0   0.0
   2 1979 137 11170.   8.2  14.4   1.170   5.1   2.5
   2 1979 138 20760.   5.3  16.1   0.960   4.2   0.0
   2 1979 139 27930.   4.9  15.8   0.920   4.2   0.0
   2 1979 140  6640.   7.1  18.1   1.350   6.0   2.0
   2 1979 141 11760.  10.8  17.5   1.140   7.3   2.5
   2 1979 142 18410.   9.5  16.0   1.000   5.4   0.0
   2 1979 143 11920.   9.6  17.6   1.220   4.8   4.3
   2 1979 144 10580.   5.8  13.0   1.020   2.0   2.3
   2 1979 145 17410.   6.1  13.7   0.980   5.2   0.7
   2 1979 146 16770.   4.9  20.4   1.250   5.5   5.5
   2 1979 147 12370.   8.9  15.9   1.170   3.5   2.7
   2 1979 148 24270.   8.3  19.1   1.090   5.0   0.0
   2 1979 149  7650.  13.9  21.5   1.760   2.5   8.5
   2 1979 150 19040.  14.8  25.0   2.000   3.4   8.4
   2 1979 151 23670.  16.6  24.7   1.930   3.6   1.2
   2 1979 152  8570.  12.8  16.0   1.530   4.7  30.1
   2 1979 153 19860.  12.1  24.6   1.840   4.5   0.0
   2 1979 154 23680.  17.7  29.3   1.880   4.6  19.2
   2 1979 155 17720.  17.1  26.7   1.980   2.9  59.2
   2 1979 156 10640.  13.5  20.1   1.770   3.3   0.0
   2 1979 157 17490.   9.3  18.2   1.310   3.4   0.0
   2 1979 158 19730.   9.4  18.0   1.220   2.4   3.4
   2 1979 159 20220.   8.7  16.7   1.180   4.2   0.0
   2 1979 160 24960.   9.9  18.9   1.300   4.0   0.0
   2 1979 161 25830.   9.3  17.5   1.090   3.9   0.0
   2 1979 162  7380.  10.2  18.8   1.420   5.1  10.1
   2 1979 163 17580.  10.2  16.6   1.270   3.5   0.0
   2 1979 164  4100.   9.1  15.0   1.380   3.4   3.0
   2 1979 165  4950.  10.2  15.0   1.400   5.9   9.4
   2 1979 166 16620.   8.9  13.5   1.040   3.7   3.2
   2 1979 167 27430.   7.1  17.8   1.130   3.9   0.0
   2 1979 168 13990.   9.9  16.5   1.200   3.4   0.0
   2 1979 169 28080.   9.5  19.0   1.330   3.1   0.0
   2 1979 170 25650.   9.5  19.3   1.520   2.1   0.0
   2 1979 171 28220.  12.1  21.2   1.530   2.3   0.0
   2 1979 172 24740.  13.0  26.0   1.730   2.1   1.7
   2 1979 173 15620.  11.5  17.6   1.440   3.5   0.2
   2 1979 174 20790.   9.6  21.0   1.350   2.3   0.0
   2 1979 175 10690.  11.4  18.6   1.480   4.5   2.4
   2 1979 176 17700.  10.1  17.5   1.250   5.7   1.9
   2 1979 177 19800.  10.0  18.0   1.380   3.6   0.0
   2 1979 178 28100.   8.9  19.2   1.230   2.9   0.0
   2 1979 179 21850.   7.4  21.3   1.190   3.6   0.0
   2 1979 180 15260.  12.0  17.4   1.280   5.1   1.9
   2 1979 181 15000.  10.9  15.8   1.030   5.6   0.0
   2 1979 182 13340.  10.1  14.1   0.960   5.1   3.8
   2 1979 183 17640.   8.9  17.0   1.120   2.7   0.0
   2 1979 184 24720.   9.4  20.0   1.280   3.2   0.0
   2 1979 185  9280.   7.9  15.7   1.190   2.8   0.0
   2 1979 186 19010.  11.0  19.0   1.270   1.5   0.0
   2 1979 187 23230.   9.5  20.2   1.390   2.4   0.0
   2 1979 188 14010.  11.0  20.1   1.510   4.2   0.9
   2 1979 189 20270.  13.0  18.2   1.310   4.8   1.0
   2 1979 190 10750.  13.8  18.2   1.490   5.5   1.7
   2 1979 191 21900.   9.8  17.9   1.300   3.5   0.0
   2 1979 192 25710.   9.4  20.5   1.220   2.7   0.0
   2 1979 193 29310.   9.6  22.5   1.200   5.1   0.0
   2 1979 194 23360.  10.0  22.6   1.320   4.1   0.0
   2 1979 195 17120.   6.4  21.3   1.390   3.2   0.0
   2 1979 196  7790.   8.6  16.5   1.280   2.7   0.0
   2 1979 197  3870.  11.3  15.2   1.430   3.3   0.7
   2 1979 198 10840.  15.1  19.5   1.700   3.9   0.0
   2 1979 199  9130.  11.8  19.6   1.640   4.3   2.5
   2 1979 200 11850.  11.8  15.8   1.200   5.5   0.0
   2 1979 201 16500.  10.3  16.4   1.170   5.0   0.0
   2 1979 202 11230.  10.5  16.8   1.260   4.6   0.9
   2 1979 203 10520.  10.1  15.5   1.210   5.3   0.3
   2 1979 204 10170.   8.7  16.1   1.340   3.6   0.0
   2 1979 205 14080.   7.1  16.7   1.330   3.1   0.2
   2 1979 206 16170.  12.7  19.5   1.550   4.1   0.0
   2 1979 207 25280.  10.4  22.1   1.490   3.2   0.0
   2 1979 208 17170.   9.9  22.5   1.570   1.6   0.0
   2 1979 209 21810.  12.0  25.8   1.630   1.6   0.0
   2 1979 210  8830.  16.5  21.7   1.850   4.5   2.4
   2 1979 211 22880.  12.1  21.0   1.580   5.0   0.0
   2 1979 212 10200.  12.5  20.7   1.520   4.4   0.2
   2 1979 213 11290.  11.1  19.3   1.440   5.6   3.0
   2 1979 214 15480.  12.4  19.5   1.500   5.7   0.8
   2 1979 215 13360.  13.0  18.9   1.500   3.8   8.7
   2 1979 216 21570.   8.4  18.1   1.310   2.3   0.0
   2 1979 217 23310.   5.4  20.8   1.190   1.8   0.0
   2 1979 218 16590.  11.1  24.7   1.460   2.4   0.0
   2 1979 219 13150.  13.5  23.5   1.630   2.3   0.0
   2 1979 220  9220.  10.1  18.3   1.470   4.4   6.0
   2 1979 221  5790.   8.7  15.1   1.350   4.9  11.7
   2 1979 222 18180.   7.9  17.5   1.240   4.7   0.0
   2 1979 223  9280.   6.4  17.0   1.390   1.7   1.6
   2 1979 224 13140.   9.2  19.1   1.550   2.2   0.0
   2 1979 225 11410.  13.6  20.9   1.810   3.2   0.0
   2 1979 226 16800.  14.1  26.4   1.580   5.8   0.0
   2 1979 227 20630.  11.1  19.1   1.270   4.2   0.0
   2 1979 228 10480.  12.1  18.4   1.290   2.6   0.0
   2 1979 229  9490.  11.0  18.3   1.380   4.5   0.2
-999 1979 230      3     1     1       1     1     1
   2 1979 230 14730.   8.2  21.3   1.510   2.5   0.0
   2 1979 231  9240.  14.2  17.5   1.620   3.6   0.0
   2 1979 232  9390.  11.9  18.2   1.450   3.1   0.0
   2 1979 233  8070.   6.1  17.2   1.290   4.2   1.4
-999 1979 234      1     1     1       1     1     1
   2 1979 234 12640.   6.7  17.5   1.100   3.6   0.8
   2 1979 235 12960.   8.4  16.1   1.100   3.5   2.0
   2 1979 236 13790.   9.2  16.7   1.140   3.5   0.3
   2 1979 237 15800.   5.4  17.8   1.120   2.3   0.0
   2 1979 238 14010.   9.6  17.0   1.270   3.7   4.4
   2 1979 239 11580.  11.7  15.5   1.170   5.7   1.3
   2 1979 240 11250.   7.5  17.2   1.080   4.1   0.2
   2 1979 241 18930.   5.9  21.6   1.140   2.1   0.0
   2 1979 242 18850.   8.9  24.5   1.280   2.7   0.0
   2 1979 243 17440.   9.2  24.8   1.390   2.0   0.0
   2 1979 244 15570.  11.9  27.1   1.640   2.4   0.0
   2 1979 245  5520.  10.5  22.0   1.690   3.5   1.1
   2 1979 246  5850.  11.3  16.0   1.420   5.8  11.6
   2 1979 247 12740.   8.5  17.4   1.240   3.1   0.0
   2 1979 248 18490.   6.6  20.6   1.140   2.2   0.0
   2 1979 249 18260.  10.7  23.0   1.110   3.6   0.0
   2 1979 250 16080.   8.8  21.5   1.290   2.7   0.0
   2 1979 251 12780.   9.7  23.2   1.480   1.7   0.0
   2 1979 252 12680.  12.5  20.5   1.390   2.3   0.0
   2 1979 253 13200.  11.7  20.5   1.340   2.3   0.0
   2 1979 254 11710.  11.1  20.4   1.310   4.8   0.0
-999 1979 255      3     1     1       1     1     1
   2 1979 255  3590.  11.8  16.7   1.390   3.4   0.0
-999 1979 256      1     1     1       1     1     1
   2 1979 256  6390.   5.8  16.1   0.990   4.7   0.0
   2 1979 257 12350.   3.6  16.5   0.810   5.3   0.8
   2 1979 258 14280.   3.1  13.8   0.710   5.1   0.4
   2 1979 259 14740.   1.8  16.0   0.720   2.6   0.0
   2 1979 260 11270.   7.6  19.2   1.040   5.4   0.0
   2 1979 261  4640.  12.0  18.2   1.420   6.9   1.0
   2 1979 262  2370.  15.0  17.5   1.550   5.6   8.7
   2 1979 263  6730.   8.1  16.4   1.100   5.3   1.5
   2 1979 264 13210.   4.2  14.4   0.700   4.1   0.0
   2 1979 265 13790.   3.8  14.6   0.710   2.9   0.0
   2 1979 266 12520.   1.7  15.1   0.800   1.8   0.0
   2 1979 267 11270.   3.6  15.1   0.890   3.1   0.9
   2 1979 268 12240.   1.3  16.0   0.790   3.5   0.0
   2 1979 269  4350.  12.0  16.7   1.330   5.7   0.0
   2 1979 270  4210.   5.6  16.2   1.110   3.8   2.4
   2 1979 271  9550.   2.0  13.5   0.810   1.3   0.0
   2 1979 272 12010.   1.5  14.4   0.830   2.6   0.0
   2 1979 273 12970.   4.5  15.1   0.870   3.8   0.0
   2 1979 274  9950.   1.5  17.0   0.870   2.8   0.0
   2 1979 275 10210.   5.7  15.4   0.870   4.4   0.0
   2 1979 276  5140.   7.0  13.1   0.910   3.9   0.3
   2 1979 277  7330.   9.3  21.0   1.460   2.1   0.3
   2 1979 278  2450.  12.5  16.4   1.500   2.1   0.4
   2 1979 279  5270.   9.0  14.9   1.320   3.0   0.0
   2 1979 280  5200.   7.7  17.3   1.240   2.6   0.0
   2 1979 281  8900.   7.4  19.3   1.410   2.3   0.0
   2 1979 282  8870.  11.8  23.1   1.520   2.4   0.0
   2 1979 283  7400.  11.0  24.0   1.430   3.0   0.0
   2 1979 284  3890.  11.3  18.6   1.620   1.7   1.8
   2 1979 285  2530.   7.8  14.8   1.340   1.5  14.5
   2 1979 286  2640.   8.6  14.9   1.430   2.5   1.1
   2 1979 287  4100.   7.1  16.0   1.330   4.3   0.4
-999 1979 288      1     1     1       1     1     3
   2 1979 288  1000.   6.8  12.2   1.280   2.4   9.8
   2 1979 289  4320.   6.6  14.2   1.230   2.1   3.0
-999 1979 290      1     1     1       1     1     1
   2 1979 290  6800.   7.6  14.4   1.050   2.0   0.0
   2 1979 291  7440.   4.1  13.6   1.000   5.3   3.2
   2 1979 292  4610.   3.5  14.8   1.120   4.3   0.0
   2 1979 293  7840.   6.9  14.4   1.130   1.7   0.9
   2 1979 294  8870.   3.6  13.5   0.880   2.1   0.0
   2 1979 295  9130.   2.0  10.3   0.710   4.3   0.0
   2 1979 296  8330.   1.6   9.8   0.690   5.7   0.0
   2 1979 297  2640.   1.1   9.1   0.690   4.3   0.0
   2 1979 298  6790.   1.7  11.1   0.600   5.0   0.0
   2 1979 299  7020.   0.0   8.6   0.430   5.7   0.0
   2 1979 300  6080.  -1.2   6.3   0.500   4.1   0.0
   2 1979 301  4710.  -2.2   6.3   0.570   2.8   0.0
   2 1979 302  1640.  -0.1   4.6   0.720   0.8   1.0
   2 1979 303  3530.   2.2   9.8   0.870   1.8   0.0
   2 1979 304   900.   7.4  11.0   1.060   4.9   4.3
   2 1979 305  4550.   2.0  12.9   0.940   3.0   0.1
   2 1979 306  6140.  -0.1  11.3   0.640   1.6   0.0
   2 1979 307  1530.  -1.2   8.4   0.840   3.8   1.1
   2 1979 308   800.   7.5  12.9   1.170   6.2  17.4
   2 1979 309  1920.   5.1   9.3   0.860   4.2   9.2
   2 1979 310  3320.   3.6   9.6   0.830   5.7   6.3
   2 1979 311  3600.   2.2  12.4   0.850   4.2   4.6
   2 1979 312  2750.   4.9  10.3   0.870   4.2   2.1
   2 1979 313  4840.   2.8   9.0   0.760   4.1   4.9
   2 1979 314  3390.   1.4   7.1   0.700   3.3   3.9
   2 1979 315  4350.   2.1   6.2   0.740   6.0   0.1
   2 1979 316   980.  -0.6   7.8   0.820   5.5   4.6
   2 1979 317  5140.  -1.6   7.8   0.660   2.2   0.0
   2 1979 318  2250.  -2.4   5.6   0.680   3.9   0.3
   2 1979 319  2590.  -0.3   5.2   0.680   4.2   0.0
   2 1979 320  1420.  -2.4   4.2   0.650   2.1   0.0
   2 1979 321  1710.  -1.4   5.8   0.670   3.3   0.0
   2 1979 322   710.   1.2   6.8   0.730   4.3   4.7
   2 1979 323  2880.   1.4   9.9   0.830   2.1   0.0
   2 1979 324  2590.   0.4   7.5   0.790   1.0   0.0
   2 1979 325  2350.  -0.4   6.5   0.700   1.4   0.0
   2 1979 326  3620.  -0.3   6.7   0.700   4.1   0.0
   2 1979 327  1220.   3.5   5.2   0.730   5.4   0.2
   2 1979 328  3610.   1.4   7.3   0.650   3.4   0.4
   2 1979 329  1870.   1.4   5.7   0.730   7.0   0.0
   2 1979 330   580.   4.9  12.2   0.910   7.6   0.5
   2 1979 331  1880.   5.6   9.5   0.930   1.8   0.0
   2 1979 332  1310.   6.1  10.7   1.050   5.0   0.0
   2 1979 333  2880.   4.3   9.4   0.830   4.5   0.0
   2 1979 334   630.   3.4  11.6   0.920   6.0   1.2
   2 1979 335  1680.   7.1  11.8   1.040   6.1   0.2
   2 1979 336   930.   8.7  11.7   1.100   6.4   0.0
   2 1979 337  1990.   5.5  12.7   1.080   5.3   0.0
   2 1979 338  2420.   5.8  10.4   1.000   5.5   0.0
   2 1979 339   730.   4.3  13.2   0.980   7.1   2.6
   2 1979 340  2280.  -0.1   9.3   0.870   2.4   0.0
   2 1979 341  1320.   7.8  10.5   1.080   4.1  11.9
   2 1979 342   960.   0.9  11.5   1.130   4.9   3.1
   2 1979 343   930.   8.3  11.2   1.120   6.3   9.3
   2 1979 344  2080.   6.1  11.8   0.910   7.2   1.3
   2 1979 345   840.   4.3   9.7   0.880   5.5   6.7
   2 1979 346  3110.  -0.1   4.0   0.550   3.4   0.0
   2 1979 347   650.   1.0   9.0   0.870   5.6   5.0
   2 1979 348   370.   5.6   9.3   0.820   8.8  10.4
   2 1979 349   970.   5.4   9.4   0.820   9.2  11.3
   2 1979 350   920.   3.8   7.3   0.780   7.9   4.9
   2 1979 351  1020.   3.9   8.6   0.690  10.7   1.8
   2 1979 352  1150.  -0.7   7.0   0.720   6.8   1.8
   2 1979 353  2440.  -1.7   4.7   0.620   2.4   0.5
   2 1979 354  2970.  -0.8   5.3   0.640   2.2   1.4
   2 1979 355  1640.  -3.3  -0.1   0.460   5.2   0.0
   2 1979 356   500.  -3.2   0.2   0.550   6.7   0.0
   2 1979 357   330.  -0.1   3.2   0.650   4.1   0.2
   2 1979 358  1820.   0.0   3.2   0.610   4.0   0.2
   2 1979 359  1570.  -1.2   5.5   0.670   2.3   1.2
   2 1979 360   900.  -1.8   0.0   0.550   0.2   0.0
   2 1979 361  1070.  -2.0   4.3   0.550   5.8   0.3
   2 1979 362   320.   2.3   5.5   0.760   6.5  13.8
   2 1979 363   680.   0.5   3.7   0.660   4.4   5.3
   2 1979 364  1140.   0.6   3.6   0.650   4.9   3.3
   2 1979 365  2500.   1.1   5.1   0.630   4.5   0.7
