*---------------------------------------------------------------------------*
* Station name: Swifterbant, Netherlands
* Year: 1978
* Author: Peter Uithol                                     -99.000: NIL VALUE
* Source: Natuur- en Weerkunde (J.G. Krom)
* Comments: Measured vapour pressure at day 179 was 1.39 kPa
*           this was above saturated vapour pressure 1.34 kPa
*           so the measured vapour pressure was substituted
*           with the saturated vapour pressure.
*
* Longitude: 5 38 E, latitude: 52 34 N, altitude: -4 m.
*
* Column  Daily value
* 1       station number
* 2       year
* 3       day
* 4       irradiation                   (kJ m-2 d-1)
* 5       minimum temperature           (degrees Celsius)
* 6       maximum temperature           (degrees Celsius)
* 7       early morning vapour pressure (kPa)
* 8       mean wind speed (height: 2 m) (m s-1)
* 9       precipitation                 (mm d-1)
*
** WCCDESCRIPTION=Netherlands, Swifterbant
** WCCFORMAT=2
** WCCYEARNR=1978
*---------------------------------------------------------------------------*
   5.63  52.57    -4.  -0.18 -0.55
   2 1978   1  1090.   3.9   8.1   0.860   4.9   0.0
   2 1978   2   510.   2.0   7.0   0.790   4.6   0.0
   2 1978   3   440.   2.8   6.3   0.730   9.6   2.2
   2 1978   4  3250.  -0.1   4.9   0.630   5.9   7.9
   2 1978   5  1660.  -3.4   3.2   0.540   5.0   0.4
   2 1978   6   480.   3.0   6.8   0.800   4.2   0.0
   2 1978   7  2870.   0.5   5.2   0.690   3.1   0.0
   2 1978   8  3660.  -1.8   2.2   0.610   2.0   0.0
   2 1978   9   760.   2.0   6.5   0.780   5.5   0.0
   2 1978  10  3380.   1.9   6.1   0.710   7.1   2.4
   2 1978  11   570.   3.9   5.8   0.820   5.6   4.8
   2 1978  12   500.   1.6   4.1   0.690   8.4  12.5
   2 1978  13  4520.  -0.9   4.3   0.590   2.3   0.0
   2 1978  14  1530.   4.0   6.1   0.840   3.6   0.0
   2 1978  15  3710.  -0.9   3.9   0.610   4.6   0.0
   2 1978  16  1360.   0.8   3.0   0.610   2.7   0.0
   2 1978  17  1670.   1.8   5.2   0.690   2.8   0.1
   2 1978  18  2230.  -2.1   4.7   0.640   2.6   0.0
   2 1978  19  2440.  -2.2   3.0   0.560   5.3   0.0
   2 1978  20  1560.   0.0   3.7   0.660   4.3   0.0
   2 1978  21  1580.   0.4   3.0   0.660   4.5   0.0
   2 1978  22  4680.  -0.5   2.8   0.540   4.1   0.0
   2 1978  23  4970.  -0.2   4.0   0.600   5.9   0.2
   2 1978  24  1860.   1.8   8.0   0.790   7.5   2.9
   2 1978  25   700.   1.4   4.9   0.700   7.1   2.2
   2 1978  26  4180.   0.2   4.0   0.660   4.2   3.1
   2 1978  27  3560.   0.9   4.8   0.660   6.5   2.9
   2 1978  28  1510.   3.2   6.2   0.660   7.9   0.0
   2 1978  29  1500.   2.2   4.8   0.680   4.1   0.2
   2 1978  30  2550.   0.1   4.2   0.670   3.6   1.2
   2 1978  31  4650.  -0.8   3.8   0.560   4.1   2.0
   2 1978  32  1380.   0.1   1.9   0.620   5.9   1.9
   2 1978  33  1130.   0.5   1.6   0.590   6.2   1.1
   2 1978  34  4430.   0.3   3.9   0.620   2.6   0.0
   2 1978  35  2900.   0.4   3.3   0.580   3.1   0.2
   2 1978  36  1240.   0.4   1.2   0.580   4.4   0.0
   2 1978  37   830.   0.7   2.8   0.650   2.7   3.1
   2 1978  38  1320.  -2.5   1.1   0.530   5.4   0.0
   2 1978  39  2550.  -3.2  -0.5   0.550   5.9   0.0
   2 1978  40  4580.  -5.2  -1.5   0.370   6.5   0.0
   2 1978  41  4840.  -6.1  -2.1   0.360   5.9   0.0
   2 1978  42  2230.  -4.0  -1.7   0.410   4.3   0.0
   2 1978  43  3730.  -2.7   1.1   0.530   4.1   0.6
   2 1978  44  6230.  -3.8   1.9   0.480   3.9   0.0
   2 1978  45  2860.  -4.8   1.2   0.540   1.6   1.4
   2 1978  46  8020.  -6.6   1.5   0.460   2.0   0.0
   2 1978  47  7020.  -6.0  -0.1   0.400   3.8   0.0
   2 1978  48  8260.  -7.2  -1.7   0.380   2.9   0.0
   2 1978  49  3620.  -7.7   0.7   0.440   1.7   0.0
   2 1978  50  9970.  -7.6  -1.4   0.360   6.4   0.0
   2 1978  51 11170. -10.0   0.0   0.320   4.7   0.0
   2 1978  52  6080.  -8.9   2.3   0.410   3.9   0.0
   2 1978  53  1580.   2.2   5.5   0.750   3.0   1.0
   2 1978  54  1900.   2.5   8.7   0.790   5.6   0.4
   2 1978  55  6730.   2.0  11.9   0.920   3.9   0.2
   2 1978  56  6400.   3.0  14.1   1.000   4.3   0.2
   2 1978  57  9920.   6.4  14.5   0.930   5.4   0.0
   2 1978  58  6080.   7.5  12.9   1.010   5.1   0.0
   2 1978  59  7120.   4.7  11.8   0.950   3.0   2.3
   2 1978  60 10100.   2.5  15.1   0.900   3.8   0.0
   2 1978  61  7840.   4.1  11.6   0.860   4.1   0.2
   2 1978  62  1260.   5.6   8.2   0.950   3.7   0.9
   2 1978  63  1760.   3.0   6.3   0.840   3.1   0.0
   2 1978  64 10890.   0.9   7.4   0.680   6.0   0.1
   2 1978  65 12140.  -0.7   6.9   0.580   1.9   0.0
   2 1978  66  6030.  -2.1   8.0   0.710   3.4   0.0
   2 1978  67  1820.   3.2   8.1   0.820   6.3   0.2
   2 1978  68 13110.   3.1   9.8   0.730   4.1   5.4
   2 1978  69  3640.   5.8   9.6   0.950   3.6   0.0
   2 1978  70  2930.   7.1  10.6   1.080   2.3   0.0
   2 1978  71  1950.   7.0  11.7   1.100   3.6   2.2
   2 1978  72  7980.   3.4   9.8   0.820   6.4   2.4
   2 1978  73  3430.   5.8   9.1   0.880   8.8   0.6
   2 1978  74  7340.   5.7  10.5   0.800   9.2   2.6
   2 1978  75  4210.   2.3   7.6   0.760   9.2   1.7
   2 1978  76 10350.   1.7   5.0   0.540   5.3   2.7
   2 1978  77  8880.   1.3   6.5   0.640   5.4   0.2
   2 1978  78  5340.   0.5   8.1   0.770   5.0   1.5
   2 1978  79 11280.   2.5   8.0   0.740   6.2  11.2
   2 1978  80  4900.   2.0   5.9   0.710   4.4   6.8
   2 1978  81 11600.   0.7   9.1   0.750   6.5   2.7
   2 1978  82 12150.   3.0   8.5   0.730   9.2   2.4
   2 1978  83 14070.   1.9   8.5   0.700   5.2   4.4
   2 1978  84  8400.   2.5  11.3   0.860   7.7   0.4
   2 1978  85  9770.   3.7   7.2   0.620   9.4   3.8
   2 1978  86  3440.   2.7  11.3   0.960   6.5   0.8
   2 1978  87  4510.   4.7  12.2   1.050   5.1   1.8
   2 1978  88 11490.   4.6  13.5   0.890   5.2   0.9
   2 1978  89  4500.   4.5   9.3   0.890   1.6   0.0
   2 1978  90  4330.   3.5   9.0   0.870   1.9   0.1
   2 1978  91 13100.   3.2  15.0   0.890   3.4   0.1
   2 1978  92 10510.   4.0  12.6   1.000   4.1   0.0
   2 1978  93  7240.   5.1  10.8   0.920   6.3   0.0
   2 1978  94  4150.   4.4   7.2   0.830   6.2   0.0
   2 1978  95 19800.   1.6   9.9   0.540   7.3   0.0
   2 1978  96 21360.  -0.3   9.1   0.480   6.4   0.0
   2 1978  97 17030.  -1.2  10.0   0.620   4.3   0.0
   2 1978  98  5730.   1.9   7.9   0.720   3.6   0.0
   2 1978  99 15660.   0.8  10.7   0.800   3.0   0.0
   2 1978 100  5180.   3.7   7.6   0.770   3.3   0.0
   2 1978 101  6010.   0.6   3.9   0.630   5.6   5.4
   2 1978 102 13240.  -0.5   7.6   0.580   5.5   0.2
   2 1978 103 11790.   2.0   7.3   0.620   1.9   0.7
   2 1978 104  9900.   1.3   7.2   0.620   5.7   0.0
   2 1978 105 20040.   0.3   8.6   0.610   4.4   1.2
   2 1978 106 13360.  -0.1   7.6   0.670   3.4   2.6
   2 1978 107 20120.   0.0  10.0   0.620   2.0   2.0
   2 1978 108 19080.  -0.6  13.5   0.560   4.2   0.0
   2 1978 109 18370.   3.1  16.0   0.730   4.3   0.0
   2 1978 110 14210.   4.5  17.5   0.960   3.8   0.0
   2 1978 111 16940.   4.9  13.4   0.870   2.5   0.4
   2 1978 112 15520.   2.9  13.5   0.850   2.2   0.0
   2 1978 113 20500.   3.0  15.0   0.860   3.5   0.1
   2 1978 114 17570.   3.7  13.5   0.870   4.0   0.0
   2 1978 115 19800.   2.9  11.4   0.670   4.7   0.0
   2 1978 116 17510.   2.9  14.7   0.730   6.9   0.0
   2 1978 117 14200.   4.8  12.8   0.830   5.2   0.0
   2 1978 118 15290.   3.8  14.4   0.860   2.3   0.0
   2 1978 119 21820.   3.8  14.5   0.900   3.6   2.4
   2 1978 120  8960.   8.9  14.5   1.180   4.3   2.7
   2 1978 121 18950.   7.9  18.7   1.180   5.0   1.8
   2 1978 122 16990.   6.5  16.1   0.880   5.4   1.2
   2 1978 123  6610.   4.0  13.7   0.980   3.4   0.0
   2 1978 124 18530.   2.4  18.7   0.980   2.0   0.0
   2 1978 125 16940.   7.3  22.0   1.250   3.3   0.0
   2 1978 126  9500.  13.1  18.0   1.480   2.9   1.6
   2 1978 127  6390.  10.4  14.7   1.270   5.0   0.4
   2 1978 128 15170.   9.0  18.2   1.030   4.3   0.0
   2 1978 129 27010.   6.0  18.2   0.820   4.6   0.0
   2 1978 130 22800.   5.5  14.8   0.950   4.9   0.0
   2 1978 131 24250.   2.5  11.2   0.590   3.2   0.0
   2 1978 132  4160.   5.9  10.5   0.870   6.2   4.5
   2 1978 133 12500.   3.1  10.2   0.790   1.7   2.3
   2 1978 134 16880.   3.7  14.6   0.880   1.7   0.0
   2 1978 135 13020.   8.0  13.3   1.040   1.8   1.0
   2 1978 136 17770.   6.6  14.6   1.040   1.8   0.0
   2 1978 137 24870.   5.4  16.5   0.920   3.6   0.0
   2 1978 138 25020.   6.3  17.9   0.980   4.8   0.0
   2 1978 139 23390.   8.1  20.9   1.170   4.2   0.0
   2 1978 140 13110.  10.9  15.4   1.310   3.6   5.5
   2 1978 141  6510.  10.0  12.5   1.070   2.8   0.0
   2 1978 142 20690.   9.1  17.5   1.150   4.1   0.0
   2 1978 143  4860.  10.2  12.5   1.200   6.9   0.0
   2 1978 144  4960.  10.3  12.6   1.230   5.6   0.0
   2 1978 145  4640.   9.6  11.6   1.160   4.9   1.0
   2 1978 146 19230.   8.9  17.6   1.260   3.4   0.0
   2 1978 147 24130.   7.6  21.8   1.290   3.1   0.0
   2 1978 148 26980.   8.6  23.1   1.140   3.7   0.0
   2 1978 149 27730.   9.1  22.9   1.370   3.4   0.0
   2 1978 150 26630.  11.6  26.9   1.390   3.8   0.0
   2 1978 151 25560.  12.0  27.6   1.310   3.5   0.0
   2 1978 152 21810.  13.6  28.6   1.550   2.3   0.0
   2 1978 153 26780.  13.7  26.1   1.580   2.7   1.4
   2 1978 154 25850.  11.4  26.5   1.500   3.1   0.0
   2 1978 155 23240.  14.4  28.1   1.610   2.5   0.0
   2 1978 156 15590.  15.1  23.1   1.600   2.8   0.0
   2 1978 157 14320.  16.1  26.9   1.900   2.7   0.0
   2 1978 158 11630.  13.6  20.9   1.550   3.0   1.7
   2 1978 159 26680.  10.0  18.0   1.180   5.0   3.2
   2 1978 160 24370.  12.2  16.8   0.960   5.3   0.0
   2 1978 161 10810.  11.1  14.9   1.040   5.9   0.0
   2 1978 162 18310.  11.1  16.5   1.050   5.7   0.9
   2 1978 163 17020.  10.4  14.5   1.050   6.7   0.3
   2 1978 164 15250.   6.4  15.1   1.000   3.6   0.3
   2 1978 165 14110.   4.4  16.0   1.030   2.2   0.0
   2 1978 166 24030.   6.9  20.2   1.100   3.6   0.0
   2 1978 167 11310.  11.6  19.5   1.370   3.5   0.0
   2 1978 168 30120.  10.7  23.7   0.860   7.4   0.9
   2 1978 169 30760.   7.6  21.2   0.840   4.3   0.0
   2 1978 170 30090.   6.1  22.2   1.020   2.3   0.0
   2 1978 171 30050.   4.7  23.2   1.120   1.8   0.0
   2 1978 172 21270.   7.0  22.0   1.310   3.7   0.0
   2 1978 173 10100.  12.5  16.3   1.480   5.0   4.1
   2 1978 174 15290.  10.3  16.4   1.260   5.5  11.9
   2 1978 175 20150.   8.0  16.5   1.060   6.5  16.1
   2 1978 176 13950.   8.4  15.0   1.200   6.5   2.0
   2 1978 177  5470.  10.8  14.0   1.190   5.4   9.5
   2 1978 178 11840.   6.9  14.7   1.090   4.5   1.1
-999 1978 179      1     1     1       3     1     1
   2 1978 179 11140.   6.8  16.0   1.340   3.9   0.0
-999 1978 180      1     1     1       1     1     1
   2 1978 180  5010.  14.5  17.4   1.730   4.1   1.2
   2 1978 181 12140.  12.1  17.9   1.520   4.9   6.1
   2 1978 182 17430.  11.1  18.2   1.350   3.6   0.8
   2 1978 183  5480.  13.4  17.3   1.640   5.2   0.0
   2 1978 184 13290.  11.3  17.7   1.540   4.9  11.0
   2 1978 185 13640.   9.3  15.4   1.230   5.2   1.8
   2 1978 186 15250.   8.9  16.2   1.240   3.0   8.1
   2 1978 187 11740.  11.6  15.0   1.320   6.4   2.6
   2 1978 188  9500.   9.1  15.0   1.270   5.3   2.5
   2 1978 189 10060.   8.8  16.8   1.460   5.1   3.4
   2 1978 190 11390.  11.6  15.5   1.340   4.8   9.2
   2 1978 191 21370.  10.2  18.7   1.400   3.5   1.0
   2 1978 192 26700.   8.3  20.4   1.450   2.5   0.0
   2 1978 193 26950.   9.4  20.5   1.440   2.8   0.0
   2 1978 194 27710.   7.8  19.5   1.340   2.1   0.0
   2 1978 195 10520.  11.9  16.9   1.390   3.5   0.0
   2 1978 196 12520.   7.1  15.4   1.120   3.6   0.6
   2 1978 197  8360.   9.9  16.4   1.250   3.8   0.0
   2 1978 198 24340.   9.7  17.9   1.090   2.0   0.0
   2 1978 199 17940.   8.4  18.9   1.330   1.9   0.0
   2 1978 200 18210.  13.3  18.9   1.420   4.6   0.9
   2 1978 201 17650.  12.2  17.1   1.360   6.0   1.9
   2 1978 202 12150.   7.2  16.0   1.190   4.5   1.4
   2 1978 203 22170.   4.6  21.5   1.340   3.1   0.0
   2 1978 204 19820.  10.1  23.1   1.510   3.5   0.0
   2 1978 205 13450.   9.3  21.6   1.650   2.6   0.0
   2 1978 206 21470.   9.9  22.6   1.520   1.7   0.5
   2 1978 207 12830.  10.4  25.2   1.810   3.6   0.0
   2 1978 208 18040.  12.3  23.4   1.700   2.8   0.1
   2 1978 209 23090.  11.4  27.7   1.800   1.5   0.0
   2 1978 210 21930.  14.6  28.5   2.100   2.5   0.0
   2 1978 211 21070.  17.5  31.5   2.300   3.6   0.0
   2 1978 212 18380.  16.6  30.9   2.030   2.6   0.0
   2 1978 213  4990.  16.1  20.3   1.970   2.2   0.0
   2 1978 214 15120.  14.1  24.0   1.630   3.0   3.3
   2 1978 215 11680.  15.2  20.9   1.690   4.1   0.5
   2 1978 216  5870.  14.6  19.0   1.650   4.4  15.4
   2 1978 217  8580.  11.4  19.2   1.670   3.1   3.2
   2 1978 218  8960.  11.2  18.3   1.520   3.0  12.8
   2 1978 219 15400.  11.0  19.8   1.400   3.8   0.3
   2 1978 220 18060.  11.1  19.1   1.430   4.0   0.8
   2 1978 221 19410.  10.9  19.6   1.450   2.8   1.5
   2 1978 222 20400.   8.7  20.8   1.400   3.4   0.0
   2 1978 223 11550.  14.1  17.9   1.330   3.5   0.0
   2 1978 224 11510.  13.6  19.9   1.440   2.3   0.6
   2 1978 225 12390.  11.0  20.8   1.510   2.0   0.0
   2 1978 226  8410.  12.0  21.0   1.540   3.4   0.1
   2 1978 227 20910.  13.3  26.7   1.570   4.8   0.0
   2 1978 228 13670.  12.4  20.3   1.550   4.3   0.0
   2 1978 229 18320.  12.2  19.1   1.400   5.1  22.8
   2 1978 230 23050.   8.8  21.0   1.210   1.7   2.2
   2 1978 231 21670.   8.8  23.9   1.330   2.6   0.0
   2 1978 232 21510.  10.3  27.0   1.470   2.2   0.0
   2 1978 233 17860.  11.0  23.9   1.710   2.1   0.0
   2 1978 234 19690.  12.5  24.5   1.770   3.5   0.0
   2 1978 235 19410.  11.2  20.5   1.540   3.5   1.0
   2 1978 236 17890.   7.0  19.9   1.240   2.8   0.0
   2 1978 237 14790.  13.5  18.8   1.300   5.3   0.0
   2 1978 238 15040.  12.8  17.6   1.200   5.8   0.0
   2 1978 239 15820.  11.9  16.2   1.210   6.6   0.0
   2 1978 240 13900.  11.2  17.1   1.260   4.2   0.2
   2 1978 241  4870.  12.9  17.8   1.570   4.2   0.3
   2 1978 242 13900.   9.8  15.5   1.210   5.1  11.1
   2 1978 243  9240.  11.2  15.0   1.310   4.8   3.9
   2 1978 244  9750.  11.8  17.0   1.350   3.6   2.0
   2 1978 245 10310.  11.8  14.9   1.240   4.5   0.7
   2 1978 246 14240.  11.4  16.8   1.260   4.2   1.7
   2 1978 247 15130.  10.2  15.8   1.080   4.0   0.0
   2 1978 248 18970.   7.9  16.9   1.070   2.2   0.0
   2 1978 249 15000.   9.4  18.9   1.330   2.6   0.0
   2 1978 250 10270.  11.5  19.4   1.560   1.5   0.0
   2 1978 251 17000.  10.8  19.4   1.510   3.5   0.0
   2 1978 252 13380.  15.3  18.6   1.670   6.1   5.0
   2 1978 253  6110.  17.1  21.6   1.990   9.0   0.0
   2 1978 254  9220.  12.3  20.4   1.650   9.8   4.3
   2 1978 255 10930.  10.8  15.7   1.200   7.2   5.3
   2 1978 256  6680.  11.0  18.0   1.600   5.2   0.2
   2 1978 257  3790.  10.9  15.1   1.390   4.5   8.1
   2 1978 258  7380.   9.7  17.7   1.390   6.4   0.0
   2 1978 259 12960.   9.1  20.0   1.570   5.1   0.0
   2 1978 260 10090.   7.0  16.6   1.330   5.1   0.0
   2 1978 261 14120.   6.8  16.4   1.230   4.3   0.0
   2 1978 262 13240.   9.1  15.9   1.230   5.2   3.1
   2 1978 263 11350.   9.6  14.6   1.150   4.0   0.0
   2 1978 264 10650.  14.0  17.4   1.620   4.8   0.0
   2 1978 265  3800.  14.0  17.5   1.690   5.1   5.6
   2 1978 266  6110.  13.4  17.9   1.660   3.7   0.0
   2 1978 267  9330.  14.1  19.4   1.740   5.3   0.0
   2 1978 268  4030.   6.6  16.6   1.450   4.3   2.5
   2 1978 269  8140.   6.1  16.1   1.180   4.1   1.7
   2 1978 270  5890.   8.2  14.5   1.160   3.7   5.5
   2 1978 271  7580.   6.9  13.9   1.160   3.2   2.7
   2 1978 272  7780.  10.1  15.4   1.330   5.2   9.4
   2 1978 273  2780.   9.0  12.2   1.200   5.1  11.0
   2 1978 274  2520.   6.8  12.6   1.130   5.9   1.5
   2 1978 275  2720.   5.9   9.7   1.060   2.4   0.0
   2 1978 276  7650.   7.2  12.1   1.020   1.5   0.0
   2 1978 277  8310.   3.5  13.7   1.060   2.7   0.1
   2 1978 278  2690.   8.0  15.7   1.300   6.2   0.5
   2 1978 279  6360.  11.9  17.0   1.550   4.7   0.0
   2 1978 280  6750.   6.2  17.8   1.380   2.1   0.0
   2 1978 281 11310.   4.5  19.7   1.260   2.2   0.0
   2 1978 282  4470.  11.5  18.0   1.540   2.5   0.0
   2 1978 283  7640.  10.7  21.5   1.580   2.2   0.0
   2 1978 284 10690.   9.1  22.5   1.410   2.3   0.0
   2 1978 285 10450.   6.2  21.8   1.270   2.6   0.0
   2 1978 286  9070.   5.1  19.9   1.230   1.4   0.0
   2 1978 287  2430.   4.1  11.0   1.120   1.2   0.0
   2 1978 288  1780.  10.5  12.8   1.290   1.8   0.0
   2 1978 289  4590.   7.4  13.2   1.050   5.1   5.8
   2 1978 290  7090.   2.5  10.2   0.870   2.7   3.0
   2 1978 291  9360.   1.2  13.2   0.860   2.2   0.0
   2 1978 292  6130.   4.2  13.5   1.000   2.3   0.0
   2 1978 293  1990.   6.5  13.5   1.130   4.3   0.4
   2 1978 294  5930.   3.8  10.8   0.900   2.3   1.8
   2 1978 295  2780.   8.2  13.6   1.180   4.9   2.0
   2 1978 296  7040.   7.2  13.8   0.970   3.4   0.0
   2 1978 297  5590.   7.2  14.9   1.240   6.6   0.0
   2 1978 298  3830.  10.0  14.8   1.150   4.1   0.5
   2 1978 299  5810.   3.8  13.0   1.060   1.9   0.0
   2 1978 300  1740.   2.2  12.3   1.060   2.7   0.1
   2 1978 301  1550.   6.6  12.6   1.170   2.2   0.0
   2 1978 302  1490.  10.6  12.6   1.210   2.2   0.0
   2 1978 303  2000.  10.0  12.3   1.210   3.1   0.0
   2 1978 304  4900.   9.1  11.9   0.990   2.9   0.0
   2 1978 305  3830.   5.6  13.2   1.140   2.2   0.0
   2 1978 306  3570.   4.5   9.9   1.050   4.1   0.9
   2 1978 307  1560.   9.9  12.0   1.300   4.2   0.0
   2 1978 308  3660.   8.9  13.2   1.240   3.8   0.0
   2 1978 309  4650.   8.2  13.9   1.260   3.2   0.0
   2 1978 310  2170.   6.6  10.9   1.090   2.8   0.0
   2 1978 311  5280.   1.3   9.2   0.840   3.3   0.0
   2 1978 312  5380.   0.7  10.8   0.830   2.7   0.0
   2 1978 313  1880.   5.5  10.0   1.060   2.8   0.0
   2 1978 314  5060.   1.0   8.6   0.740   2.5   0.0
   2 1978 315  1270.  -0.2   1.6   0.630   2.7   0.0
   2 1978 316  4540.   0.0   8.4   0.730   4.0   0.0
   2 1978 317  3130.   5.5  10.9   1.010   3.9   2.5
   2 1978 318  4510.   5.5  11.9   0.990   7.2   0.0
   2 1978 319  4990.   6.1  11.1   0.990   8.2   0.0
   2 1978 320  4850.   6.1  10.5   0.840   6.6   0.0
   2 1978 321  1050.   6.9  11.9   1.190   5.8   0.3
   2 1978 322  1330.   8.7  12.7   1.170   7.5   0.8
   2 1978 323  1650.  10.5  12.9   1.150   7.9   2.1
   2 1978 324  4910.   2.1  10.9   0.870   3.9   0.0
   2 1978 325  1610.   4.0  12.4   1.130   6.2   2.3
   2 1978 326  2370.  12.2  13.7   1.320   7.3   0.0
   2 1978 327  1930.  10.0  13.0   1.260   5.7   0.0
   2 1978 328  1520.   8.3  10.5   1.090   6.8   3.8
   2 1978 329  3840.   2.0   8.4   0.830   3.1   4.8
   2 1978 330  3090.   1.4   4.8   0.720   4.0   1.5
   2 1978 331  1970.  -0.7   4.0   0.640   3.8   6.6
   2 1978 332  2030.  -2.2   3.7   0.590   5.6   4.4
   2 1978 333  2160.  -3.9  -0.4   0.500   2.0   1.9
   2 1978 334   730.  -3.9  -0.1   0.520   1.9   0.8
   2 1978 335   680.  -4.0  -0.2   0.540   1.8   0.0
   2 1978 336   620.  -1.1   1.4   0.620   4.2   0.0
   2 1978 337  4670.  -3.0   1.0   0.550   3.4   0.0
   2 1978 338  1390.  -1.2   2.1   0.610   4.8   2.3
   2 1978 339  3450.  -4.9  -0.7   0.410   4.3   0.0
   2 1978 340  3640.  -6.4  -0.4   0.360   4.8   0.0
   2 1978 341  3340.  -6.0  -2.2   0.360   5.9   0.0
   2 1978 342   750.  -4.7   6.0   0.540   6.1   3.3
   2 1978 343  2710.   3.8   9.4   0.950   5.3   0.0
   2 1978 344   700.   3.5  10.5   1.060   3.0   0.0
   2 1978 345  2810.   6.9  11.4   1.070   3.6   0.3
   2 1978 346  1770.   7.4  11.7   1.090   6.4   2.4
   2 1978 347  1310.   4.6   9.6   0.960   8.1   4.5
   2 1978 348  1260.   4.6   8.1   0.910   5.4   3.7
   2 1978 349   850.   6.0   8.1   0.960   3.0  14.6
   2 1978 350  1560.  -0.5   6.2   0.690   5.9  12.1
   2 1978 351  1490.  -3.8   0.8   0.540   1.7   0.0
   2 1978 352  1080.  -5.6  -3.4   0.440   1.4   0.0
   2 1978 353  3250.  -7.1  -0.9   0.370   4.3   0.0
   2 1978 354   970.  -4.9  -1.8   0.390   4.3   0.0
   2 1978 355  1610.  -4.9   0.2   0.490   5.3   0.0
   2 1978 356   600.  -2.1   0.9   0.530   2.8   0.0
   2 1978 357   990.  -1.5  -0.7   0.500   2.5   0.0
   2 1978 358   760.  -1.0   5.7   0.640   5.8   8.4
   2 1978 359  1150.   4.8   7.7   0.900   4.5   2.3
   2 1978 360   500.   5.0  10.5   1.020   4.6   2.6
   2 1978 361   720.   7.2   9.7   1.070   3.7   6.2
   2 1978 362   870.   8.5  11.9   1.140   5.6   7.5
   2 1978 363   530.  -1.1  11.4   0.860   5.8  16.7
   2 1978 364   820. -10.4  -1.1   0.300   7.7   0.0
   2 1978 365  1970. -12.2  -7.6   0.230   8.6   0.6
