*---------------------------------------------------------------------------*
* Station name: Swifterbant, Netherlands
* Year: 1984
* Author: Peter Uithol                                     -99.000: NIL VALUE
* Source: Natuur- en Weerkunde via Nel van Keulen
* Comments:
* Longitude: 5 38 E, latitude: 52 34 N, altitude: -4 m.
*
* Column  Daily value
* 1       station number
* 2       year
* 3       day
* 4       irradiation                   (kJ m-2 d-1)
* 5       minimum temperature           (degrees Celsius)
* 6       maximum temperature           (degrees Celsius)
* 7       early morning vapour pressure (kPa)
* 8       mean wind speed (height: 2 m) (m s-1)
* 9       precipitation                 (mm d-1)
*
** WCCDESCRIPTION=Netherlands, Swifterbant
** WCCFORMAT=2
** WCCYEARNR=1984
*---------------------------------------------------------------------------*
   5.63  52.57    -4. -0.18 -0.55
   2 1984   1   530.   7.4   9.6   0.930   9.6  15.8
   2 1984   2  2530.   5.1   9.2   0.870   7.4  13.4
   2 1984   3  3160.   1.0   9.3   0.680   9.9  22.5
   2 1984   4  1720.   1.1   6.5   0.680   5.8   6.4
   2 1984   5  1580.   0.2   5.7   0.690   5.0   0.8
   2 1984   6  1280.   1.5   6.3   0.810   3.8   0.0
   2 1984   7  2080.   2.8   7.4   0.750   6.8   7.9
   2 1984   8  1980.   2.1   6.0   0.680   6.5   1.9
   2 1984   9  2450.   1.5   4.9   0.650   2.7   0.5
   2 1984  10  1670.  -0.3   4.9   0.690   4.9   0.1
   2 1984  11   330.   4.9   7.7   0.940   8.5   5.8
   2 1984  12  2490.   1.4   7.2   0.710   5.6   0.2
   2 1984  13   520.   1.5  10.7   0.740  10.8   9.9
   2 1984  14  1460.   1.8   9.7   0.640   9.9   6.5
   2 1984  15  1970.   0.4   3.8   0.570   7.4   2.0
   2 1984  16  2190.   2.4   9.8   0.730   8.4  10.5
   2 1984  17  1830.   0.9   8.6   0.620  10.2   1.8
   2 1984  18  3120.   0.4   5.0   0.630   5.6   2.4
   2 1984  19  1910.  -1.7   2.7   0.590   2.8   0.0
   2 1984  20  4190.  -1.5   3.4   0.550   2.4   0.0
   2 1984  21  1820.  -3.0   0.4   0.490   3.9   0.0
   2 1984  22  1780.  -4.2  -1.8   0.400   6.9   1.7
   2 1984  23  1990. -13.2   0.6   0.430   5.3   2.3
   2 1984  24  2340.   0.1   1.6   0.540   5.6   2.1
   2 1984  25  4280.  -3.2   2.0   0.460   3.2   0.0
   2 1984  26  1790.  -3.2   1.4   0.460   6.5   0.0
   2 1984  27  3060.   1.1   3.8   0.570   5.2   0.1
   2 1984  28   780.   2.0   3.7   0.640   4.2   1.9
   2 1984  29  1230.   2.2   5.4   0.700   4.0   1.7
   2 1984  30  2380.   2.5   5.6   0.690   4.7   0.1
   2 1984  31  4720.  -0.6   5.9   0.670   5.2   2.6
   2 1984  32  2050.  -0.3   3.9   0.650   4.4   1.1
   2 1984  33  1850.   3.4   6.8   0.820   5.1   5.5
   2 1984  34   510.   4.0   7.8   0.810   6.5   8.2
   2 1984  35  2720.   2.2   9.3   0.840   5.9   1.9
   2 1984  36  5790.   2.1   9.4   0.750   6.3   6.8
   2 1984  37  1940.   3.8   7.6   0.810   7.9  15.3
   2 1984  38  2440.   1.3   5.6   0.630   8.1   0.1
   2 1984  39  3630.   0.6   5.4   0.680   6.7   5.8
   2 1984  40  7280.  -0.1   5.5   0.650   4.7   0.1
   2 1984  41  4320.   0.0   7.5   0.780   3.0   0.0
   2 1984  42  4210.   2.4   8.2   0.820   2.8   0.4
   2 1984  43  7070.  -0.7   4.5   0.550   3.6   0.0
   2 1984  44  7560.  -3.0   4.4   0.510   2.8   0.0
   2 1984  45  1680.  -2.6  -0.1   0.520   2.5   0.0
   2 1984  46  4850.  -2.9   0.5   0.460   3.0   0.0
   2 1984  47  6720.  -4.5   2.3   0.440   1.7   0.0
   2 1984  48  3660.  -6.5   0.6   0.470   1.1   0.0
   2 1984  49  6120.  -4.8   0.6   0.370   4.0   0.0
   2 1984  50  6380.  -5.8   1.0   0.320   5.4   0.0
   2 1984  51  6470.  -5.5   1.2   0.360   4.1   0.0
   2 1984  52  4090.  -0.9   6.1   0.650   5.0   3.4
   2 1984  53  2260.   0.5   5.0   0.680   2.6   0.2
   2 1984  54  1440.  -0.8   1.6   0.580   4.1   0.0
   2 1984  55  5750.  -0.7   3.0   0.540   4.5   0.0
   2 1984  56  2690.  -0.3   0.9   0.540   6.5   0.0
   2 1984  57   960.   0.4   2.2   0.630   4.5   0.1
   2 1984  58   870.   0.7   2.2   0.650   4.8   0.0
   2 1984  59  5020.  -0.3   5.0   0.630   3.6   0.0
   2 1984  60  3650.  -2.4   1.8   0.560   1.0   0.0
   2 1984  61  2520.  -2.8   4.5   0.660   3.5   1.4
   2 1984  62  3690.   0.0   6.0   0.700   6.2  11.4
   2 1984  63  6270.  -1.0   5.1   0.600   3.5   0.0
   2 1984  64  9160.  -2.2   6.5   0.570   2.1   0.0
   2 1984  65  2940.   2.2   7.2   0.800   1.8   0.1
   2 1984  66  3170.   4.3   7.2   0.870   3.0   0.6
   2 1984  67  8430.   1.3   8.0   0.720   4.5   0.2
   2 1984  68 12700.  -0.3   6.8   0.550   4.8   0.0
   2 1984  69 12470.  -1.8   5.3   0.510   2.8   0.2
   2 1984  70  2770.  -0.5   2.7   0.620   4.7   4.8
   2 1984  71  1790.   2.7   5.4   0.770   2.7   3.9
   2 1984  72 11690.   0.8   7.4   0.620   4.0   0.0
   2 1984  73  5950.   0.1   6.5   0.590   4.4   0.0
   2 1984  74  9830.  -0.6   7.3   0.590   3.3   0.0
   2 1984  75 11300.   0.1   8.2   0.600   4.8   0.0
   2 1984  76  8890.  -0.1   5.6   0.570   5.6   0.0
   2 1984  77  9990.  -0.7   6.0   0.530   5.8   0.0
   2 1984  78 11210.  -0.9   6.4   0.500   5.8   0.0
   2 1984  79 11180.  -2.5   7.0   0.470   4.1   0.0
   2 1984  80 12840.  -4.0   8.2   0.410   2.7   0.0
   2 1984  81 12300.  -4.2   8.5   0.460   2.8   0.0
   2 1984  82 11320.  -2.7   7.3   0.480   2.6   0.0
   2 1984  83 10040.  -4.0  10.0   0.510   1.7   0.0
   2 1984  84  3450.   1.5  11.5   0.600   6.2   2.1
   2 1984  85 10580.   0.2  10.8   0.720   4.3   0.3
   2 1984  86  4520.   4.9  11.2   0.850   5.6   1.8
   2 1984  87  8180.   4.6  10.0   0.840   5.5   6.9
   2 1984  88  8350.   5.4  11.0   0.940   5.4   7.1
   2 1984  89  2840.   1.8   7.9   0.780   3.7   3.1
   2 1984  90 15030.  -0.9   8.6   0.670   2.0   0.0
   2 1984  91  7270.  -0.5   6.2   0.630   3.0   1.6
   2 1984  92 13120.  -0.3   5.9   0.530   5.4   0.0
   2 1984  93 10380.  -0.3   6.6   0.500   5.3   0.0
   2 1984  94  6790.  -0.2   4.4   0.620   4.0   0.7
   2 1984  95  4300.   2.2   5.2   0.680   2.1   0.6
   2 1984  96  1660.   1.4   5.0   0.740   2.8   5.5
   2 1984  97 11180.   0.7   8.6   0.690   3.4   0.0
   2 1984  98  6250.   2.0   8.2   0.790   1.2   1.7
   2 1984  99  4480.   1.0   6.9   0.760   3.3   0.0
   2 1984 100  9030.   1.6   8.8   0.780   2.3   1.7
   2 1984 101  9630.   1.2   8.9   0.750   2.1   0.0
   2 1984 102 11260.  -0.3  10.9   0.770   3.2   1.4
   2 1984 103 18160.   0.6  10.4   0.750   3.2   0.0
   2 1984 104 15110.   0.0  12.9   0.640   2.2   0.0
   2 1984 105 17530.   0.9  16.4   0.730   2.6   0.0
   2 1984 106  9820.   3.8  16.4   0.880   4.6   0.4
   2 1984 107 15030.   0.2  10.6   0.730   3.8   0.3
   2 1984 108 19580.   1.4  11.0   0.670   1.7   0.0
   2 1984 109 13520.  -0.3  12.7   0.670   1.2   0.0
   2 1984 110 14330.   1.4  15.3   0.660   1.6   0.0
   2 1984 111 12670.   3.5  16.8   0.760   1.6   0.0
   2 1984 112 16880.   2.2  20.2   0.790   1.5   0.0
   2 1984 113 16460.   4.6  21.0   0.920   3.4   0.0
   2 1984 114 20410.   3.1  16.4   0.780   4.6   0.0
   2 1984 115 20830.   4.0  19.1   0.820   3.8   0.0
   2 1984 116 21510.   4.0  19.5   0.800   3.0   0.0
   2 1984 117 21570.   1.8  17.8   0.930   4.1   0.0
   2 1984 118 23590.   3.3  14.8   0.550   4.4   0.0
   2 1984 119 22700.   3.2  14.6   0.690   4.0   0.0
   2 1984 120 22210.   0.2  14.2   0.580   4.0   0.0
   2 1984 121 16990.   2.1  17.1   0.850   3.8   1.2
   2 1984 122  6620.   4.4  11.8   0.990   4.4   0.6
   2 1984 123 14680.   3.4  13.2   0.960   2.2   0.0
   2 1984 124 12680.   5.0  15.1   1.120   1.9   0.6
   2 1984 125 10410.   5.0  16.1   1.170   1.2   0.6
   2 1984 126 15580.   5.4  18.1   1.180   3.7   0.1
   2 1984 127  7430.   4.3  11.8   0.880   6.6   0.1
   2 1984 128 15460.   3.4  11.8   0.710   5.2   0.2
   2 1984 129 21470.   2.0  12.9   0.700   5.3   0.1
   2 1984 130 11590.   1.9  10.3   0.740   3.0   2.0
   2 1984 131  7790.   1.2   9.6   0.790   3.2   0.1
   2 1984 132 10810.   4.5  10.3   0.770   6.1   0.0
   2 1984 133 23470.   3.3  14.1   0.620   6.8   0.0
   2 1984 134 20280.   6.2  15.9   0.710   6.1   0.0
   2 1984 135 16190.   4.6  17.6   0.750   4.3   0.0
   2 1984 136  8930.   7.9  15.8   1.100   2.5   0.9
   2 1984 137 12500.   4.2  16.3   1.180   2.1   2.8
   2 1984 138  3240.   8.1  12.2   1.180   2.0  17.6
   2 1984 139 15420.   6.9  14.6   1.150   2.2   0.0
   2 1984 140 19910.   6.1  13.1   0.980   3.3   0.0
   2 1984 141 10870.   7.7  16.4   1.160   3.5   6.1
   2 1984 142  2580.   7.1  13.4   1.290   3.7  24.4
   2 1984 143  8740.   8.6  14.9   1.130   3.3   1.0
   2 1984 144  3550.   7.4  11.0   1.140   3.6  13.5
   2 1984 145 13320.   9.9  15.6   1.230   4.3   0.0
   2 1984 146  5330.   8.8  11.7   1.140   3.1   0.1
   2 1984 147 10940.   8.6  13.3   1.110   2.1   0.5
   2 1984 148  6650.   9.1  14.5   1.280   1.9   4.9
   2 1984 149 11000.   7.1  14.7   1.240   3.5   0.0
   2 1984 150  4770.   9.6  14.6   1.340   3.6   1.8
   2 1984 151 11650.  11.4  18.3   1.370   3.6   0.1
   2 1984 152 24570.   8.7  19.9   1.160   2.4   0.0
   2 1984 153 15500.   8.1  19.7   1.310   1.9   4.9
   2 1984 154 19010.   9.7  18.1   1.280   3.6   1.3
   2 1984 155  9970.  11.5  20.9   1.420   4.2   1.9
   2 1984 156  3660.   9.8  12.9   1.220   4.2  16.7
   2 1984 157  8980.   6.0  14.4   1.130   2.3   0.0
   2 1984 158 17180.   5.6  16.5   1.190   5.6   0.1
   2 1984 159  4460.  10.0  13.0   1.350   2.4   5.0
   2 1984 160  8940.   8.4  13.3   1.200   3.7   0.0
   2 1984 161 21660.  10.1  14.7   1.150   4.9   0.2
   2 1984 162 22920.   9.9  17.2   1.120   2.7   0.0
   2 1984 163 25530.   8.3  15.1   1.030   2.8   0.0
   2 1984 164 23830.   6.3  19.1   1.170   2.5   0.0
   2 1984 165  8210.  11.7  17.1   1.420   5.4   0.0
   2 1984 166 12860.  11.4  17.2   1.390   5.2   9.9
   2 1984 167 18570.  11.2  15.3   1.150   4.6   0.0
   2 1984 168 10220.  10.8  14.4   1.180   1.9   0.0
   2 1984 169 16600.  10.3  17.8   1.290   1.7   0.0
   2 1984 170 24420.   7.7  20.6   1.360   1.5   0.0
   2 1984 171 24740.   9.4  23.0   1.560   1.6   0.0
   2 1984 172 22920.  11.0  25.2   1.680   1.5   0.0
   2 1984 173 21180.   6.8  20.2   1.390   4.0   0.0
   2 1984 174  6740.   6.5  17.4   1.290   5.5   7.3
   2 1984 175 18210.  10.1  15.2   0.970   6.2   0.3
   2 1984 176 14280.   9.6  14.0   0.950   5.3   0.8
   2 1984 177 10210.   9.2  15.7   1.230   5.6   6.2
   2 1984 178 18870.  11.2  17.1   1.220   4.7   0.0
   2 1984 179 16120.   9.7  17.8   1.380   3.9   0.0
   2 1984 180 16430.   7.9  14.5   1.040   4.5   0.3
   2 1984 181 17040.   8.2  15.3   0.980   4.3   4.4
   2 1984 182 17550.   6.4  14.5   1.020   4.4   1.8
   2 1984 183 25870.   5.7  16.2   1.020   2.1   0.0
   2 1984 184  9170.  10.2  15.5   1.180   3.2   3.1
   2 1984 185 11320.  10.9  14.3   1.220   6.1   2.2
   2 1984 186 11200.  10.7  13.7   1.200   4.0   1.4
   2 1984 187  7970.  11.2  14.1   1.200   4.1   0.0
   2 1984 188 15940.   7.7  15.3   1.170   1.7   0.0
   2 1984 189 24290.   7.2  22.3   1.420   1.7   0.0
   2 1984 190 25420.  11.1  26.4   1.530   2.7   0.0
   2 1984 191 22060.  12.5  27.9   1.770   2.8  16.2
   2 1984 192 16400.  11.1  23.7   1.750   2.3  20.8
   2 1984 193 12040.  14.6  21.0   1.820   2.5  10.1
   2 1984 194 14030.  14.1  20.2   1.540   3.8   0.2
   2 1984 195 16490.  13.5  18.7   1.470   4.9   0.9
   2 1984 196  8430.  10.1  16.7   1.470   2.8   3.6
   2 1984 197  8910.  11.0  16.6   1.350   1.8   2.0
   2 1984 198 12170.  12.0  17.3   1.320   5.5   5.5
   2 1984 199  9230.  11.6  15.9   1.280   4.3   1.3
   2 1984 200  7090.  12.9  18.7   1.550   3.5   0.5
   2 1984 201 11220.  12.6  16.2   1.340   3.2   1.0
   2 1984 202  9730.  12.9  16.3   1.390   3.1   0.0
   2 1984 203  9830.  11.0  16.1   1.290   3.0   0.0
   2 1984 204 20840.   8.3  17.7   1.210   2.6   0.0
   2 1984 205 19870.   8.7  18.7   1.230   1.5   0.0
   2 1984 206 22510.   7.0  18.7   1.240   1.9   0.0
   2 1984 207  6900.   5.2  16.4   1.300   2.0   0.0
   2 1984 208 12830.  13.2  18.1   1.400   4.7   1.4
   2 1984 209 12840.  12.6  18.7   1.410   4.7   0.0
   2 1984 210  6940.  13.7  18.9   1.660   3.5   0.2
   2 1984 211 22500.  12.9  23.6   1.690   2.1   0.0
   2 1984 212 21730.  13.4  29.1   1.760   2.8   0.0
   2 1984 213 16820.  15.9  27.5   1.930   3.1   2.5
   2 1984 214 16870.  10.3  20.9   1.630   2.4   0.0
   2 1984 215  8980.   9.5  19.2   1.600   2.5   0.2
   2 1984 216 11280.  12.9  22.0   1.760   2.5   0.0
   2 1984 217 20180.  11.6  22.7   1.530   2.2   0.0
   2 1984 218 12780.  13.4  21.1   1.590   2.4   4.6
   2 1984 219 14360.   9.2  18.8   1.290   3.8   0.0
   2 1984 220 13080.  11.4  21.5   1.390   2.9   2.2
   2 1984 221 19240.  11.2  22.0   1.490   3.3   0.1
   2 1984 222 20710.  12.5  21.3   1.500   4.1   0.0
   2 1984 223 14140.   9.2  18.8   1.340   3.7   0.0
   2 1984 224  9270.   8.8  17.7   1.500   3.0   0.0
   2 1984 225 17650.  12.5  23.2   1.730   2.5   0.0
   2 1984 226 18120.  13.3  24.2   1.680   2.2   0.0
   2 1984 227 20820.  11.0  22.1   1.510   2.5   0.0
   2 1984 228 11140.   7.1  19.1   1.450   1.0   0.8
   2 1984 229 17440.  10.3  21.2   1.520   2.0   0.1
   2 1984 230 20170.   8.1  20.2   1.300   1.7   0.0
   2 1984 231 16290.   6.9  23.8   1.400   1.2   0.0
   2 1984 232 18140.  13.1  26.6   1.590   1.8   0.0
   2 1984 233 18360.  13.9  24.9   1.700   2.7   0.0
   2 1984 234 20630.  14.2  25.1   1.730   3.3   0.0
   2 1984 235 19090.  14.1  28.4   1.520   3.1   0.1
   2 1984 236 15610.  13.7  28.6   1.780   1.5   0.0
   2 1984 237 15040.  15.3  26.5   1.680   2.7   0.0
   2 1984 238 13640.  15.3  26.3   1.750   2.7   0.0
   2 1984 239 10270.   9.5  21.5   1.680   2.1   0.0
   2 1984 240 15570.   7.7  21.6   1.470   1.5   0.0
   2 1984 241 17320.  10.1  23.4   1.530   1.8   0.1
   2 1984 242  7520.  14.1  20.8   1.660   3.5   0.8
   2 1984 243  8750.  14.4  22.4   1.800   5.4   0.0
   2 1984 244  8430.  15.4  21.8   1.820   5.3   0.0
   2 1984 245  8540.  14.8  21.6   1.750   4.4   0.0
   2 1984 246 14400.  14.0  24.6   1.670   2.4   0.0
   2 1984 247  9100.  16.3  22.7   1.740   6.4   0.4
   2 1984 248  7240.  10.8  20.1   1.440   6.2   3.2
   2 1984 249 11820.   8.4  16.0   1.010   3.2   0.4
   2 1984 250 13650.   8.1  17.0   0.970   3.7   0.0
   2 1984 251  1820.   9.4  12.7   1.260   3.3  11.5
   2 1984 252  8220.   9.0  16.2   1.260   2.7   2.1
   2 1984 253  5640.  10.2  17.2   1.350   5.1  13.2
   2 1984 254  9780.  10.1  16.9   1.290   6.7  16.7
   2 1984 255  5200.  10.8  15.6   1.330   4.2   4.0
   2 1984 256  8330.   9.6  15.8   1.200   3.0   0.1
   2 1984 257 12770.   6.5  19.1   1.460   1.8   0.1
   2 1984 258  4860.  13.7  19.1   1.710   2.0  28.3
   2 1984 259  2520.  13.2  16.0   1.600   3.3   0.5
   2 1984 260 11890.  11.8  18.5   1.430   3.3   0.0
   2 1984 261  9690.   7.9  18.1   1.390   2.8   0.9
   2 1984 262  7070.  10.2  18.6   1.480   2.0   1.0
   2 1984 263  5290.   9.8  16.3   1.300   3.9   0.1
   2 1984 264  5050.   8.3  15.2   1.340   4.6   7.0
   2 1984 265  7960.   8.0  15.0   1.160   4.6   1.1
   2 1984 266  7220.   7.3  13.1   1.090   4.5   6.9
   2 1984 267  9150.   6.3  15.2   1.080   2.0   0.1
   2 1984 268  6370.   4.6  13.5   1.100   1.8   0.5
   2 1984 269  2580.   7.6  11.7   1.160   3.5  16.0
   2 1984 270  9070.   7.0  14.8   1.190   3.8   5.4
   2 1984 271  7490.   5.2  15.1   1.200   1.8   0.0
   2 1984 272  7430.   6.8  16.8   1.220   2.2   0.0
   2 1984 273  6580.   7.3  17.9   1.440   1.7   7.3
   2 1984 274  4010.   9.4  14.8   1.370   3.5   2.1
   2 1984 275  2020.   9.9  14.9   1.340   3.1  15.6
   2 1984 276  6200.   5.3  14.1   1.170   3.4   4.6
   2 1984 277  9220.   4.6  15.1   1.050   2.2   0.8
   2 1984 278 10800.   5.3  15.4   1.040   3.3   0.1
   2 1984 279  1030.   8.7  10.7   1.160   4.0   6.6
   2 1984 280  9000.   8.1  14.2   1.150   4.9   6.7
   2 1984 281  5160.   6.8  13.1   1.110   4.2   1.4
   2 1984 282  2560.   8.4  15.3   1.360   4.3   1.1
   2 1984 283  4680.   7.2  15.7   1.400   3.3   4.4
   2 1984 284  1740.   5.4  14.7   1.360   1.7   2.9
   2 1984 285  8750.   8.0  15.2   1.260   3.1   0.8
   2 1984 286  6770.   5.7  14.6   1.170   2.2   0.0
   2 1984 287  4120.   6.1  14.8   1.300   3.4   0.0
   2 1984 288  3390.  10.3  16.1   1.380   3.3   0.0
   2 1984 289  4110.  10.8  15.6   1.490   1.5   0.1
   2 1984 290  1800.   8.8  15.1   1.470   1.4   0.1
   2 1984 291  4890.   6.9  15.0   1.250   3.3   0.2
   2 1984 292  1790.  10.3  13.3   1.170   6.7   2.1
   2 1984 293  5060.   9.6  13.8   1.210   6.2  10.5
   2 1984 294  4770.   8.5  12.7   0.990   8.2   7.6
   2 1984 295  4360.   6.3  12.3   0.960   5.9   0.6
   2 1984 296   750.   7.2  14.8   1.250   7.6  15.6
   2 1984 297  2570.   9.4  14.7   1.290   4.6   5.4
   2 1984 298  6670.   8.6  13.4   1.040   4.2   0.1
   2 1984 299  5290.  10.5  15.3   1.210   6.6   6.4
   2 1984 300  6450.   5.1  12.6   0.950   3.9   0.0
   2 1984 301  7140.   1.4  12.6   0.840   1.5   0.1
   2 1984 302  3150.   1.2  11.1   0.880   3.4   0.1
   2 1984 303  1470.   9.9  13.9   1.430   4.5   0.0
   2 1984 304  6420.   9.1  18.3   1.290   2.9   0.0
   2 1984 305  5990.   6.6  15.9   1.120   1.8   0.1
   2 1984 306  5880.   7.8  16.7   1.220   2.8   0.2
   2 1984 307  5960.   6.2  15.5   1.040   2.3   0.1
   2 1984 308  2590.   5.3  11.0   0.930   3.3   0.0
   2 1984 309  4950.   4.0  10.1   0.840   5.3   0.0
   2 1984 310  4090.   3.8  11.0   0.830   2.2   0.2
   2 1984 311  1490.   5.8  11.3   1.060   2.3   1.2
   2 1984 312  1150.   3.7  10.6   1.030   1.7   2.1
   2 1984 313  2120.   5.5  13.2   1.030   3.4   0.1
   2 1984 314  2690.   7.1  13.1   0.980   3.9   0.1
   2 1984 315  3590.   6.5  14.2   1.050   2.2   0.0
   2 1984 316  3070.   6.1  12.7   1.040   2.2   0.0
   2 1984 317  4480.   4.0  11.8   0.910   2.7   0.0
   2 1984 318  3090.   1.9  10.8   0.880   1.9   0.0
   2 1984 319  3080.   1.8   8.0   0.750   2.7   0.0
   2 1984 320  2540.  -0.1   3.2   0.590   3.6   1.2
   2 1984 321  1760.   0.2   3.4   0.590   5.8   1.6
   2 1984 322   980.  -0.3   1.1   0.570   5.0   6.2
   2 1984 323  1390.   1.0   6.6   0.790   2.9   0.3
   2 1984 324  2960.   3.5   7.4   0.830   2.4   0.1
   2 1984 325  2130.   4.6   8.7   0.890   3.0   0.5
   2 1984 326  1950.   5.9  10.3   0.970   5.1  11.8
   2 1984 327   990.   7.4  13.7   1.190   7.2  18.1
   2 1984 328  2670.   8.5  13.8   1.090   9.0  21.1
   2 1984 329  3260.   8.5  13.3   0.980   7.9   2.6
   2 1984 330  2180.   5.3  10.2   0.960   4.2   0.5
   2 1984 331  3640.   3.7   9.3   0.840   3.0   1.0
   2 1984 332  2020.   2.7   6.6   0.740   5.6   0.0
   2 1984 333  2560.   6.4   9.3   0.840   6.4   0.0
   2 1984 334  1930.   6.0   9.9   0.990   4.6   0.0
   2 1984 335  3150.   5.0  11.2   0.800   4.3   0.0
   2 1984 336  3530.   3.3  13.2   0.790   4.6   0.0
   2 1984 337  2260.   0.0   7.4   0.760   2.0   0.0
   2 1984 338  3540.   2.7   8.5   0.740   3.4   0.0
   2 1984 339  2560.   0.3   6.1   0.730   3.3   0.0
   2 1984 340  1980.   5.9   9.1   0.860   4.2   0.0
   2 1984 341  1370.   3.0   7.8   0.860   4.8   0.7
   2 1984 342  2690.   0.2   5.3   0.750   4.2   0.2
   2 1984 343   680.   0.0   7.2   0.770   3.2   0.2
   2 1984 344  3140.   5.0   9.5   0.910   4.5   1.5
   2 1984 345  2440.   6.5  10.2   1.000   5.2   0.0
   2 1984 346  1120.   7.3   9.2   1.000   2.5   0.0
   2 1984 347  1550.   7.1   8.4   0.920   3.0   0.0
   2 1984 348  2780.   2.2   8.1   0.820   3.1   0.0
   2 1984 349  1150.   1.4   9.1   0.830   3.7   2.8
   2 1984 350  1510.   1.7   5.2   0.750   3.0   0.0
   2 1984 351   580.   1.8   4.6   0.740   3.8   1.3
   2 1984 352   770.   1.0   8.2   0.760   4.0   4.5
   2 1984 353  1520.   0.9   5.7   0.690   3.1   0.0
   2 1984 354   500.   1.2   7.6   0.800   6.4   0.8
   2 1984 355   330.   7.3   8.7   1.060   5.7  14.3
   2 1984 356  2330.   3.3   9.2   0.770   4.9   3.1
   2 1984 357  2080.   1.6   5.3   0.720   4.4   0.0
   2 1984 358   700.   2.7   5.4   0.730   6.2   0.7
   2 1984 359   870.   4.0   5.6   0.780   5.7   0.7
   2 1984 360  2100.   1.5   6.9   0.730   3.7   0.2
   2 1984 361   990.  -1.2   5.3   0.690   3.8   1.6
   2 1984 362   960.  -1.4   2.6   0.650   1.8   0.0
   2 1984 363  1580.  -1.0   2.2   0.580   1.2   0.0
   2 1984 364  2470.  -2.4   2.2   0.600   0.7   0.0
   2 1984 365   610.  -1.0   1.6   0.590   2.1   0.0
   2 1984 366   280.  -1.3   3.6   0.610   4.7   4.1
