*---------------------------------------------------------------------------*
* Station name: Swifterbant, Netherlands
* Year: 1980
* Author: Peter Uithol                                     -99.000: NIL VALUE
* Source: Natuur- en Weerkunde (J.G. Krom)
* Comments: Measured vapour pressure at day 155 was 1.44 kPa
*           this was above saturated vapour pressure 1.38 kPa
*           so the measured vapour pressure was substituted
*           with the saturated vapour pressure.
*
* Longitude: 5 38 E, latitude: 52 34 N, altitude: -4 m.
*
* Column  Daily value
* 1       station number
* 2       year
* 3       day
* 4       irradiation                   (kJ m-2 d-1)
* 5       minimum temperature           (degrees Celsius)
* 6       maximum temperature           (degrees Celsius)
* 7       early morning vapour pressure (kPa)
* 8       mean wind speed (height: 2 m) (m s-1)
* 9       precipitation                 (mm d-1)
*
** WCCDESCRIPTION=Netherlands, Swifterbant
** WCCFORMAT=2
** WCCYEARNR=1980
*---------------------------------------------------------------------------*
   5.63  52.57    -4.  -0.18 -0.55
   2 1980   1  2480.  -0.1   3.6   0.580   4.1   1.5
   2 1980   2  2850.  -3.5   2.3   0.540   3.0   0.5
   2 1980   3  2000.  -7.5  -0.2   0.490   2.4   0.0
   2 1980   4   530.  -0.7   2.2   0.620   6.3   4.0
   2 1980   5  1020.   1.0   4.5   0.730   4.6   3.6
   2 1980   6  1050.   3.0   6.0   0.800   2.7   8.2
   2 1980   7  1000.   2.0   3.7   0.720   2.5   0.2
   2 1980   8   790.  -1.8   2.2   0.560   4.6   0.0
   2 1980   9   760.  -2.2   0.0   0.530   2.9   0.0
   2 1980  10  1660.  -2.7  -0.9   0.500   3.6   0.0
   2 1980  11   730.  -6.3  -1.7   0.370   3.5   0.0
   2 1980  12  3350.  -7.2  -3.1   0.320   4.8   0.0
   2 1980  13  3410. -10.6  -3.4   0.310   2.7   0.0
   2 1980  14  1420. -10.8  -1.5   0.360   2.4   0.0
   2 1980  15   820.  -8.9  -2.8   0.410   1.5   0.0
   2 1980  16  1750.  -4.7  -1.7   0.470   2.8   0.0
   2 1980  17  3640.  -6.6  -0.7   0.450   3.4   0.0
   2 1980  18  2670.  -7.7  -4.3   0.390   3.7   0.0
   2 1980  19  3030.  -8.9  -0.6   0.370   2.9   0.0
   2 1980  20  1210.  -7.5   0.6   0.470   2.8   0.0
   2 1980  21  1890.  -2.2   3.7   0.590   6.9   1.6
   2 1980  22  1130.   1.9   4.3   0.680   7.0   0.0
   2 1980  23   970.   1.2   3.9   0.670   4.8   2.3
   2 1980  24  1200.   0.3   2.8   0.670   3.8   0.2
   2 1980  25  1920.  -0.5   4.8   0.660   3.6   0.7
   2 1980  26  2150.  -1.6   2.1   0.580   3.2   0.3
   2 1980  27  4700.  -1.5   3.7   0.560   3.1   0.0
   2 1980  28   880.  -0.8   0.3   0.550   3.0   3.3
   2 1980  29  1700.  -0.4   1.7   0.600   3.8   1.2
   2 1980  30  2940.   1.2   7.7   0.780   6.3   0.3
   2 1980  31  3320.   1.3   9.8   0.840   4.3  10.6
   2 1980  32  5570.  -1.7   2.8   0.480   4.9   0.0
   2 1980  33   470.  -1.4   5.2   0.670   4.9   7.8
   2 1980  34   870.   0.5   4.7   0.670   3.4   5.8
   2 1980  35  1950.  -0.7   1.6   0.570   4.3   1.7
   2 1980  36   740.   0.5   8.1   0.910   4.2   8.0
   2 1980  37   830.   5.2   6.8   0.890   2.6   1.1
   2 1980  38  1540.   3.9   9.2   0.870   4.4   0.9
   2 1980  39  2080.   2.9   9.4   0.890   4.2   1.0
   2 1980  40  4010.   4.8  11.1   0.850   2.6   0.0
   2 1980  41  3360.   2.4   8.6   0.830   4.3   0.6
   2 1980  42  2520.   1.0   7.4   0.790   3.5   0.9
   2 1980  43  2090.   0.2   7.6   0.790   2.5   0.0
   2 1980  44  3450.  -0.7   7.8   0.780   2.2   0.5
   2 1980  45  4090.  -1.5   5.1   0.660   1.7   0.0
   2 1980  46  2000.   1.8   6.4   0.800   3.9   1.8
   2 1980  47  2270.   3.7   6.7   0.860   2.0   0.0
   2 1980  48  2860.   2.7   7.1   0.800   1.8   0.0
   2 1980  49  5510.  -0.4   8.5   0.700   3.0   0.0
   2 1980  50  8200.  -1.6   5.9   0.540   4.1   0.0
   2 1980  51  7950.  -1.4   7.2   0.550   4.0   0.0
   2 1980  52  8500.  -1.7   9.0   0.570   2.4   0.0
   2 1980  53  8220.  -2.1  10.0   0.580   2.7   0.0
   2 1980  54  4420.   0.1   8.1   0.640   2.6   0.0
   2 1980  55  6110.  -1.9   8.0   0.620   2.4   0.0
   2 1980  56  4860.  -2.2   4.8   0.610   1.7   0.0
   2 1980  57  2650.   1.2   2.7   0.640   3.4   0.0
   2 1980  58  2290.   1.2   4.0   0.550   2.3   0.0
   2 1980  59  3170.   1.3   5.6   0.650   2.7   0.0
   2 1980  60  2990.   3.9   7.7   0.840   4.0   0.0
   2 1980  61 10140.  -0.5   8.5   0.730   4.5   0.0
   2 1980  62  3480.  -1.1   7.8   0.640   4.3   0.0
   2 1980  63  8430.   0.1   5.4   0.580   4.9   1.1
   2 1980  64  3210.  -2.2   6.6   0.680   2.6   1.1
   2 1980  65  8510.  -1.9   7.2   0.580   3.7   0.0
   2 1980  66  3140.   0.1   7.1   0.750   5.7   3.2
   2 1980  67  4290.   4.8   8.1   0.830   6.2   3.9
   2 1980  68  7770.   0.8   9.8   0.730   2.7   0.0
   2 1980  69  2640.  -1.9   4.9   0.690   1.0   0.0
   2 1980  70  4490.   3.3   8.1   0.780   2.1   1.0
   2 1980  71  2590.   2.5   5.7   0.770   2.2   0.1
   2 1980  72  2430.   2.3   6.8   0.850   5.9   9.4
   2 1980  73  4630.   5.3   8.0   0.880   3.9   6.2
   2 1980  74  4310.   1.0   5.4   0.660   6.9   0.0
   2 1980  75  2540.   0.5   3.2   0.630   5.9   0.0
   2 1980  76  5360.   0.9   6.3   0.700   2.6   0.0
   2 1980  77  3750.   3.4   6.9   0.740   2.4   0.0
   2 1980  78  7190.  -0.6   4.9   0.590   8.5   0.0
   2 1980  79 11090.  -2.7   3.8   0.400   9.0   0.0
   2 1980  80 14560.  -4.7   2.6   0.330   7.5   0.0
   2 1980  81  9210.  -5.1   1.7   0.370   5.4   0.0
   2 1980  82  4680.  -3.8   4.1   0.550   2.0   0.3
   2 1980  83  8830.  -5.1   6.9   0.560   2.5   0.0
   2 1980  84 12880.  -1.7  11.3   0.600   3.3   0.0
   2 1980  85 11270.  -1.3  13.3   0.710   3.0   1.3
   2 1980  86  7840.  -0.7  11.1   0.770   2.1   0.1
   2 1980  87  3660.   4.4  13.6   1.110   4.7   2.4
   2 1980  88  5100.   6.5  14.0   1.040   4.8   3.9
   2 1980  89  2510.   4.6   8.0   0.810   9.3   5.5
   2 1980  90 14220.   1.2   9.3   0.740   5.6   2.0
   2 1980  91 11190.  -0.1  11.4   0.770   2.6   0.0
   2 1980  92  5140.   5.6  12.6   1.070   4.0  13.1
   2 1980  93 11960.   4.6   9.3   0.780   7.3   3.3
   2 1980  94  9200.   3.4   7.8   0.710   7.4   2.6
   2 1980  95 14400.   1.5   8.4   0.640   5.6   0.0
   2 1980  96 17410.  -1.5   9.0   0.680   2.4   0.0
   2 1980  97 15270.   1.6  10.2   0.760   2.7   0.0
   2 1980  98  7710.  -0.2   9.8   0.750   3.0   0.0
   2 1980  99  7230.   3.4   7.1   0.700   7.2   0.8
   2 1980 100 13960.   3.5   7.9   0.650   6.3   0.5
   2 1980 101  8990.   1.2   8.2   0.790   4.0   0.0
   2 1980 102 12000.   2.5  12.5   0.750   0.9   0.0
   2 1980 103 18400.   0.3  14.8   0.710   3.3   0.0
   2 1980 104 18380.   3.1  19.5   0.860   3.5   0.0
   2 1980 105 17630.   3.1  21.6   0.970   1.8   0.0
   2 1980 106 18510.   3.8  21.0   1.130   1.8   0.0
   2 1980 107 17520.   3.2  21.3   1.180   1.6   0.0
   2 1980 108 15670.   2.7  14.7   0.970   4.3   0.0
   2 1980 109  3210.   2.3   9.9   0.920   4.6   1.0
   2 1980 110 12790.   1.1   9.6   0.680   9.3   3.6
   2 1980 111 14310.   2.3   7.8   0.670   8.0  12.3
   2 1980 112 15550.   2.2   9.2   0.700   4.9   0.0
   2 1980 113  9680.   0.3   7.9   0.680   2.3   0.0
   2 1980 114 20280.  -1.6   9.1   0.790   3.5   0.0
   2 1980 115 14380.   4.2  11.0   0.780   7.2   0.0
   2 1980 116  3740.   4.2   8.7   0.910   5.3   3.2
   2 1980 117 11960.   3.5  12.1   0.830   3.3   0.3
   2 1980 118 20340.   1.9  12.4   0.900   3.5   0.0
   2 1980 119  4040.   5.7   8.1   0.870   4.0   0.6
   2 1980 120 15700.   5.9   9.4   0.870   2.9   0.0
   2 1980 121 17610.   2.6  16.3   0.880   4.3   0.0
   2 1980 122 19730.   6.5  17.6   0.900   5.9   0.0
   2 1980 123 20910.   4.5  14.2   0.770   7.7   0.0
   2 1980 124 24130.   1.9  12.5   0.600   7.6   0.0
   2 1980 125 20790.   1.2  12.7   0.570   4.7   0.0
   2 1980 126 19760.   1.1  11.4   0.600   5.7   0.0
   2 1980 127 16950.   3.1  16.0   0.780   3.4   0.2
   2 1980 128 11950.   5.8  14.2   0.970   2.0   1.4
   2 1980 129 10350.   1.8  10.1   0.740   3.4   0.0
   2 1980 130 22410.   1.9  12.9   0.660   3.9   0.0
   2 1980 131 25840.  -0.2  16.7   0.820   3.3   0.0
   2 1980 132 25040.   2.9  19.5   1.090   4.5   0.0
   2 1980 133 24220.   5.3  22.0   1.120   5.3   0.0
   2 1980 134 25540.   6.7  20.3   0.680   6.6   0.0
   2 1980 135 26410.   5.8  18.6   0.600   6.2   0.0
   2 1980 136 25710.   4.5  18.4   0.770   4.5   0.0
   2 1980 137 21110.   5.9  18.1   0.840   2.6   0.0
   2 1980 138 19700.   5.3  19.5   0.940   2.3   0.0
   2 1980 139 22610.   6.5  23.1   1.010   2.6   0.0
   2 1980 140 25410.   6.8  21.6   1.010   2.1   0.0
   2 1980 141 21180.   5.6  23.5   0.920   2.2   0.0
   2 1980 142 24810.   7.8  20.3   1.100   5.1   0.0
   2 1980 143 26080.   4.4  13.6   0.630   6.3   0.0
   2 1980 144 13370.   2.8  14.1   0.920   3.1   1.1
   2 1980 145  8470.   9.1  13.2   1.110   4.2   0.4
   2 1980 146 13200.   7.3  14.8   1.080   3.4   1.3
   2 1980 147 12500.   8.2  17.0   1.100   2.6   0.0
   2 1980 148 14560.   6.7  20.2   1.210   1.7   0.0
   2 1980 149 13590.   8.8  19.8   1.050   1.6   1.8
   2 1980 150 16350.   6.5  18.0   1.140   3.2  12.1
   2 1980 151 20200.   3.1  14.5   0.920   4.3   0.2
   2 1980 152 15990.   2.5  17.6   0.940   2.3   1.3
   2 1980 153 21170.   6.1  18.1   0.960   3.6   1.7
   2 1980 154 26490.   4.6  18.9   1.010   3.6   0.0
-999 1980 155      1     1     1       3     1     1
   2 1980 155  9050.   5.2  18.4   1.380   2.7   0.1
-999 1980 156      1     1     1       1     1     1
   2 1980 156 14620.  11.7  20.8   1.540   1.8   0.0
   2 1980 157 24110.  10.1  24.0   1.510   2.3   0.0
   2 1980 158 21990.  11.5  27.3   1.660   3.3   0.0
   2 1980 159  5040.  10.4  16.3   1.490   3.6  30.0
   2 1980 160 20290.   6.6  20.1   1.280   2.1   0.0
   2 1980 161 22830.   8.8  22.1   1.300   3.4   0.0
   2 1980 162 10790.  13.4  19.5   1.640   1.9   0.0
   2 1980 163 12020.  10.7  21.8   1.580   2.2   0.3
   2 1980 164 23940.  10.5  21.5   1.400   3.0   0.0
   2 1980 165 19180.  13.3  25.8   1.660   3.0   0.2
   2 1980 166 16300.  15.5  28.5   1.780   4.3   1.5
   2 1980 167 15630.  12.3  21.2   1.390   3.1   1.0
   2 1980 168  9820.   9.8  19.5   1.450   3.7   3.3
   2 1980 169 13180.  10.9  17.8   1.290   3.6   1.8
   2 1980 170 19990.   9.0  19.0   1.290   3.5   0.0
   2 1980 171  7530.   8.2  17.7   1.290   4.5   0.4
   2 1980 172 11590.   9.8  15.3   1.100   6.0  13.3
   2 1980 173 15880.   9.7  16.7   1.150   4.5   5.0
   2 1980 174  9280.   8.3  15.2   1.130   3.0  11.4
   2 1980 175 15290.   8.4  16.2   1.170   3.6   8.2
   2 1980 176  9790.   8.7  15.8   1.220   3.7   7.5
   2 1980 177 14260.   6.5  16.8   1.180   2.7   5.3
   2 1980 178 15570.   4.5  15.7   1.140   2.0   0.3
   2 1980 179 20190.   7.8  15.7   1.060   3.8   1.7
   2 1980 180  8290.   7.8  14.2   1.180   2.8   4.0
   2 1980 181 11900.  10.5  15.8   1.200   5.2   2.6
   2 1980 182 11970.  11.4  15.8   1.180   4.8   6.7
   2 1980 183  6960.  11.1  16.5   1.350   3.2  19.9
   2 1980 184 16940.  12.4  17.3   1.590   5.6   0.2
   2 1980 185 13660.  12.3  16.7   1.480   4.0   0.0
   2 1980 186  9350.   9.1  17.1   1.360   2.4   0.7
   2 1980 187 13790.   8.2  17.4   1.310   3.7   1.8
   2 1980 188 16430.   8.4  19.3   1.360   1.9   6.6
   2 1980 189  8360.  10.6  17.7   1.470   3.5  17.4
   2 1980 190  7010.  12.4  17.1   1.520   1.9  12.7
   2 1980 191 12840.  11.5  18.0   1.490   2.3   0.1
   2 1980 192  8140.  14.0  17.4   1.640   4.2   7.9
   2 1980 193  6180.  10.7  14.8   1.250   3.4   0.1
   2 1980 194 18700.  10.8  16.9   1.250   4.4   2.3
   2 1980 195 17640.   8.8  17.3   1.200   2.8  17.2
   2 1980 196  6810.   9.2  18.7   1.430   4.0  14.9
   2 1980 197 19650.  12.4  17.3   1.260   5.1   0.6
   2 1980 198 10480.  11.1  15.2   1.170   5.9   0.7
   2 1980 199 15330.  10.5  18.2   1.120   3.7   0.0
   2 1980 200  9520.  11.7  17.8   1.460   5.1   3.6
   2 1980 201  3970.  14.3  16.9   1.620   5.2   7.3
   2 1980 202  8200.  12.8  18.3   1.410   3.8   5.7
   2 1980 203  8570.   8.0  14.9   1.260   7.3   1.4
   2 1980 204 22990.   6.4  20.8   1.150   1.9   0.0
   2 1980 205 24410.   8.3  23.6   1.330   2.4   0.0
   2 1980 206 22770.   9.5  21.0   1.490   2.7   0.0
   2 1980 207 21810.   8.9  24.5   1.660   3.2   0.0
   2 1980 208 21410.  14.9  27.5   1.860   3.5   0.0
   2 1980 209 18070.  15.5  23.3   1.760   2.3   0.0
   2 1980 210 14170.  14.3  22.5   1.950   2.3   0.0
   2 1980 211 17820.  16.2  23.8   1.970   4.8   0.0
   2 1980 212  4800.  10.9  19.2   1.660   2.8  22.4
   2 1980 213 19680.   9.9  23.8   1.490   1.8   0.0
   2 1980 214 17920.  12.8  24.7   1.580   2.5   0.4
   2 1980 215 20090.  13.3  26.0   1.780   2.0   0.0
   2 1980 216 16730.  14.0  28.3   1.980   3.5   0.1
   2 1980 217 11560.  13.8  22.2   1.700   4.6   0.1
   2 1980 218 12360.  16.8  20.8   1.610   6.3   0.5
   2 1980 219 14510.  16.0  20.8   1.540   5.6   0.0
   2 1980 220 12670.  14.9  22.0   1.760   3.3   0.0
   2 1980 221 11140.  10.2  19.0   1.530   3.4   2.9
   2 1980 222 13320.   8.9  18.7   1.260   1.4   0.0
   2 1980 223 19290.  10.7  21.1   1.300   1.2   0.0
   2 1980 224 11960.  10.3  23.2   1.620   2.7  11.5
   2 1980 225 11480.  12.5  17.9   1.470   4.4  10.8
   2 1980 226 13310.  12.5  19.5   1.520   3.0   0.0
   2 1980 227 11950.  15.3  22.1   1.840   2.7   0.0
   2 1980 228 19650.  13.4  25.2   1.690   3.6   0.8
   2 1980 229 15460.  13.7  23.7   1.930   2.0   0.0
   2 1980 230 15700.  14.7  23.8   1.830   1.6   0.0
   2 1980 231  9820.  15.8  21.8   1.710   2.0   0.0
   2 1980 232 14900.  12.8  20.5   1.440   3.1   0.0
   2 1980 233  9620.  13.9  21.7   1.710   6.3   0.2
   2 1980 234 15890.  13.9  19.5   1.340   7.9   0.8
   2 1980 235 13630.  11.6  16.8   1.140   6.6   6.6
   2 1980 236 10230.  10.7  15.0   1.120   5.3   6.1
   2 1980 237  9800.   8.4  15.3   1.100   3.8   3.4
   2 1980 238 18630.   7.5  17.1   1.090   1.9   0.0
   2 1980 239 19060.   6.4  20.1   1.130   2.6   0.0
   2 1980 240 16520.   7.3  24.8   1.420   1.4   0.0
   2 1980 241  5690.  10.5  19.1   1.630   3.2   0.0
   2 1980 242  8990.  15.5  20.5   1.760   3.9   0.9
   2 1980 243 10270.  13.3  19.1   1.570   5.5   7.9
   2 1980 244  7900.  12.0  17.1   1.440   4.9   1.0
   2 1980 245 15040.   7.8  18.5   1.260   1.8   0.4
   2 1980 246 16110.   6.3  20.2   1.170   2.1   0.0
   2 1980 247 16530.   7.9  22.0   1.220   2.1   0.0
   2 1980 248 10860.   9.0  21.2   1.500   2.0   0.0
   2 1980 249  6440.  11.7  18.8   1.440   2.4   0.0
   2 1980 250 14350.  10.9  19.6   1.380   3.9   0.2
   2 1980 251 15500.  10.9  22.5   1.410   3.4   0.0
   2 1980 252 13440.   9.9  22.3   1.480   2.8   0.2
   2 1980 253 11770.  10.2  17.5   1.220   4.2   4.2
   2 1980 254  3960.   8.6  16.4   1.360   5.9   4.8
   2 1980 255 11390.  10.5  18.0   1.340   5.6   2.5
   2 1980 256  8300.  13.1  18.9   1.440   6.4   1.3
   2 1980 257 12570.  12.5  16.5   1.190   7.2   0.0
   2 1980 258  7610.  12.6  17.9   1.370   5.6   0.0
   2 1980 259  9300.  11.4  18.4   1.390   2.4   0.0
   2 1980 260 12350.  10.2  20.2   1.450   2.7   0.0
   2 1980 261 12190.  11.8  18.2   1.410   4.3   1.1
   2 1980 262 13260.  11.9  19.6   1.350   2.9   0.0
   2 1980 263  8400.  11.1  23.2   1.640   2.4   0.0
   2 1980 264 11420.  13.7  25.2   1.770   2.3   0.0
   2 1980 265  6690.  14.9  23.3   1.760   1.6   0.0
   2 1980 266  5150.  11.3  20.5   1.680   1.7   0.7
   2 1980 267 10110.   8.7  21.4   1.420   1.9   0.0
   2 1980 268  3670.   7.1  17.3   1.410   1.8   1.0
   2 1980 269  6680.   5.8  17.6   1.170   1.1   0.0
   2 1980 270 11640.   5.2  17.6   1.080   1.6   0.0
   2 1980 271  8450.   6.1  18.9   1.290   2.3   0.0
   2 1980 272  8180.   8.8  21.4   1.470   1.8   0.0
   2 1980 273  5230.  10.0  17.5   1.390   1.7   0.0
   2 1980 274 10320.   9.3  16.6   1.250   4.0   0.0
   2 1980 275  8290.   4.0  17.2   1.160   4.0   0.7
   2 1980 276  8240.   9.6  15.6   1.060   3.7   0.0
   2 1980 277 10170.   3.7  16.2   0.930   1.7   0.0
   2 1980 278  4410.   3.7  13.8   1.010   3.3   0.4
   2 1980 279  7340.   3.4  15.5   0.950   2.9   0.8
   2 1980 280  2960.   0.9  14.3   1.250   5.7   5.7
   2 1980 281  7860.   7.6  14.4   1.050   8.1  20.3
   2 1980 282  6790.   6.6  12.6   0.990   6.4   3.7
   2 1980 283  6800.   4.1  12.7   0.910   4.2  18.1
   2 1980 284  9480.   3.8  12.4   0.860   3.8   0.0
   2 1980 285  4530.   4.5  10.2   0.850   5.9   0.0
   2 1980 286  9350.   3.8  12.3   0.930   2.8   0.0
   2 1980 287  9520.  -1.4  12.8   0.750   1.4   0.0
   2 1980 288  8100.  -1.1  12.6   0.810   1.1   0.0
   2 1980 289  5160.  -0.8  11.0   0.800   1.4   0.0
   2 1980 290  4190.   1.0  12.3   1.040   4.1   2.2
   2 1980 291  2720.   9.7  13.3   1.220   4.6   0.3
   2 1980 292  5550.   4.5  11.1   0.900   6.1   0.8
   2 1980 293  5230.   2.1  10.1   0.800   4.6   8.7
   2 1980 294  6440.   1.9  11.4   0.810   2.4   0.1
   2 1980 295  3430.   5.2  12.2   1.030   3.5   1.0
   2 1980 296  2810.   5.9  13.0   1.080   3.6   0.7
   2 1980 297  4620.   9.1  13.8   1.180   5.8   2.3
   2 1980 298  6670.   8.4  12.5   1.030   5.6   2.1
   2 1980 299  6390.   3.9  10.9   0.860   4.0   0.4
   2 1980 300  3880.   2.5  10.9   0.910   3.6   2.7
   2 1980 301  1470.   9.3  16.8   1.470   6.7   1.2
   2 1980 302  3300.  10.4  17.1   1.420   6.6   7.4
   2 1980 303  1840.   8.6  11.7   1.010   7.2   3.0
   2 1980 304  5680.   1.1  10.6   0.760   3.2   0.2
   2 1980 305  5100.  -1.2   7.5   0.670   2.7   0.0
   2 1980 306  6830.  -1.4   5.2   0.490   5.1   0.0
   2 1980 307  6620.  -4.2   0.8   0.390   5.4   0.0
   2 1980 308  6150.  -5.4  -0.5   0.380   5.6   0.0
   2 1980 309  3140.  -5.6   1.9   0.470   4.2   0.0
   2 1980 310  4600.  -3.0   2.1   0.450   6.4   0.0
   2 1980 311  2430.  -1.4   1.7   0.510   6.8   0.3
   2 1980 312  2790.  -0.7   0.2   0.580   4.1   4.0
   2 1980 313  3550.  -4.0  -0.1   0.550   2.0   0.0
   2 1980 314  4940.  -5.9   4.3   0.540   1.8   0.0
   2 1980 315  4090.  -5.2   5.5   0.620   1.7   0.0
   2 1980 316  1630.   0.9   4.7   0.690   3.8   7.3
   2 1980 317  4270.   0.1   6.7   0.680   3.3   0.0
   2 1980 318  2240.  -0.2   7.6   0.750   3.6   0.0
   2 1980 319  1200.   5.1   7.6   0.810   6.3   5.7
   2 1980 320   710.   6.1  13.5   1.090   7.8  11.9
   2 1980 321  1420.   9.3  13.7   1.220   5.8   3.6
   2 1980 322  1470.   9.5  13.9   1.230   7.1   2.9
   2 1980 323  1200.   5.0  12.2   0.830   8.4   3.0
   2 1980 324  2110.   3.9  10.6   0.940   3.3   2.4
   2 1980 325  3240.   7.9  11.9   1.060   5.0   0.0
   2 1980 326  2650.  10.1  12.4   1.120   5.9   0.0
   2 1980 327   830.  10.7  12.5   1.220   6.1   6.5
   2 1980 328   350.  11.6  13.0   1.320   5.7   8.4
   2 1980 329   890.  11.5  13.6   1.340   5.8   4.5
   2 1980 330  1550.   5.5  11.6   0.940   3.6   1.5
   2 1980 331  2460.   0.0   6.7   0.680   2.5   1.7
   2 1980 332  1160.   0.8   5.5   0.670   5.0   4.8
   2 1980 333  2040.   0.7   5.7   0.660   4.1   7.3
   2 1980 334  3220.  -0.2   2.4   0.530   7.0   0.0
   2 1980 335  3890.  -3.1  -0.1   0.390   4.7   0.0
   2 1980 336  3680.  -5.9   1.0   0.440   2.3   0.0
   2 1980 337  1240.  -0.7   4.5   0.630   4.1   1.4
   2 1980 338  3020.  -0.3   3.7   0.570   3.7   0.2
   2 1980 339  2110.  -1.7   4.3   0.620   2.6   3.2
   2 1980 340   490.  -2.7   5.4   0.620   4.0   2.5
   2 1980 341  2810.  -2.0   3.4   0.520   4.1   0.4
   2 1980 342  3430.  -7.3  -0.6   0.450   1.8   0.2
   2 1980 343  3220.  -6.5   2.4   0.490   2.5   0.0
   2 1980 344  2140.  -2.7   1.1   0.490   6.3   0.0
   2 1980 345  1050.  -1.5   5.4   0.560   6.8   0.0
   2 1980 346   280.   4.5   8.5   0.900   6.0   1.1
   2 1980 347   500.   4.3   7.3   0.900   4.8   0.0
   2 1980 348   380.   4.9  10.3   0.890   7.7   0.9
   2 1980 349   560.   6.3  11.6   0.980   6.4   2.9
   2 1980 350  2700.   3.4   8.0   0.770   5.1   2.1
   2 1980 351  2880.  -0.4   6.6   0.670   3.1   0.5
   2 1980 352  1300.   1.4   4.4   0.680   7.5  10.0
   2 1980 353  2110.   1.3   5.7   0.680   3.5   2.9
   2 1980 354  1210.  -0.1   2.6   0.610   4.7   0.5
   2 1980 355   790.  -0.6   1.2   0.590   5.0   2.4
   2 1980 356   390.   0.7   4.1   0.670   2.6   0.0
   2 1980 357   940.  -0.4   7.3   0.760   3.5   0.1
   2 1980 358  1890.   5.9  10.3   1.020   5.3   1.6
   2 1980 359  1620.   5.9  10.6   0.990   6.3   0.0
   2 1980 360  1710.   2.4   9.1   0.860   5.7   4.3
   2 1980 361  2430.   0.7   5.7   0.640   3.8   2.6
   2 1980 362  3210.  -2.6   4.3   0.620   1.7   1.2
   2 1980 363  1960.  -2.1   5.0   0.660   4.6   0.0
   2 1980 364   320.   4.9   7.9   0.910   4.7   0.0
   2 1980 365   560.   7.0   8.3   0.920   5.0   0.0
   2 1980 366   250.   2.8   8.8   0.850   8.6   2.5
