*---------------------------------------------------------------------------*
* Station name: Swifterbant, Netherlands
* Year: 1977
* Author: Peter Uithol                                    -99.000: NIL VALUE
* Source: Natuur- en Weerkunde (J.G. Krom)
* Comments: Missing values are exchanged with daily weather
*           data from synoptic station de Bilt, Netherlands
*           Measured vapour pressure at day 130 was 1.19 kPa
*           this was above saturated vapour pressure 1.16 kPa
*           so the measured vapour pressure was substituted
*           with the saturated vapour pressure.
*
* Longitude: 5 38 E, latitude: 52 34 N, altitude: -4 m.
*
* Column  Daily value
* 1       station number
* 2       year
* 3       day
* 4       irradiation                   (kJ m-2 d-1)
* 5       minimum temperature           (degrees Celsius)
* 6       maximum temperature           (degrees Celsius)
* 7       early morning vapour pressure (kPa)
* 8       mean wind speed (height: 2 m) (m s-1)
* 9       precipitation                 (mm d-1)
*
** WCCDESCRIPTION=Netherlands, Swifterbant
** WCCFORMAT=2
** WCCYEARNR=1977
*---------------------------------------------------------------------------*
   5.63  52.57    -4.  -0.18 -0.55
   2 1977   1  1410.   2.0   9.0   0.810   6.1   2.5
   2 1977   2  2330.  -0.1   5.0   0.650   2.6   0.0
   2 1977   3   810.   0.3   4.7   0.720   4.6   2.7
   2 1977   4  1820.  -1.0   4.4   0.680   1.7   0.9
   2 1977   5  1150.  -2.5   0.4   0.560   3.8   0.0
   2 1977   6   450.   0.1   1.9   0.630   3.9   3.6
   2 1977   7  2240.   0.2   6.3   0.710   4.4   0.5
   2 1977   8  1690.   0.0   6.4   0.780   4.5   0.1
   2 1977   9   560.   3.6   5.6   0.820   4.9   0.8
   2 1977  10  1450.   0.6   4.4   0.690   3.7   9.1
   2 1977  11  1180.  -0.6   2.7   0.630   4.1   0.7
   2 1977  12  1320.  -1.7  -0.3   0.530   2.1   0.0
   2 1977  13  3160.  -1.5   1.7   0.470   5.7   0.0
   2 1977  14  1450.   0.6   4.3   0.640   8.1   0.2
   2 1977  15   540.   1.2   3.5   0.650   3.9   1.9
   2 1977  16  1190.   1.1   3.0   0.680   3.8   0.4
   2 1977  17  3630.  -1.4   4.4   0.640   1.4   0.5
   2 1977  18  2560.  -2.0   1.6   0.590   3.3   0.0
   2 1977  19  1070.  -3.3  -1.1   0.470   3.3   0.0
   2 1977  20  2340.  -2.5   0.1   0.550   3.6   0.0
   2 1977  21  2340.  -1.0   4.1   0.650   3.9   0.0
   2 1977  22  4120.   3.4   8.4   0.840   3.8   0.3
   2 1977  23  1320.   4.4   8.4   0.920   3.2   1.7
   2 1977  24  1240.   2.7   6.9   0.860   2.7   0.4
   2 1977  25   890.   4.6  12.2   1.040   6.9   3.7
   2 1977  26   950.   6.0  11.4   0.850  10.2   2.6
   2 1977  27  2490.   4.4   6.9   0.850   4.6   1.8
   2 1977  28  3180.   3.7   8.4   0.850   6.1   5.7
   2 1977  29  6340.  -1.3   3.1   0.520   5.5   0.0
   2 1977  30  6570.  -4.9   4.2   0.530   1.5   0.0
   2 1977  31  7060.  -4.5   2.9   0.510   2.2   0.0
   2 1977  32  6820.  -5.6   2.9   0.460   2.6   0.0
   2 1977  33  2110.  -2.7   1.6   0.540   4.9   0.1
   2 1977  34  2490.  -2.0   5.5   0.540   7.1   0.0
   2 1977  35  6360.   1.5   8.0   0.730   4.4   2.7
   2 1977  36  4620.   1.8   9.6   0.870   4.9   6.7
   2 1977  37  2470.   2.9   8.2   0.870   5.2   0.7
   2 1977  38  3030.   5.3  10.2   0.990   9.1   3.1
   2 1977  39  2220.   4.3   7.6   0.820   7.3   1.4
   2 1977  40  4780.  -0.8   7.4   0.680   2.0   0.1
   2 1977  41  2310.   2.6  10.7   0.850   4.6   4.0
   2 1977  42  2960.   5.6   8.7   0.880   6.7   4.5
   2 1977  43  3410.   4.0   7.2   0.850   3.7   0.0
   2 1977  44  4010.   3.2   8.0   0.810   2.3   0.0
   2 1977  45  7470.   2.3   9.4   0.780   3.0   0.5
   2 1977  46  1840.   1.7   4.5   0.710   3.9   0.0
   2 1977  47  2390.   1.1   5.3   0.710   2.6   0.0
   2 1977  48  4900.   0.1   7.5   0.750   4.4   0.2
   2 1977  49  4150.   6.2  10.2   0.910   7.7   9.6
   2 1977  50  5780.   4.6   8.5   0.770   9.0   4.2
   2 1977  51  1370.   3.5  10.6   0.800   6.9   0.0
   2 1977  52  3480.   4.0   8.9   0.880   4.5   4.2
   2 1977  53  7610.   3.9  11.1   0.840   4.6   0.8
   2 1977  54  3550.   3.4   9.8   0.910   3.2   8.1
   2 1977  55  3620.   2.2  10.7   0.900   2.3   0.4
   2 1977  56  1370.   1.7   7.1   0.860   3.2   9.8
   2 1977  57  9260.   0.2   3.7   0.490   4.3   1.0
   2 1977  58 12560.  -2.5   4.0   0.480   2.5   0.7
   2 1977  59  8080.  -3.7   4.5   0.530   2.6   0.0
   2 1977  60  7490.  -0.1   6.1   0.560   3.1   0.0
   2 1977  61  3210.   3.6  10.7   0.950   4.9   0.0
   2 1977  62  5740.   6.4  10.9   1.040   7.1   1.6
   2 1977  63  9020.   6.6  10.7   0.900   9.0   0.0
   2 1977  64  9450.   5.3  11.1   0.870   7.6   0.0
   2 1977  65 11820.   1.0  11.3   0.790   2.1   0.0
   2 1977  66  9340.   2.4  14.0   0.820   4.5   0.0
   2 1977  67 10150.   3.9  12.2   0.990   4.6   1.4
   2 1977  68 12330.   1.7  18.2   0.940   4.1   0.0
   2 1977  69 12920.   5.4  13.1   0.930   4.9   0.0
   2 1977  70  2670.   4.1  12.2   1.090   3.7   0.1
   2 1977  71  6450.   2.1  10.9   0.900   2.6   2.8
   2 1977  72 10660.   1.6  12.7   0.810   2.9   0.0
   2 1977  73  6910.   3.3  10.5   0.860   7.3   0.3
   2 1977  74 10930.   1.9  12.2   0.800   5.0   4.4
   2 1977  75  8160.   8.3  16.9   0.880   5.4   0.0
   2 1977  76 11040.   6.5  13.6   0.950   4.7   4.5
   2 1977  77  8710.   4.2  11.6   0.880   4.0   0.0
   2 1977  78  6120.   3.8  10.5   0.850   3.5   0.0
   2 1977  79 14550.  -0.2  12.3   0.800   3.7   1.5
   2 1977  80  6480.   4.8   9.5   0.790   6.8   0.0
   2 1977  81  6020.   3.1   9.6   0.820   5.0   1.5
   2 1977  82  2590.   2.9   9.2   0.870   5.4   0.0
   2 1977  83  9160.   5.3  15.5   1.010   3.9   0.0
   2 1977  84  3420.   0.5   8.5   0.740   2.8   0.0
   2 1977  85 13820.  -1.4  10.9   0.710   2.9   0.0
   2 1977  86  4930.   1.7   6.1   0.730   4.5   0.9
   2 1977  87 12750.  -0.2   4.8   0.510   7.7   3.9
   2 1977  88 15130.  -3.4   3.9   0.460   2.3   0.0
   2 1977  89 20530.  -4.4   4.4   0.370   3.9   0.2
   2 1977  90 18600.  -6.2   6.6   0.430   5.5   0.0
   2 1977  91  2910.   4.0  11.6   1.000   8.8   0.7
   2 1977  92  4240.   0.9   8.1   0.730   7.0  16.0
   2 1977  93  5440.   1.1   6.6   0.700   2.8   0.1
   2 1977  94 16610.   0.7   8.5   0.690   3.9   0.3
   2 1977  95  7610.   1.6   9.2   0.840   5.3   0.0
   2 1977  96  7090.   0.7   8.2   0.770   5.6   0.0
   2 1977  97 19040.  -0.6   6.7   0.680   4.4   2.1
   2 1977  98 16360.  -1.0   5.5   0.570   4.1   0.8
   2 1977  99 18630.  -1.9   6.1   0.530   4.3   0.3
   2 1977 100 20460.  -4.1   6.7   0.500   3.2   0.0
   2 1977 101 12110.  -0.4   7.6   0.690   3.8   0.1
   2 1977 102  4870.   0.3  11.2   0.890   4.7   0.2
   2 1977 103 15360.   2.7  11.1   0.890   6.8   1.6
   2 1977 104 15330.   2.7   8.1   0.760   6.7   2.4
   2 1977 105 15780.   3.5   8.5   0.720   7.5   3.8
   2 1977 106 18330.   1.3  10.5   0.670   4.0   0.2
   2 1977 107 14210.   0.9  11.2   0.740   3.9   0.0
   2 1977 108 16020.  -0.2   7.2   0.580   3.1   0.0
   2 1977 109 16400.  -1.6   9.1   0.610   3.0   0.0
   2 1977 110 21530.  -2.0  13.0   0.700   4.7   0.0
   2 1977 111  5160.   7.8  12.8   1.190   7.1   0.2
   2 1977 112  7860.   9.5  12.7   1.180   9.5   0.6
   2 1977 113 13420.   6.8  13.6   1.080   8.3   0.5
   2 1977 114 18570.   4.7  10.7   0.830   8.3   1.9
   2 1977 115  8650.   3.7  12.1   1.030   4.9   0.1
   2 1977 116  7730.   6.6  17.2   1.200   6.9   0.0
   2 1977 117 20130.   2.1  11.5   0.830   6.0   3.2
   2 1977 118 16770.   1.2  14.4   0.750   4.4   0.1
   2 1977 119 14830.   5.2  13.6   0.950   5.0   2.2
   2 1977 120 17750.   3.5  14.9   0.900   2.9   0.0
   2 1977 121  3900.   3.9   9.2   0.950   3.6   0.1
   2 1977 122 21570.   2.5  16.0   0.980   3.6   7.4
   2 1977 123 14690.   8.6  17.4   1.190   3.8   0.8
   2 1977 124  7540.   9.2  14.0   1.280   4.6   6.4
   2 1977 125  4580.   8.2  11.2   1.090   4.7   1.3
   2 1977 126 16830.   3.8  14.3   0.950   4.3   1.5
   2 1977 127 18700.   2.9  15.3   0.930   2.7   0.0
   2 1977 128 15160.   4.3  12.8   0.960   2.1   4.9
   2 1977 129 12670.   1.5  14.1   1.020   2.3   2.4
-999 1977 130      1     1     1       3     1     1
   2 1977 130  6640.   5.3  13.0   1.160   4.8   0.5
-999 1977 131      1     1     1       1     1     1
   2 1977 131  7980.   5.6  16.7   1.280   5.2   0.4
   2 1977 132 10570.   7.0  15.5   1.140   5.4  13.2
   2 1977 133 15050.   6.6  13.6   1.060   3.8   2.4
   2 1977 134 19020.   4.4  12.2   0.880   3.3  11.9
   2 1977 135 23840.   2.1  14.4   0.850   3.9   8.6
   2 1977 136  9390.   6.4  13.9   0.950   6.2   0.0
   2 1977 137 17440.   8.0  17.4   1.020   6.0   0.6
   2 1977 138 27890.   6.7  19.6   1.030   5.5   0.0
   2 1977 139 28750.   7.5  18.6   0.950   6.3   0.0
   2 1977 140  6460.   8.5  14.0   0.940   8.3   0.0
   2 1977 141 15130.   7.0  17.1   0.820   6.5   0.0
   2 1977 142 28170.   3.5  19.6   1.000   3.3   0.0
   2 1977 143 25580.   7.2  19.9   1.050   3.4   0.0
   2 1977 144 28140.   7.2  22.1   1.060   3.6   0.0
   2 1977 145 28060.   9.0  24.7   1.130   4.7   0.0
   2 1977 146 29650.   8.1  20.0   0.790   7.0   0.0
   2 1977 147 29020.   6.9  22.0   0.960   5.5   0.0
   2 1977 148 29190.   7.4  20.9   1.050   3.0   0.0
   2 1977 149 28750.   4.4  17.0   1.040   4.4   0.0
   2 1977 150 17000.   6.0  14.3   0.840   4.5   0.0
   2 1977 151 29850.   5.2  17.0   0.760   4.3   0.0
   2 1977 152 24780.   4.4  14.8   0.970   3.9   0.0
   2 1977 153 13050.  10.3  16.9   1.190   4.1   0.0
   2 1977 154 14980.   8.5  15.4   1.250   5.2   3.9
   2 1977 155  9790.   7.7  15.9   1.270   3.6   0.1
   2 1977 156  7870.   4.0  15.7   1.190   5.0   0.0
   2 1977 157 13710.   7.0  15.7   1.150   4.6   3.2
   2 1977 158 14580.   7.5  14.0   1.170   6.8  18.1
   2 1977 159 22200.   8.2  17.8   1.040   4.4   1.3
   2 1977 160 11740.  11.4  20.3   1.500   4.2   0.0
   2 1977 161 13320.   9.6  20.5   1.520   4.6   0.0
   2 1977 162 22920.   8.2  20.1   1.260   3.2   7.1
   2 1977 163 23690.   8.4  23.1   1.400   3.1   0.5
   2 1977 164 26540.  12.8  28.6   1.930   4.0   0.0
   2 1977 165 21780.  15.0  23.5   1.810   3.4   0.0
   2 1977 166 12040.  14.8  24.5   1.850   3.7   7.0
   2 1977 167  9600.  12.0  17.2   1.530   4.3   1.0
   2 1977 168  6160.  12.0  15.0   1.430   2.6   0.0
   2 1977 169  5330.  13.0  15.3   1.540   1.7   0.2
   2 1977 170  5700.  11.3  15.1   1.500   3.5   0.1
   2 1977 171  7090.  10.7  13.6   1.160   3.0   0.0
   2 1977 172 11100.  10.9  17.1   1.400   2.9   0.0
   2 1977 173 16450.   8.0  17.7   1.420   3.5   0.0
   2 1977 174 18390.   9.5  17.1   1.310   2.0   0.0
   2 1977 175 18100.   6.5  19.2   1.350   1.8   0.0
   2 1977 176 11910.   8.4  17.2   1.350   2.9   0.0
   2 1977 177  8230.  11.1  16.2   1.380   2.5   0.8
   2 1977 178 22700.   8.5  18.0   1.210   3.9   5.1
   2 1977 179 15680.  12.5  18.9   1.400   3.5   0.0
   2 1977 180 18990.  11.8  18.3   1.420   3.3   1.7
   2 1977 181 20970.   6.8  20.3   1.340   3.5   2.7
   2 1977 182  5560.  12.8  16.2   1.610   5.4   0.5
   2 1977 183 20690.  14.1  21.3   1.710   1.7   2.4
   2 1977 184 20260.  11.6  24.5   1.830   1.8   0.0
   2 1977 185 28860.  12.6  25.6   1.640   3.5   0.0
   2 1977 186 29110.  13.2  25.7   1.750   3.8   0.0
   2 1977 187 28730.  14.1  26.8   1.880   3.6   0.0
   2 1977 188 24230.  15.6  24.3   1.770   4.1   0.0
   2 1977 189 23900.  14.9  22.8   1.740   4.1   0.0
   2 1977 190 14600.  15.1  21.4   1.800   3.0   0.1
   2 1977 191 28580.  13.1  22.8   1.720   3.4   0.0
   2 1977 192 16700.  12.6  20.2   1.700   2.0   0.1
   2 1977 193 19610.  13.9  20.9   1.590   2.6   0.0
   2 1977 194 12440.  12.8  19.7   1.420   3.6   0.0
   2 1977 195 16400.  12.3  17.2   1.150   5.4   0.6
   2 1977 196 26440.   8.2  18.0   1.070   4.6   0.5
   2 1977 197 22420.   4.9  21.1   1.230   3.9   0.0
   2 1977 198 21870.  11.1  20.8   1.350   4.7   0.0
   2 1977 199 12360.  13.9  19.7   1.530   5.8   5.0
   2 1977 200 13410.  13.1  19.2   1.450   6.1   2.3
   2 1977 201 22100.  12.3  19.3   1.410   5.3   0.5
   2 1977 202 18530.   8.7  19.3   1.350   3.6   0.1
   2 1977 203 15750.   8.0  21.6   1.510   3.7   0.0
   2 1977 204  8070.  15.6  23.0   2.000   4.3   0.3
   2 1977 205  8350.  12.2  18.0   1.570   6.4   1.0
   2 1977 206 13010.  10.3  17.2   1.420   3.4   8.2
   2 1977 207 16140.  12.2  17.1   1.410   5.7   1.4
   2 1977 208 10250.  12.8  18.3   1.430   3.2   3.3
   2 1977 209 10400.  11.9  17.9   1.470   2.7   1.4
   2 1977 210  8220.  12.8  18.0   1.490   5.4   0.5
   2 1977 211 23780.  12.5  24.4   1.540   5.1   0.2
   2 1977 212 18620.  12.3  18.4   1.360   5.1   0.0
   2 1977 213 15630.   7.6  17.9   1.270   3.8   0.0
   2 1977 214 17260.   6.7  20.1   1.460   2.1   0.0
   2 1977 215 12080.  12.0  20.8   1.650   1.3   0.0
   2 1977 216 23420.  10.3  22.9   1.410   1.8   0.0
   2 1977 217 23880.   9.8  23.5   1.420   4.8   0.0
   2 1977 218  5730.  13.1  19.7   1.650   3.3   1.0
   2 1977 219 12160.  11.8  21.8   1.700   2.4   2.5
   2 1977 220 11110.  11.9  19.8   1.620   2.6   2.0
   2 1977 221 12740.  13.0  18.8   1.580   4.0   4.0
   2 1977 222  7080.  11.6  17.2   1.560   3.4   0.1
   2 1977 223 11050.  11.7  18.1   1.590   3.6   2.8
   2 1977 224  3820.  15.0  17.4   1.740   4.0   5.1
   2 1977 225 10920.  13.7  20.2   1.690   3.7  10.3
   2 1977 226 16550.  13.7  21.6   1.760   2.5   0.0
   2 1977 227 12150.  13.7  20.8   1.660   3.5   0.0
   2 1977 228 16740.  13.8  20.7   1.480   5.7   0.0
   2 1977 229  2730.  12.8  15.2   1.500   5.5   0.5
   2 1977 230  2200.  13.0  14.8   1.470   3.3  16.9
   2 1977 231 14430.  11.5  19.3   1.500   2.3   9.2
   2 1977 232 12900.  12.4  18.8   1.470   2.3   2.4
   2 1977 233 10130.  12.9  18.5   1.560   4.6   6.4
   2 1977 234  3920.  12.9  15.6   1.440   5.6   4.1
   2 1977 235 18020.  10.0  19.0   1.280   2.8   8.9
   2 1977 236 16410.   7.0  19.9   1.320   2.3   0.0
   2 1977 237 14750.  14.5  20.2   1.560   5.9   1.5
   2 1977 238 15670.  11.8  20.4   1.510   3.6   3.2
   2 1977 239 15680.   9.0  20.9   1.460   1.7   0.5
   2 1977 240 16350.   7.7  17.5   1.230   3.3   6.9
   2 1977 241 21580.   6.0  19.7   1.140   1.5   0.0
   2 1977 242 16200.   8.1  20.8   1.380   1.7   0.0
   2 1977 243 14800.  12.0  21.5   1.430   2.4   0.0
   2 1977 244 15640.   9.6  22.7   1.470   2.0   0.0
   2 1977 245 12220.  11.5  23.1   1.470   3.7   0.0
   2 1977 246 16150.   7.3  19.1   1.330   3.1   0.5
   2 1977 247 19250.   4.9  19.4   0.930   1.5   0.0
   2 1977 248  6930.   8.1  18.2   1.430   3.9   0.0
   2 1977 249  6980.  15.2  21.1   1.810   6.4   0.5
   2 1977 250 11470.  13.0  18.2   1.400   2.4   0.0
   2 1977 251 10350.   9.7  17.5   1.150   1.6   0.0
   2 1977 252 15270.   5.7  16.7   0.990   3.7   5.9
   2 1977 253  2660.   9.5  17.3   1.410   6.2   0.9
   2 1977 254 12220.  14.9  20.5   1.710   6.4   2.8
   2 1977 255 13180.  10.1  17.4   1.240   4.8   0.0
   2 1977 256 13720.   5.6  17.1   1.000   2.9   0.0
   2 1977 257 13730.   5.2  18.1   1.220   4.7   0.0
   2 1977 258  5620.  10.0  17.0   1.380   4.4   0.0
   2 1977 259 11950.   8.6  15.0   0.970   4.9   0.0
   2 1977 260 15540.   6.5  15.6   0.970   2.9   0.3
   2 1977 261 16790.   3.8  14.2   0.830   2.1   0.0
   2 1977 262 10320.   2.7  14.8   0.900   1.7   0.0
   2 1977 263  7380.   3.9  16.0   1.090   2.1   0.0
   2 1977 264  6380.   8.9  15.3   1.160   1.4   0.0
   2 1977 265  9960.   8.7  16.0   1.280   1.5   0.0
   2 1977 266  6290.   7.5  16.8   1.290   1.4   0.0
   2 1977 267 12830.   6.5  17.2   1.080   4.8   0.0
   2 1977 268  8420.   6.8  17.2   1.090   4.5   0.0
   2 1977 269  9490.   8.8  19.5   1.360   2.0   0.0
   2 1977 270 10110.   8.3  19.0   1.350   1.9   0.0
   2 1977 271  6070.  10.7  19.9   1.430   5.2   0.0
   2 1977 272  8450.   9.9  17.3   1.310   5.6   0.3
   2 1977 273  4940.  13.1  17.3   1.430   8.1   0.4
   2 1977 274  9720.   8.9  14.5   1.020   9.6  14.1
   2 1977 275  7240.   8.6  12.9   1.020   7.3   3.6
   2 1977 276  8680.   6.4  13.9   1.000   4.2   4.7
-999 1977 277      3     1     1       1     1     1
   2 1977 277  4090.  10.6  13.7   1.310   7.3   1.0
   2 1977 278  6100.   9.6  15.3   1.220   3.5   1.7
   2 1977 279  6110.  11.5  18.9   1.520   3.5   3.9
   2 1977 280  5290.  12.5  20.1   1.600   2.3   0.8
   2 1977 281  6720.  10.9  17.8   1.380   3.5   2.1
   2 1977 282  8900.  10.2  17.4   1.300   4.4   0.5
   2 1977 283  7010.   5.9  15.0   1.260   4.3   0.0
-999 1977 284      1     1     1       1     1     1
   2 1977 284  9280.   5.0  14.7   0.960   2.1   1.5
   2 1977 285 10470.   5.1  16.7   1.150   3.3   0.0
   2 1977 286  8220.   6.8  15.9   1.140   1.9   0.0
   2 1977 287  7550.   4.3  15.5   1.030   2.3   0.0
   2 1977 288  6770.   4.5  10.6   0.960   3.2   0.0
   2 1977 289  7140.   4.5  14.3   0.990   2.2   0.0
   2 1977 290  3920.   4.9  10.5   1.000   2.7   0.0
   2 1977 291  8210.   5.8  15.6   1.000   2.9   0.0
   2 1977 292  8710.   5.1  19.1   1.180   2.3   0.0
   2 1977 293  7850.   8.8  19.5   1.250   2.9   0.0
   2 1977 294  5770.   8.8  19.9   1.350   3.4   0.0
   2 1977 295  4540.  12.0  18.8   1.580   3.1   0.0
   2 1977 296  3520.   9.8  16.2   1.360   3.9   1.4
   2 1977 297  8440.   8.3  16.3   1.140   4.1   0.1
   2 1977 298  4150.   4.8  16.4   1.260   2.2   0.0
   2 1977 299  7110.   3.1  14.2   1.060   2.3   0.0
   2 1977 300  1270.   8.6  10.9   1.130   2.2   0.0
   2 1977 301  3800.   5.4  13.5   1.110   2.4   0.0
   2 1977 302  1560.   4.9  11.8   1.100   3.1   0.0
   2 1977 303  5450.   4.4  14.3   1.010   3.9   0.0
   2 1977 304  2060.   9.6  15.7   1.190   7.1   0.0
   2 1977 305  6930.   6.5  11.9   0.940   4.7   6.0
   2 1977 306   850.   7.2  12.9   1.080   6.6   3.8
   2 1977 307  5810.   9.3  14.5   1.130   5.4   7.8
   2 1977 308  6590.   6.0  11.6   0.880   5.6   0.1
   2 1977 309  2410.   6.2  11.7   1.050   6.3   2.7
   2 1977 310  3780.   7.5  12.2   1.110   5.7   0.5
   2 1977 311  4970.   9.9  12.5   1.100   6.3   6.2
   2 1977 312  1970.  10.2  12.4   1.200   6.1   5.0
   2 1977 313  1280.  10.7  14.7   1.260   5.4   1.5
   2 1977 314  4710.  11.3  17.1   1.370   5.9   4.9
   2 1977 315  2220.  11.8  14.8   1.250   7.8   0.3
   2 1977 316  3840.   4.8  14.8   0.820  10.4   1.6
   2 1977 317  3450.   4.5   7.8   0.770   6.4  10.5
   2 1977 318  1050.   4.9  10.5   0.930  10.0   9.0
   2 1977 319  1450.   5.0   7.8   0.800  10.0  10.5
   2 1977 320  2070.   2.6   7.1   0.800   4.7  11.0
   2 1977 321  2440.   1.5   7.2   0.740   3.0   8.5
   2 1977 322  3870.   1.2   8.4   0.700   3.5   1.0
   2 1977 323  1740.   2.0   7.1   0.790   6.6   0.5
   2 1977 324   690.   0.9   6.2   0.760   8.9   2.5
   2 1977 325   520.   0.6   2.6   0.660   4.4   6.5
   2 1977 326  2910.   2.3   7.1   0.720   4.7  13.6
   2 1977 327  1770.   1.7   8.4   0.830   5.8   1.0
   2 1977 328  2080.   4.7   7.0   0.770   8.2  13.4
   2 1977 329  2090.   1.5   6.2   0.680   6.1   4.5
   2 1977 330  3890.  -1.0   4.7   0.620   3.1   1.1
   2 1977 331  4300.  -2.6   1.3   0.460   3.1   0.1
   2 1977 332  4610.  -4.3   3.2   0.460   1.2   0.0
   2 1977 333  1280.  -0.7   1.6   0.550   2.9   0.0
   2 1977 334  2170.  -1.9   5.2   0.640   2.0   0.0
   2 1977 335  1260.  -0.6   3.3   0.650   3.5   1.1
   2 1977 336  1400.  -2.4   3.9   0.610   1.3   0.0
   2 1977 337  3980.  -3.4   2.8   0.570   2.6   0.0
   2 1977 338  4330.  -1.7   3.2   0.560   4.7   0.0
   2 1977 339  5320.  -5.5   0.2   0.430   3.8   0.0
   2 1977 340  1490.  -5.5  -1.4   0.440   7.0   0.0
   2 1977 341   710.  -2.6   6.6   0.610   6.1   0.3
   2 1977 342  1220.   1.6   8.4   0.840   4.5   0.5
   2 1977 343  2080.   1.0   6.2   0.760   2.3   0.0
   2 1977 344  1270.   3.5   6.1   0.820   4.9   0.0
   2 1977 345   400.   6.2   9.8   1.030   5.8   0.9
   2 1977 346  1390.   8.1  10.0   1.070   4.2   3.0
   2 1977 347  1840.   5.5   8.5   0.990   3.4   0.2
   2 1977 348   660.   7.3  10.0   1.080   3.7   0.0
   2 1977 349   800.   6.5   8.1   1.000   2.5   0.0
   2 1977 350  2040.   0.7   8.2   0.870   2.3   0.0
   2 1977 351   480.  -0.1   5.7   0.770   3.3   0.0
   2 1977 352  2680.   0.5   8.7   0.760   3.3   0.0
   2 1977 353   730.   5.1   6.3   0.840   2.5   1.9
   2 1977 354   810.  -0.1   6.4   0.790   2.0   0.0
   2 1977 355  4350.  -1.2   2.9   0.560   3.8   0.0
   2 1977 356   700.   2.5   9.1   0.910   4.1   0.1
   2 1977 357   740.   6.3  15.1   1.130   7.1   0.1
   2 1977 358  1070.   8.2  15.7   1.060  12.3   0.2
   2 1977 359  1690.   4.2   8.8   0.930   5.4   2.3
   2 1977 360  1170.   6.3   8.0   0.940   5.2   0.0
   2 1977 361  1260.   3.3   8.9   0.840   6.5   7.2
   2 1977 362  2100.   3.4   7.1   0.790   6.7   3.9
   2 1977 363   880.   2.2   7.0   0.800   6.0   0.4
   2 1977 364  2380.   2.1   6.7   0.710   9.1   4.5
   2 1977 365  3140.   4.0   6.7   0.700   6.5   5.9
