*---------------------------------------------------------------------------*
* Station name: Swifterbant, Netherlands
* Year: 1987
* Author: Willem Stol
* Source: Natuur- en Weerkunde - data invoer: Hennie de Ruiter
*
* Comments: Missing values are exchanged with daily weather
*           data from synoptic station de Bilt, Netherlands
*
* Longitude: 5 38 E, latitude: 52 34 N, altitude: -4 m.
*
* Column  Daily value
* 1       station number
* 2       year
* 3       day
* 4       irradiation                   (kJ m-2 d-1)
* 5       minimum temperature           (degrees Celsius)
* 6       maximum temperature           (degrees Celsius)
* 7       early morning vapour pressure (kPa)
* 8       mean wind speed (height: 2 m) (m s-1)
* 9       precipitation                 (mm d-1)
*
** WCCDESCRIPTION=Netherlands, Swifterbant
** WCCFORMAT=2
** WCCYEARNR=1987
*---------------------------------------------------------------------------*
   5.63  52.57    -4.  -0.18 -0.55
   2 1987   1   710.   2.8   5.6   0.660   3.4  14.5
   2 1987   2   480.  -3.3   6.4   0.640   7.0   2.0
   2 1987   3  2760.  -4.8   4.4   0.590   2.9   0.2
   2 1987   4   470.   0.8   6.1   0.680   5.7   5.3
   2 1987   5  1660.   3.4   6.2   0.750   7.6   3.3
   2 1987   6   900.  -1.6   5.1   0.620   5.9   2.2
   2 1987   7  1120. -10.9  -1.3   0.420   2.3   0.0
-999 1987   8      1     1     1       3     1     1
   2 1987   8  1420.  -9.6   2.4   0.490   3.6   0.1
-999 1987   9      1     1     1       1     1     1
   2 1987   9  1440.  -6.0   2.2   0.550   4.4   0.7
-999 1987  10      3     3     3       3     3     3
   2 1987  10  3050.  -9.0  -3.4   0.280   6.0   0.0
   2 1987  11  4730. -13.3  -9.0   0.190   3.5   0.0
   2 1987  12  4880. -14.4  -7.6   0.210   2.5   0.0
   2 1987  13  3540. -14.5  -7.0   0.230   4.5   0.0
-999 1987  14      1     1     1       1     1     1
   2 1987  14  2800. -15.7 -10.4   0.170   9.5   0.0
   2 1987  15  2270. -11.7  -6.8   0.210   9.7   0.0
   2 1987  16   980.  -8.7  -5.7   0.270   6.1   0.0
   2 1987  17  1160. -11.6  -6.2   0.290   2.7   0.0
   2 1987  18  2300.  -8.1  -5.6   0.320   3.8   0.0
   2 1987  19   590.  -7.7  -6.3   0.330   1.5   0.0
   2 1987  20   820.  -6.8  -3.7   0.400   1.5   0.0
   2 1987  21   680.  -3.9   0.1   0.540   2.3   0.0
   2 1987  22  1150.   0.0   1.6   0.620   1.6   1.1
   2 1987  23   780.   1.0   4.3   0.730   4.2   1.1
   2 1987  24   760.  -0.3   2.2   0.610   2.4   0.0
   2 1987  25   380.   1.1   3.3   0.670   4.2   0.3
   2 1987  26  2100.  -2.1   3.1   0.590   3.8   0.4
   2 1987  27  3840.  -3.5   2.3   0.550   2.9   0.3
   2 1987  28  3960.  -3.1   2.9   0.560   4.1   0.0
   2 1987  29  7690.  -8.9   3.6   0.390   3.3   0.0
   2 1987  30  5980. -10.9   2.3   0.260   1.8   0.0
   2 1987  31  7760. -11.2   4.3   0.330   1.2   0.0
   2 1987  32  6090. -10.3   4.2   0.340   1.6   0.0
   2 1987  33  4540.  -7.6   2.2   0.370   2.7   0.0
   2 1987  34  1310.  -5.1   1.3   0.550   1.8   0.0
   2 1987  35  1420.   0.6   3.0   0.660   2.0   0.6
   2 1987  36  1690.   1.8   5.3   0.730   4.9   0.5
   2 1987  37   540.   2.2   8.3   0.820   7.6   2.4
   2 1987  38  6160.  -1.1   4.9   0.630   4.3   0.0
   2 1987  39   670.  -0.5   6.9   0.760   4.7   7.2
   2 1987  40  1940.   2.9   9.2   0.880   3.7   2.8
   2 1987  41  3280.   1.9   7.3   0.740   6.4   0.3
   2 1987  42  6170.   0.0   7.6   0.670   2.7   0.0
   2 1987  43   670.   1.4   3.2   0.680   2.7   2.5
   2 1987  44  1220.  -0.3   4.2   0.650   2.4   0.3
   2 1987  45  2620.  -0.3   3.8   0.640   3.4   0.0
   2 1987  46  1680.   0.4   2.8   0.610   5.5   0.6
   2 1987  47  5750.  -1.8   3.6   0.530   3.6   0.0
   2 1987  48  5300.  -1.8   2.8   0.520   2.5   0.1
   2 1987  49  1860.  -1.6   0.4   0.490   4.9   0.0
   2 1987  50  8530.  -2.9   2.0   0.450   4.8   0.0
   2 1987  51  5290.  -4.7  -0.2   0.430   6.5   0.0
   2 1987  52  4680.  -2.9   3.8   0.540   5.0   0.0
   2 1987  53  3900.   0.9   4.1   0.660   3.2   1.1
   2 1987  54  8540.  -2.1   3.4   0.530   2.6   0.1
   2 1987  55 10180.  -3.8   3.8   0.470   1.9   0.0
   2 1987  56  9650.  -4.4   3.3   0.370   3.1   0.0
   2 1987  57  6770.  -3.7   6.7   0.520   2.6   0.9
   2 1987  58  2040.   3.0   9.2   0.890   4.4  11.1
   2 1987  59  2830.   4.8   8.0   0.890   3.5   1.1
   2 1987  60  2410.   2.3   8.0   0.820   3.2   6.2
   2 1987  61  1130.  -6.3   3.8   0.570   7.3  13.4
   2 1987  62 10530.  -8.4  -3.4   0.270   5.4   0.0
   2 1987  63  6920.  -9.5  -1.4   0.300   2.3   0.0
   2 1987  64 11820.  -9.7   4.8   0.370   2.0   0.0
   2 1987  65 10210.  -6.6   1.3   0.380   4.0   0.0
   2 1987  66 11620.  -7.0  -0.1   0.340   5.6   0.0
   2 1987  67 10680.  -5.9   0.5   0.350   5.3   0.0
   2 1987  68 11190.  -4.9   2.4   0.410   6.3   0.1
   2 1987  69 12800.  -5.3   4.0   0.390   5.3   0.0
   2 1987  70 12710.  -4.9   4.3   0.420   4.9   0.0
   2 1987  71 12430.  -6.7   4.4   0.390   2.9   0.0
   2 1987  72 10270.  -7.8   2.6   0.380   3.6   0.1
   2 1987  73 11760.  -6.5   5.6   0.380   2.7   0.1
   2 1987  74  3450.  -7.1   4.6   0.570   5.1   2.2
   2 1987  75 13320.  -0.5   3.5   0.560   5.6   2.7
   2 1987  76  1960.   0.1   5.2   0.730   5.0   6.3
   2 1987  77  9190.   0.3   6.3   0.670   6.5   5.8
   2 1987  78  8660.  -1.1   7.2   0.580   4.7   0.0
   2 1987  79  9180.  -5.8   4.9   0.570   4.0  11.0
   2 1987  80  8510.  -2.2   5.9   0.610   3.2   7.5
   2 1987  81 10230.  -0.1   9.7   0.640   3.4   0.2
   2 1987  82  2940.   3.4   8.3   0.910   3.8   5.2
   2 1987  83  3520.   6.5   9.9   0.990   2.4   1.2
   2 1987  84  3120.   5.6  14.5   1.070   3.9   3.0
   2 1987  85 11510.   2.3  12.3   0.850   5.9   0.0
   2 1987  86  3420.   7.1  12.3   0.830  11.5   0.5
   2 1987  87  6130.   3.3   9.0   0.740  10.3   2.2
   2 1987  88 15070.   1.0   6.7   0.630   6.5   0.0
   2 1987  89  6720.   0.3   7.5   0.730   3.2   0.0
   2 1987  90 10220.  -0.5  13.5   0.730   2.3   0.1
   2 1987  91 15650.   0.0  15.4   0.640   2.9   0.1
   2 1987  92 13580.   0.9  12.8   0.710   4.2   0.0
   2 1987  93 14050.   3.2  13.9   0.800   5.9   0.0
   2 1987  94  7620.   6.5  10.8   0.900   6.5   0.1
   2 1987  95  9970.   3.3  13.9   0.840   3.0   0.3
-999 1987  96      1     1     1       3     1     1
   2 1987  96  5960.   3.1  12.9   0.910   1.8   0.9
-999 1987  97      1     1     1       1     1     1
   2 1987  97 10830.   1.2  18.2   0.990   2.2   3.1
   2 1987  98  9450.   5.1  15.4   1.040   4.4   1.3
   2 1987  99 11250.   4.0  15.0   0.960   3.3   0.1
   2 1987 100 12020.   1.6  10.5   0.780   3.6   1.6
   2 1987 101 10520.   2.4   9.9   0.740   6.4   7.8
   2 1987 102  5580.   3.6   8.2   0.790   5.7   2.8
   2 1987 103 11800.   4.0  12.5   0.830   2.7   0.0
   2 1987 104  3880.   5.2   8.9   0.950   3.1   0.1
   2 1987 105 14480.   4.0  15.1   0.990   3.1   0.0
   2 1987 106 10600.   7.8  15.9   1.100   1.8   0.0
   2 1987 107 15010.   6.9  18.0   0.990   1.7   0.0
   2 1987 108 17060.   5.9  23.5   1.140   2.8   0.0
   2 1987 109  6550.   7.6  16.8   1.240   3.9   1.9
   2 1987 110  3750.   7.0  10.2   0.940   5.9   3.6
   2 1987 111 21920.   3.5  12.6   0.840   3.1   0.0
   2 1987 112 20540.   1.4  16.1   0.900   2.0   0.0
   2 1987 113 19770.   4.1  20.3   1.010   1.9   0.0
   2 1987 114 20170.   5.9  22.2   1.070   2.9   0.0
   2 1987 115 18020.   7.8  20.8   1.140   3.5   0.0
   2 1987 116 19680.   6.3  17.8   1.020   2.7   0.0
   2 1987 117 22930.   6.3  17.6   0.740   3.4   0.0
   2 1987 118 22180.   5.3  22.1   0.790   3.2   0.0
   2 1987 119 17960.   9.1  24.8   1.280   2.9   0.0
   2 1987 120 13650.  11.1  21.7   1.360   3.9   1.0
   2 1987 121  5840.  10.6  15.1   1.310   4.4   0.3
   2 1987 122 16690.   3.1  12.7   0.870   4.4   1.3
   2 1987 123  8400.   3.1   8.0   0.820   4.8   1.2
   2 1987 124  9890.   5.6  10.1   0.820   7.8   0.0
   2 1987 125 12430.   4.8  11.2   0.940   6.0   0.0
   2 1987 126 14910.   6.1  11.0   0.870   5.9   0.0
   2 1987 127 16600.   5.4  11.5   0.840   4.9   0.0
   2 1987 128 20610.   4.1  12.8   0.900   2.0   0.0
   2 1987 129 23680.   1.8  21.0   0.940   2.9   0.0
   2 1987 130 20430.   4.8  12.6   0.870   4.8   0.1
   2 1987 131  5750.   4.6  12.0   0.960   6.1   2.6
   2 1987 132  5780.   5.8  11.1   0.980   4.9  11.2
   2 1987 133 16680.   4.2  10.2   0.800   5.4   5.2
   2 1987 134  7470.   3.6   9.6   0.900   4.3  11.1
   2 1987 135  7250.   7.1   9.8   0.960   4.1   2.5
   2 1987 136 14740.   3.8  11.0   0.880   4.4   1.3
   2 1987 137 11870.   2.8  12.5   0.910   3.0   3.8
   2 1987 138 13500.   6.9  14.4   0.590   2.2   0.0
   2 1987 139 24090.   6.1  12.9   0.960   4.4   0.0
   2 1987 140 12760.   5.5  10.6   0.820   7.6   2.5
   2 1987 141 14080.   6.2  11.5   0.920   7.4   2.6
   2 1987 142 12790.   6.5  13.7   0.990   4.0   3.5
   2 1987 143 25400.   8.0  18.7   0.980   4.2   0.3
   2 1987 144 26110.   6.1  21.1   1.090   3.0   0.0
   2 1987 145 26480.   7.3  19.4   1.070   2.7   0.0
   2 1987 146 26770.   6.5  19.5   1.020   3.0   0.0
   2 1987 147 21770.   7.4  15.6   1.030   4.4   0.0
   2 1987 148 16090.   7.5  12.9   0.890   3.9   0.2
   2 1987 149 17930.   5.8  12.5   0.980   2.6   9.0
   2 1987 150 10360.   6.5  17.7   1.220   2.7   3.0
   2 1987 151 13850.   8.4  15.7   1.290   2.9   0.2
   2 1987 152 14590.   8.8  17.2   1.290   5.3   0.6
   2 1987 153 13790.   8.7  16.8   1.310   2.6   3.1
   2 1987 154  7450.   9.9  16.1   1.360   4.7   2.2
   2 1987 155 11940.  10.1  17.2   1.320   4.3   0.0
   2 1987 156  6450.   8.8  13.4   1.190   4.3   0.1
   2 1987 157 14360.  10.3  17.5   1.260   7.7   2.6
   2 1987 158 14410.  10.4  16.6   1.130   7.0   3.0
   2 1987 159  7810.   9.0  13.2   1.160   6.0  21.6
   2 1987 160  6280.   8.0  12.9   1.180   3.1  43.3
-999 1987 161      1     1     1       3     1     1
   2 1987 161 19820.   4.2  16.2   1.150   2.8   0.0
-999 1987 162      1     1     1       1     1     1
   2 1987 162 13490.   8.7  17.2   1.250   5.8   2.4
   2 1987 163 21970.   4.5  17.2   1.120   2.1   0.0
   2 1987 164  7910.   7.1  16.4   1.280   2.1   5.2
   2 1987 165 23190.   9.1  14.9   1.110   3.9   0.2
   2 1987 166 16910.   8.1  14.7   1.100   4.4   0.0
   2 1987 167 15530.   6.9  13.9   1.010   6.1   0.0
   2 1987 168 22540.   4.3  16.2   1.030   5.6   0.1
-999 1987 169      1     1     1       3     1     3
   2 1987 169 16430.   4.0  14.0   1.030   5.5   0.0
   2 1987 170  7840.   4.0  14.0   1.280   2.1   4.0
   2 1987 171  6350.   6.2  13.5   1.170   3.7   0.0
-999 1987 172      3     1     1       3     1     3
   2 1987 172 14970.   3.4  17.0   1.220   2.0   5.9
   2 1987 173  9820.  11.0  16.0   1.390   3.3   4.0
-999 1987 174      1     1     1       1     1     1
   2 1987 174 12400.  10.2  15.0   1.240   3.5   0.0
   2 1987 175 12490.  10.7  16.3   1.320   4.4   7.9
   2 1987 176 15540.   9.5  17.7   1.310   4.1   2.6
   2 1987 177 13580.   9.8  16.4   1.420   4.3   1.7
   2 1987 178  9240.  10.7  18.7   1.610   4.4   1.0
   2 1987 179 10660.  15.1  22.7   2.000   4.2   0.0
   2 1987 180 14090.  18.6  26.5   2.280   2.6   0.0
   2 1987 181 18550.  12.8  24.5   2.000   3.4   0.7
-999 1987 182      3     1     1       3     1     3
   2 1987 182 25690.   8.3  18.8   1.310   3.2   0.2
-999 1987 183      3     3     3       3     1     3
   2 1987 183 19230.   7.9  20.7   1.160   2.4   0.0
   2 1987 184 25880.  10.0  20.6   1.290   3.6   0.0
   2 1987 185 27710.  10.8  20.9   1.330   2.5   0.0
   2 1987 186 28160.  12.9  23.3   1.300   2.6   0.0
-999 1987 187      3     1     1       3     1     3
   2 1987 187 27610.  16.6  27.5   1.470   2.4   0.0
   2 1987 188 24300.  13.4  25.9   1.630   3.1   0.0
   2 1987 189 20770.   9.5  20.3   1.420   4.0   0.0
   2 1987 190 22170.   7.6  17.7   1.210   3.8   0.0
   2 1987 191  9610.   6.9  19.1   1.240   3.3   0.0
   2 1987 192 19020.  15.0  24.0   1.400   4.0   0.0
   2 1987 193 25210.  11.3  19.9   1.360   4.7   0.0
   2 1987 194 15270.  10.0  21.0   1.430   2.2   0.0
   2 1987 195 25610.   9.0  23.5   1.280   3.5   0.1
   2 1987 196 12040.  15.1  24.0   1.900   3.3   7.4
   2 1987 197 14580.  15.0  27.8   2.030   3.3  36.6
   2 1987 198  7720.  14.0  19.1   1.680   3.7  14.0
   2 1987 199 17140.  12.0  20.5   1.430   4.2   2.5
   2 1987 200 26260.  10.6  21.4   1.430   3.2   2.1
   2 1987 201 10060.  13.4  21.6   1.580   3.1   4.4
   2 1987 202 15360.  14.4  19.8   1.620   2.0  17.9
   2 1987 203 12040.  14.9  21.2   1.680   1.5   5.8
   2 1987 204 10790.  15.0  19.9   1.680   2.0  33.0
   2 1987 205  5790.  12.3  16.1   1.440   3.1   3.5
   2 1987 206 19900.   9.6  16.1   1.150   5.7   0.4
   2 1987 207 20960.   9.9  15.9   1.070   5.4   0.9
   2 1987 208  8070.  10.9  16.2   1.440   6.4  15.1
   2 1987 209  8990.  11.8  16.0   1.380   3.4   1.1
   2 1987 210  4280.  11.2  17.7   1.720   2.9  17.4
   2 1987 211 12980.  12.6  17.2   1.460   4.3   0.6
   2 1987 212  7060.  12.9  17.6   1.710   4.9   1.4
-999 1987 213      1     1     1       3     1     3
   2 1987 213 15740.  13.2  17.1   1.430   5.5   0.2
   2 1987 214 15110.   9.1  17.9   1.370   3.6   0.1
   2 1987 215 15540.   7.6  18.2   1.310   4.3   6.4
   2 1987 216 18180.  10.1  16.3   1.140   5.3   0.4
   2 1987 217 15270.   9.8  15.2   1.110   5.9   3.1
   2 1987 218 13360.   7.0  15.5   1.060   3.9   1.7
   2 1987 219  9800.   5.0  16.9   1.120   3.7   0.0
   2 1987 220  7250.  11.0  16.8   1.410   4.0   1.7
   2 1987 221  4470.  11.0  15.2   1.460   1.9   5.0
   2 1987 222 18080.   6.3  15.5   1.280   3.4   0.0
-999 1987 223      1     1     1       3     1     1
   2 1987 223 19460.   6.7  19.9   1.240   1.3   0.0
   2 1987 224  8120.  10.8  18.9   1.460   2.1   0.5
-999 1987 225      1     1     1       3     1     3
   2 1987 225  6300.  11.9  20.1   1.750   2.5  13.7
   2 1987 226 15580.  15.3  19.6   1.600   3.8   0.0
   2 1987 227 17540.  11.6  18.9   1.380   4.4   0.0
   2 1987 228 12600.  13.2  23.5   1.600   2.9   0.0
-999 1987 229      1     1     1       3     3     3
   2 1987 229 13970.  13.9  25.9   1.860   1.0   0.1
-999 1987 230      1     1     1       3     1     1
   2 1987 230  8320.  16.2  22.8   1.900   2.6   6.7
   2 1987 231 10750.  14.5  20.3   1.820   2.2   0.4
   2 1987 232 11500.  13.8  22.3   1.740   1.4   0.0
-999 1987 233      1     1     1       1     1     1
   2 1987 233 18340.  14.1  28.1   2.010   3.8   0.0
   2 1987 234 10570.  16.2  25.4   2.010   3.6   0.0
   2 1987 235 12760.  15.1  23.3   1.800   3.1   2.4
   2 1987 236 12770.  11.6  22.1   1.770   3.2   3.1
   2 1987 237  7970.  13.2  21.0   1.760   4.6   5.1
   2 1987 238  4480.  13.0  17.1   1.490   7.5   7.8
   2 1987 239  6830.  13.1  18.1   1.700   6.4   1.7
-999 1987 240      1     1     1       3     1     1
   2 1987 240 10190.  13.8  18.4   1.490   6.2   2.4
-999 1987 241      1     1     1       3     3     1
   2 1987 241  6850.  10.8  18.1   1.710   2.0   1.9
-999 1987 242      1     1     1       3     3     3
   2 1987 242 14080.   6.9  19.2   1.410   1.5   0.0
   2 1987 243 12970.  10.2  18.0   1.240   2.0   0.0
-999 1987 244      1     1     1       1     1     1
   2 1987 244 16720.   7.9  23.9   1.490   3.2   0.0
   2 1987 245 14930.  12.9  19.7   1.560   2.4   0.0
   2 1987 246 10220.  13.0  23.8   1.770   3.1   0.0
   2 1987 247  7850.  15.0  19.6   1.670   2.5   0.7
   2 1987 248 11250.  11.9  19.3   1.470   4.0   1.9
-999 1987 249      1     3     3       3     3     3
   2 1987 249 13420.  12.9  19.8   1.440   4.0   1.4
   2 1987 250 11500.   9.0  18.2   1.400   3.5   1.3
-999 1987 251      1     1     1       3     3     3
   2 1987 251 14630.   8.7  17.9   1.240   2.0   0.0
   2 1987 252 12000.   8.6  18.2   1.450   2.0   0.7
-999 1987 253      1     1     1       1     1     1
   2 1987 253  5800.  11.5  16.9   1.420   6.0   8.6
   2 1987 254 15770.  12.1  18.9   1.380   5.9   1.1
   2 1987 255  8710.  14.2  21.0   1.760  10.0   0.1
   2 1987 256  2980.  13.4  18.7   1.670   3.5   5.3
-999 1987 257      3     1     1       3     3     3
   2 1987 257 14980.  13.5  19.0   1.440   3.0   2.0
   2 1987 258 14850.   9.5  18.7   1.270   2.0   0.0
   2 1987 259  6480.   9.5  18.1   1.340   1.0   0.0
   2 1987 260 10390.  12.2  23.9   1.790   2.5   0.0
   2 1987 261  9290.   9.5  19.5   1.610   2.5  14.6
   2 1987 262 10150.   6.0  18.2   1.220   1.0   9.1
   2 1987 263  8930.  12.9  21.0   1.800   1.5   0.0
   2 1987 264  9370.  14.9  23.3   2.010   2.0   0.0
   2 1987 265  6250.  12.4  21.7   1.820   2.0   2.5
   2 1987 266 10070.  11.2  19.0   1.370   1.5   0.0
   2 1987 267  7060.  10.0  15.3   1.290   3.0  13.8
   2 1987 268 11440.   7.9  15.9   1.060   2.5   0.4
   2 1987 269 11810.   5.9  15.1   1.040   1.5   0.1
   2 1987 270  9480.   8.0  14.0   0.910   2.0   0.2
   2 1987 271  9750.   7.0  13.3   0.910   1.5   0.0
   2 1987 272 10710.   5.9  15.2   0.940   1.5   0.0
   2 1987 273 13320.   3.5  14.2   0.830   3.0   0.0
-999 1987 274      3     3     3       3     3     3
   2 1987 274 12640.   6.3  15.0   0.870   4.0   0.0
   2 1987 275 13170.   5.9  16.0   0.880   4.0   0.0
   2 1987 276 12160.   5.8  14.6   0.860   3.5   0.0
   2 1987 277  9120.   5.7  17.4   1.130   2.0   0.0
   2 1987 278  7300.   9.2  18.9   1.480   2.5   7.8
   2 1987 279  3700.   9.1  17.5   1.490   3.5   8.7
   2 1987 280  7110.   7.4  14.0   1.140   5.5   9.2
   2 1987 281  4740.   6.6  14.1   1.100   6.0  18.9
   2 1987 282  7150.   5.6  15.3   1.000   5.0   0.5
   2 1987 283  7530.   9.9  20.1   1.120   4.5   0.0
   2 1987 284  7160.   4.7  16.6   0.940   3.5   0.0
   2 1987 285  3270.   4.8  10.1   0.980   1.5   0.0
   2 1987 286  3590.   5.3  15.0   1.050   2.5   0.3
   2 1987 287  8950.   7.0  14.2   1.060   4.0   2.9
   2 1987 288  4000.  11.1  17.7   1.370   6.5   7.1
   2 1987 289  7630.  11.2  19.9   1.160   7.5  18.9
   2 1987 290  8400.   7.6  16.2   1.060   3.0   1.5
   2 1987 291  9460.   6.3  16.7   1.030   3.0   0.0
   2 1987 292  8710.   7.5  15.5   1.070   3.0   0.0
   2 1987 293  5620.   9.4  14.6   1.070   4.0   0.0
   2 1987 294  4000.   8.8  17.4   1.110   3.5   0.0
   2 1987 295  8130.   3.7  15.4   1.060   1.5   1.6
   2 1987 296  5620.   1.5  12.7   0.930   1.0   5.5
   2 1987 297  5870.   4.3  13.2   0.990   0.5   0.0
   2 1987 298  7060.   2.9  12.7   0.900   1.0   0.0
   2 1987 299  7430.   3.3  11.3   0.900   3.0   0.0
   2 1987 300  4900.   7.2  14.4   1.080   4.5   0.0
   2 1987 301   750.  10.7  13.4   1.260   2.0   4.1
   2 1987 302   880.   8.6  11.8   1.280   1.0  11.5
   2 1987 303  2070.   8.4  12.6   1.220   1.0   0.0
   2 1987 304  1600.  10.1  12.4   1.230   1.0   0.0
-999 1987 305      1     1     1       1     1     1
   2 1987 305  1620.  10.6  13.0   1.310   3.2   4.9
   2 1987 306  5890.   3.6  14.2   1.020   1.7   0.0
   2 1987 307  4120.   4.1  11.7   1.030   1.5   0.0
   2 1987 308  3780.   4.2   9.9   0.890   1.7   0.0
   2 1987 309  1250.   4.9   9.9   0.980   1.0   0.0
   2 1987 310  1520.   7.8   9.7   0.950   1.2   0.0
   2 1987 311  4360.  -0.1   9.1   0.810   1.7   0.0
   2 1987 312  1100.   0.7   3.4   0.710   2.3   0.2
   2 1987 313  1090.   2.2   4.9   0.740   2.3   0.0
   2 1987 314  1080.   3.3   6.0   0.810   2.5   2.6
   2 1987 315  2070.   5.1  10.2   1.020   6.4   4.0
   2 1987 316  3060.   5.3  10.3   0.940   7.8   0.1
   2 1987 317  3190.   4.5   8.0   0.860   4.6   6.9
   2 1987 318  4330.   4.2   9.8   0.870   3.9   7.6
   2 1987 319  2550.   5.2   7.5   0.900   5.7   2.6
   2 1987 320  2630.   7.5  12.5   1.130   5.7   3.2
   2 1987 321  2090.   5.6  10.5   1.010   5.1   0.5
   2 1987 322  3230.   4.7  12.1   1.070   3.2   0.1
   2 1987 323   360.   6.4  10.6   1.080   4.7  31.8
   2 1987 324  2700.   6.5   9.4   0.890   6.8   5.4
   2 1987 325  2370.   6.4   9.2   0.970   4.2   3.9
   2 1987 326  1470.   5.2   8.4   0.970   2.8   0.0
   2 1987 327  1040.   2.6   7.2   0.870   2.6   0.0
   2 1987 328   600.   1.6   5.4   0.720   5.7   0.0
   2 1987 329   240.   1.5   5.3   0.770   6.7   0.0
   2 1987 330   400.   4.2   5.0   0.830   2.3   0.8
   2 1987 331   690.   3.1   4.9   0.790   1.8   0.6
   2 1987 332  1030.   2.9   5.6   0.800   1.1   0.0
   2 1987 333  1940.   2.3   6.0   0.790   2.3   0.0
   2 1987 334  2940.  -0.4   6.3   0.700   1.2   0.0
   2 1987 335   860.   0.1   3.6   0.670   3.4   0.0
   2 1987 336  2100.  -0.1   3.7   0.600   5.3   0.0
   2 1987 337  3090.  -0.8   3.1   0.550   3.9   0.0
   2 1987 338  3060.  -2.0   0.3   0.540   3.1   0.0
   2 1987 339   900.  -2.0  -0.4   0.560   5.0   0.0
   2 1987 340   880.  -1.8   2.6   0.590   3.4   0.4
   2 1987 341  3400.  -0.9   2.7   0.240   1.5   0.0
-999 1987 342      3     1     1       3     1     1
   2 1987 342  3000.  -4.5   0.6   0.430   2.8   0.0
   2 1987 343  2430.  -4.8  -2.0   0.390   1.7   0.0
   2 1987 344   880.  -2.0   5.3   0.670   3.2   0.0
-999 1987 345      1     1     1       1     1     1
   2 1987 345  1830.   1.7   6.1   0.740   2.0   1.1
   2 1987 346  1240.  -0.7   4.7   0.680   0.9   0.0
   2 1987 347  1140.  -1.6   2.1   0.590   2.5   0.0
   2 1987 348   730.  -3.6  -1.3   0.430   3.1   0.0
   2 1987 349   780.  -4.3   0.5   0.470   3.1   0.0
   2 1987 350   450.   0.4   9.2   0.820   2.9   8.9
   2 1987 351   930.   8.8  11.5   1.140   4.5  10.5
   2 1987 352   930.   9.0  13.8   1.220   6.7   6.0
   2 1987 353  2350.   6.1   9.3   0.950   4.7   2.0
   2 1987 354   770.   8.1   9.7   1.080   5.5   0.8
-999 1987 355      1     1     1       3     1     1
   2 1987 355   500.   8.3   9.8   1.080   5.6   0.0
   2 1987 356  2900.   0.0   9.3   0.860   3.0   0.0
-999 1987 357      1     1     1       1     1     1
   2 1987 357  2030.   0.5   4.7   0.690   2.5   0.0
   2 1987 358   580.  -0.8   4.6   0.650   2.9   0.0
   2 1987 359   440.   4.5   7.5   0.900   3.7   0.6
   2 1987 360   940.   6.1   8.5   0.920   6.1   0.1
   2 1987 361   480.   7.9  10.1   1.000   5.8   6.8
   2 1987 362   840.   9.7  11.3   1.130   6.3   0.0
   2 1987 363   760.   8.8  11.8   1.090   7.1  10.9
   2 1987 364  2650.   7.2  10.9   1.040   4.4   0.7
   2 1987 365  2170.   7.8  10.0   1.040   4.9   0.0
