*---------------------------------------------------------------------------*
* Station name: Swifterbant, Netherlands
* Year: 1976
* Author: Peter Uithol                                     -99.000: NIL VALUE
* Source: Natuur- en Weerkunde (J.G. Krom)
* Comments: Wind speed data at 1.50 m height from April
*           onwards 2.00 m height.
* Longitude: 5 38 E, latitude: 52 34 N, altitude: -4 m.
*
* Column  Daily value
* 1       station number
* 2       year
* 3       day
* 4       irradiation                   (kJ m-2 d-1)
* 5       minimum temperature           (degrees Celsius)
* 6       maximum temperature           (degrees Celsius)
* 7       early morning vapour pressure (kPa)
* 8       mean wind speed               (m s-1)
* 9       precipitation                 (mm d-1)
*
** WCCDESCRIPTION=Netherlands, Swifterbant
** WCCFORMAT=2
** WCCYEARNR=1976
*---------------------------------------------------------------------------*
   5.63  52.57    -4.  -0.18 -0.55
   2 1976   1  1920.   1.6   7.2   0.710   5.2   5.6
   2 1976   2  2430.   1.8  10.0   0.810   8.0  10.6
   2 1976   3  2060.   3.8   8.9   0.610  15.0  13.4
   2 1976   4  2380.   2.1   5.0   0.630   6.1   1.0
   2 1976   5   390.   2.0   9.0   0.910   6.3   0.4
   2 1976   6  2420.   3.6   7.7   0.870   4.2   5.3
   2 1976   7   910.   5.6   8.3   0.970   5.7   0.1
   2 1976   8   410.   6.7   7.8   0.900   7.4   0.0
   2 1976   9   470.   7.0   7.8   0.970   6.3   0.0
   2 1976  10  1290.   4.9   9.8   0.950   6.7  12.2
   2 1976  11   740.   8.2  10.1   1.070   8.2   4.6
   2 1976  12  1540.   8.2   9.6   1.010   8.7   0.2
   2 1976  13  1930.   5.0   8.8   0.940   4.7   0.3
   2 1976  14   510.   7.0   8.0   0.910   8.3   0.0
   2 1976  15  2890.   6.1   7.9   0.880   6.3   1.4
   2 1976  16  1310.   6.9   8.1   0.970   4.9   0.6
   2 1976  17  3710.   3.5   7.2   0.810   3.8   0.0
   2 1976  18  1120.   4.2   7.0   0.820   4.8   0.0
   2 1976  19  3570.   3.4   8.0   0.810   7.0   1.2
   2 1976  20   770.   6.8  10.4   0.880  12.7   1.8
   2 1976  21  1320.   5.8   8.3   0.750  12.0   1.4
   2 1976  22  1320.   4.7   9.5   0.830   8.9   3.4
   2 1976  23  2730.   3.1   8.9   0.710   9.1   0.6
   2 1976  24  5490.  -1.0   4.1   0.640   3.8   1.8
   2 1976  25  3010.  -2.3   3.9   0.600   3.6   1.5
   2 1976  26  5490.  -3.2   0.9   0.570   4.8   0.3
   2 1976  27  3750.  -9.0   1.5   0.490   6.1   1.8
   2 1976  28  5760. -11.6  -6.3   0.300   2.8   0.0
   2 1976  29  7060. -13.8  -6.7   0.260   4.7   0.0
   2 1976  30  7260. -10.6  -5.6   0.280   8.4   0.0
   2 1976  31  5870.  -8.9  -4.2   0.290   9.5   0.0
   2 1976  32  5320.  -9.6  -5.8   0.280   6.7   0.0
   2 1976  33  2300.  -5.1  -1.4   0.660   5.0   0.0
   2 1976  34  1480.  -1.7  -1.0   0.610   3.9   0.0
   2 1976  35  2510.  -3.0   0.0   0.610   6.3   0.0
   2 1976  36  2350.  -1.6   1.6   0.520   8.4   0.0
   2 1976  37  5850.  -4.1   1.6   0.500   6.3   0.0
   2 1976  38  2230.  -6.0   1.2   0.500   3.4   0.0
   2 1976  39  1700.   0.7   2.2   0.620   2.6   0.0
   2 1976  40  1740.   0.9   3.8   0.670   3.6   0.0
   2 1976  41  2610.   0.7   7.0   0.720   5.1   2.1
   2 1976  42  3090.   0.6   4.7   0.600   5.8   0.1
   2 1976  43  2360.   0.8   5.0   0.700   6.1   3.9
   2 1976  44  1500.   0.6   4.4   0.680   6.8   4.0
   2 1976  45  2870.   0.0   2.1   0.470   7.1   1.0
   2 1976  46  3180.  -2.0   0.0   0.400   4.1   0.0
   2 1976  47  5540.  -2.8   1.4   0.480   6.2   0.0
   2 1976  48  2440.   0.9   3.2   0.580   5.8   0.0
   2 1976  49  4740.  -0.4   5.2   0.590   3.4   0.0
   2 1976  50  7070.  -0.3  11.6   0.680   2.3   0.0
   2 1976  51  6980.   0.3  12.6   0.720   2.4   0.0
   2 1976  52  3960.   1.3  10.1   0.770   2.6   0.0
   2 1976  53  7990.   1.7  12.6   0.690   3.1   0.0
   2 1976  54  8060.  -0.5  12.9   0.730   2.8   0.0
   2 1976  55  1820.   3.8   8.9   0.880   5.0   0.0
   2 1976  56  8040.   4.3  10.3   0.880   6.5   0.2
   2 1976  57  9480.   2.6  10.9   0.830   5.2   0.0
   2 1976  58  3860.   2.3  10.2   0.850   2.3   0.1
   2 1976  59 10220.   0.3  12.9   0.730   2.9   0.0
   2 1976  60  6570.   2.7  11.4   0.850   5.8   0.0
   2 1976  61 11540.   2.1   8.0   0.680   5.9  10.0
   2 1976  62  9450.  -0.1   7.7   0.660   3.2   0.0
   2 1976  63 12710.  -1.3   8.7   0.510   4.6   0.0
   2 1976  64 12630.  -0.9   8.6   0.420   5.4   0.0
   2 1976  65 13450.  -2.6   2.5   0.380   6.8   0.0
   2 1976  66 11230.  -3.8   2.0   0.390   5.9   0.0
   2 1976  67  8390.  -3.5   0.5   0.390   5.4   0.0
   2 1976  68 11360.  -5.0   1.8   0.370   2.6   0.0
   2 1976  69 10400.  -8.8   2.5   0.380   1.9   0.0
   2 1976  70  9020.  -7.4   3.9   0.420   3.3   0.0
   2 1976  71  8820.   0.9   7.5   0.380   4.3   0.0
   2 1976  72  9480.   0.8  10.0   0.430   6.3   0.0
   2 1976  73  7840.   1.3  10.0   0.680   4.3   2.2
   2 1976  74 11130.  -0.5  10.2   0.590   4.1   2.0
   2 1976  75  9090.  -1.5   7.3   0.600   5.3   0.0
   2 1976  76  4150.   0.9   3.0   0.610   5.7   1.0
   2 1976  77  2850.   0.4   3.5   0.630   4.2   0.0
   2 1976  78  6530.   1.4   7.8   0.640   4.3   0.0
   2 1976  79 13540.  -2.2   5.7   0.480   4.8   0.0
   2 1976  80 15690.  -4.9   7.5   0.410   3.5   0.0
   2 1976  81 16940.  -4.4   5.6   0.330   5.9   0.0
   2 1976  82 16110.  -5.1   3.8   0.380   6.5   0.0
   2 1976  83 16040.  -3.9   5.1   0.430   5.9   0.0
   2 1976  84 10400.  -3.5   4.1   0.440   3.3   0.0
   2 1976  85  4850.   2.5   9.1   0.920   6.4   4.1
   2 1976  86  4680.   1.1   8.7   0.810   5.8   5.9
   2 1976  87  4770.   1.3   8.3   0.790   5.7   1.5
   2 1976  88 10160.   3.1  10.9   0.860   6.3   0.5
   2 1976  89  8020.   4.0   9.3   0.830   8.0   0.0
   2 1976  90 15940.   4.4  10.2   0.740   6.8   0.0
   2 1976  91  9500.   5.6  10.8   0.890   8.6   0.0
   2 1976  92  5790.   6.1  12.6   0.950   3.7   0.0
   2 1976  93 11640.   3.9  12.0   0.890   5.3   0.0
   2 1976  94 13230.  -1.8   8.4   0.670   4.7   0.5
   2 1976  95 11280.  -1.9  10.2   0.590   2.7   0.0
   2 1976  96 17270.   1.2  13.1   0.700   6.8   0.0
   2 1976  97  7570.   3.7  12.1   0.790   7.0   0.0
   2 1976  98  8450.   2.9   7.5   0.710   5.1   0.0
   2 1976  99 17190.  -0.3   8.9   0.670   6.1   1.7
   2 1976 100 19980.  -5.3  10.0   0.560   1.8   0.0
   2 1976 101 19210.   0.1  12.8   0.620   1.9   0.0
   2 1976 102 19530.  -0.6  15.3   0.590   2.2   0.0
   2 1976 103 19530.   0.6  15.5   0.660   3.2   0.0
   2 1976 104 20030.   1.2  16.1   0.660   2.3   0.0
   2 1976 105  8300.   3.1  12.6   0.870   2.2   0.0
   2 1976 106 18960.   3.4  16.5   0.910   5.5   0.0
   2 1976 107 10890.   4.0  12.3   0.940   4.8   0.0
   2 1976 108 19260.   1.2  14.8   0.870   2.1   0.0
   2 1976 109 19080.  -0.4  17.0   0.980   2.2   0.0
   2 1976 110 22040.   5.1  18.6   0.920   5.0   0.0
   2 1976 111 23220.   5.0  17.8   0.760   5.7   0.0
   2 1976 112 12140.   3.7  13.7   0.830   4.9   0.0
   2 1976 113 19740.  -0.1  10.6   0.520   6.2   0.0
   2 1976 114 14610.   0.3   7.1   0.640   5.9   0.0
   2 1976 115 21540.   0.3  10.7   0.590   8.8   1.1
   2 1976 116 23970.   3.8  15.5   0.720   7.9   0.0
   2 1976 117 24910.   2.7  14.6   0.730   6.2   0.0
   2 1976 118 13090.  -0.2  10.0   0.610   6.4   0.0
   2 1976 119 18020.  -1.2   8.2   0.480   4.4   0.0
   2 1976 120 19600.  -4.7   9.6   0.610   2.9   0.0
   2 1976 121 18440.  -0.3  12.6   0.710   2.9   0.0
   2 1976 122 15910.  -2.3  14.4   0.650   2.5   0.0
   2 1976 123  4460.   4.6  12.1   0.930   5.0   0.1
   2 1976 124  9070.   4.9  12.1   0.960   5.3   0.2
   2 1976 125  8300.   2.1  11.4   0.960   5.5   6.3
   2 1976 126 17720.   1.1  17.6   1.030   2.1   0.0
   2 1976 127 22410.   7.5  24.3   1.160   4.0   0.0
   2 1976 128 23010.   9.0  28.0   1.200   4.3   0.0
   2 1976 129 22780.  11.9  27.4   1.420   3.2   0.0
   2 1976 130 24280.  11.8  28.9   1.290   3.5   0.0
   2 1976 131 23420.  11.5  28.8   1.410   4.6   0.0
   2 1976 132 25640.   7.5  16.5   0.890   4.6   0.0
   2 1976 133  6980.   7.2  14.1   1.070   6.7   0.0
   2 1976 134 15830.   2.9  11.0   0.840   5.7   1.8
   2 1976 135 22540.   1.3  16.3   0.760   3.3   0.9
   2 1976 136 25960.   3.1  20.7   0.830   4.3   0.0
   2 1976 137 25860.   5.8  16.5   0.910   3.9   0.0
   2 1976 138 26060.   4.0  23.6   0.970   3.4   0.0
   2 1976 139 21870.   9.7  24.3   1.320   3.0   0.0
   2 1976 140  8200.   7.2  16.7   1.250   3.1   1.0
   2 1976 141 17010.   6.0  17.6   1.050   4.1   1.1
   2 1976 142 14460.   8.0  14.5   1.050   4.3   1.2
   2 1976 143 27390.   5.6  18.1   0.990   2.5   2.5
   2 1976 144 24210.   5.1  20.0   1.190   3.2   0.0
   2 1976 145 25940.   6.5  17.9   0.860   5.0   0.0
   2 1976 146 25050.   4.8  20.0   0.950   2.8   0.0
   2 1976 147 11400.   7.6  13.1   1.060   6.1   1.1
   2 1976 148  5300.   7.4  13.6   1.160   5.5   3.0
   2 1976 149 15770.   8.4  15.0   1.090   2.5   0.5
   2 1976 150 18410.   6.5  18.6   1.160   3.2   0.0
   2 1976 151  6690.   9.3  13.6   1.200   5.5   0.0
   2 1976 152 16480.   7.8  15.7   1.190   5.2   0.1
   2 1976 153 13790.   8.7  17.9   1.340   4.5   0.0
   2 1976 154  7250.   9.2  12.1   0.970   5.4   1.2
   2 1976 155  7390.   6.4  11.9   0.940   4.7   1.2
   2 1976 156 17430.   4.6  13.2   0.890   1.9   0.7
   2 1976 157 28110.   1.1  18.5   0.890   2.4   0.0
   2 1976 158 27560.   5.4  22.5   1.060   3.3   0.0
   2 1976 159 28800.   6.4  25.5   1.410   2.2   0.0
   2 1976 160 28910.  11.8  28.4   1.270   3.8   0.0
   2 1976 161 25630.  13.2  30.2   1.560   4.5   0.0
   2 1976 162 27150.   9.7  19.2   1.350   4.3   0.0
   2 1976 163 27090.   7.1  21.7   1.000   1.7   0.0
   2 1976 164 25100.  11.3  24.3   1.350   3.9   0.0
   2 1976 165 26690.   9.6  20.2   1.380   3.4   0.0
   2 1976 166 27820.   8.5  23.1   1.440   3.8   0.0
   2 1976 167 13730.  12.4  19.7   1.380   4.3   0.0
   2 1976 168 14230.  10.8  16.7   1.160   5.1   0.0
   2 1976 169 30110.   7.5  22.5   1.280   3.0   0.0
   2 1976 170 24490.   5.5  22.2   1.320   3.0   0.0
   2 1976 171  5920.  11.2  15.5   1.420   4.4   1.1
   2 1976 172  7340.   9.8  14.7   1.360   4.6  12.7
   2 1976 173 25580.   8.7  20.5   1.190   2.6   4.5
   2 1976 174 25350.   8.1  24.0   1.530   1.9   0.0
   2 1976 175 25240.  11.5  27.0   1.620   1.6   0.0
   2 1976 176 23650.  14.8  30.1   1.790   2.1   0.0
   2 1976 177 24940.  15.2  31.2   1.800   2.1   0.0
   2 1976 178 25200.  16.0  30.9   1.990   2.0   0.0
   2 1976 179 25350.  16.7  31.2   1.970   1.9   0.0
   2 1976 180 28270.  15.2  28.4   1.750   3.3   0.0
   2 1976 181 29660.  13.1  25.2   1.350   4.0   0.0
   2 1976 182 29230.  13.5  28.6   1.490   5.3   0.0
   2 1976 183 29170.  12.5  27.0   1.190   4.6   0.0
   2 1976 184 29290.  10.7  29.8   1.330   3.6   0.0
   2 1976 185 27450.  12.6  32.1   1.340   3.7   0.0
   2 1976 186 27840.  14.3  31.9   1.380   3.3   0.0
   2 1976 187 27810.  13.9  30.1   1.670   4.4   0.0
   2 1976 188 29190.  14.3  28.2   1.090   5.1   0.0
   2 1976 189 29060.  12.2  28.6   1.120   5.0   0.0
   2 1976 190 28320.  14.1  26.3   1.430   3.9   0.0
   2 1976 191 25530.  12.5  25.0   1.530   2.5   0.0
   2 1976 192 16520.  11.0  22.5   1.600   2.8   0.0
   2 1976 193 25110.   8.8  24.4   1.310   2.6   0.0
   2 1976 194 25670.  11.8  27.3   1.430   4.3   0.0
   2 1976 195  7270.  12.8  22.1   1.710   2.3   2.9
   2 1976 196 15340.  11.0  23.0   1.580   3.2   3.1
   2 1976 197 24160.   9.9  26.9   1.460   2.1   0.7
   2 1976 198 16850.  15.9  28.2   2.030   3.0   0.0
   2 1976 199 10720.  16.9  22.6   1.950   3.1   0.8
   2 1976 200 13930.  13.1  22.6   1.670   2.7   1.7
   2 1976 201 14620.  12.4  24.3   1.750   4.3   0.0
   2 1976 202 12560.  14.1  20.6   1.570   4.3   1.1
   2 1976 203 10860.  12.9  18.1   1.390   4.3   0.0
   2 1976 204 22420.   9.6  20.6   1.200   3.9   0.2
   2 1976 205 19780.   8.0  20.5   1.220   3.2   1.6
   2 1976 206 19440.  10.0  20.4   1.410   3.0   0.0
   2 1976 207 22240.  11.5  21.0   1.420   4.0   3.2
   2 1976 208 23340.   9.3  20.7   1.360   3.5   1.7
   2 1976 209 15760.  10.3  20.9   1.260   2.8   0.0
   2 1976 210 17970.  11.9  20.2   1.280   4.8   0.0
   2 1976 211 24870.  13.1  20.0   1.190   4.8   0.4
   2 1976 212  6750.  13.2  18.4   1.410   5.4   0.0
   2 1976 213 12380.  10.0  16.9   1.120   3.8   1.5
   2 1976 214 19080.   9.7  17.5   1.150   4.3   5.2
   2 1976 215 11860.  12.9  19.0   1.520   5.0   6.8
   2 1976 216 17420.  11.9  19.6   1.510   4.4   0.0
   2 1976 217 21940.   9.1  18.5   1.140   3.2   0.2
   2 1976 218 17620.  10.9  19.5   1.260   2.5   0.0
   2 1976 219 17860.  10.6  20.7   1.350   2.0   0.0
   2 1976 220 12020.   8.9  19.6   1.430   2.8   0.0
   2 1976 221 19420.  13.7  21.9   1.380   3.5   0.0
   2 1976 222 21780.  12.6  25.4   1.420   4.4   0.0
   2 1976 223 21560.  10.9  25.9   1.280   3.1   0.0
   2 1976 224 16840.  11.2  25.8   1.420   2.7   0.0
   2 1976 225 19730.  11.7  26.1   1.420   2.2   0.0
   2 1976 226 22540.  11.2  23.9   1.290   3.5   0.0
   2 1976 227 21820.  12.8  24.2   1.340   4.4   0.0
   2 1976 228 21500.  13.5  25.1   1.470   4.6   0.0
   2 1976 229 22170.  11.1  25.9   1.250   4.4   0.0
   2 1976 230 16190.  10.8  22.5   1.440   2.8   0.5
   2 1976 231 19870.   9.5  24.1   1.500   3.3   0.0
   2 1976 232 20520.  11.0  25.0   1.670   3.4   0.0
   2 1976 233 19660.  10.8  26.4   1.630   3.7   0.0
   2 1976 234 21840.  11.5  25.0   1.290   4.5   0.0
   2 1976 235 22920.  10.0  23.8   0.940   5.3   0.0
   2 1976 236 22620.   8.4  24.8   0.980   4.3   0.0
   2 1976 237 21810.   6.9  27.9   0.920   2.9   0.0
   2 1976 238 20930.   8.6  30.0   1.060   2.5   0.0
   2 1976 239 13840.  11.6  22.3   1.490   4.2   0.0
   2 1976 240 19380.  14.0  22.4   1.240   6.4   0.1
   2 1976 241 14310.  12.9  21.1   1.440   4.4   0.0
   2 1976 242 14460.  11.4  26.4   1.550   3.1   2.3
   2 1976 243  8040.  11.6  22.7   1.670   3.2   0.5
   2 1976 244 16310.  10.2  20.4   1.440   3.4   2.0
   2 1976 245  7280.   9.6  18.5   1.340   3.9   0.0
   2 1976 246 16530.  10.5  17.0   1.170   4.2   9.5
   2 1976 247 15590.  10.9  17.5   1.060   5.5   1.3
   2 1976 248  4790.   8.1  14.9   1.260   3.0   0.9
   2 1976 249 12600.   6.5  17.3   1.080   2.4   4.0
   2 1976 250 17410.   6.7  19.7   1.160   3.0   0.2
   2 1976 251 12490.   8.0  21.0   1.290   3.3   0.0
   2 1976 252 11860.   9.9  20.7   1.210   3.0   0.0
   2 1976 253  5290.   9.0  15.8   1.140   5.9   2.6
   2 1976 254 12390.   8.6  15.3   1.010   6.9   6.3
   2 1976 255  7730.   7.7  14.3   1.030   6.5   3.0
   2 1976 256 15190.   6.3  18.5   1.080   4.7   0.3
   2 1976 257  3530.   5.4  18.0   1.190   4.0   0.0
   2 1976 258 10590.  10.8  16.4   1.210   4.7   2.1
   2 1976 259 13340.   6.5  18.0   1.160   2.3   0.0
   2 1976 260  8790.   9.5  16.4   1.300   1.6   0.0
   2 1976 261  6000.   8.1  16.9   1.190   2.2   0.0
   2 1976 262  9780.   9.8  17.3   1.180   2.8  18.0
   2 1976 263 12270.   8.9  19.7   1.170   2.6   0.9
   2 1976 264 10460.   7.3  18.1   1.190   2.7   0.0
   2 1976 265 14330.   6.8  18.1   1.080   3.2   0.0
   2 1976 266 13430.   6.8  18.6   1.130   3.3   0.0
   2 1976 267  9970.  10.6  18.6   1.300   2.8   0.0
   2 1976 268  8910.  10.4  18.1   1.410   2.4   0.1
   2 1976 269  6390.  10.7  16.5   1.370   5.6   0.0
   2 1976 270  4290.   9.6  17.8   1.500   2.9   0.3
   2 1976 271  8740.   8.6  21.0   1.470   2.2   0.9
   2 1976 272  5470.  10.1  19.9   1.560   1.5   0.0
   2 1976 273  6460.  10.8  18.1   1.500   1.7   0.5
   2 1976 274 10550.   9.0  19.5   1.460   3.4   8.5
   2 1976 275  5450.  12.4  16.6   1.460   4.7   0.0
   2 1976 276  8860.  10.4  18.8   1.420   2.4   6.1
   2 1976 277  9720.   9.7  18.3   1.310   3.3   0.0
   2 1976 278  5210.  10.3  17.6   1.330   4.4   0.0
   2 1976 279 10890.   7.2  15.0   1.080   5.2   6.2
   2 1976 280  1620.  11.5  17.0   1.560   7.1   3.8
   2 1976 281  2800.  12.0  18.5   1.490   6.1   4.6
   2 1976 282  4740.   9.3  14.9   1.300   2.8   0.0
   2 1976 283  5470.  11.5  17.6   1.560   3.3   0.0
   2 1976 284  4830.  13.5  17.8   1.660   2.3   0.0
   2 1976 285  8270.  12.8  22.1   1.630   5.2   0.0
   2 1976 286  6130.  10.6  16.9   1.390   4.1   0.0
   2 1976 287  5660.   8.1  13.7   1.230   1.4   0.0
   2 1976 288  4470.   7.5  15.5   1.180   4.5   0.0
   2 1976 289  3200.   9.0  12.7   1.010   8.4   1.2
   2 1976 290 10670.   3.5  13.5   0.920   3.6   0.8
   2 1976 291  8750.   0.0  11.2   0.820   3.5   0.0
   2 1976 292  5630.   3.7   9.0   0.890   3.8   0.0
   2 1976 293  6090.   7.0  13.5   1.170   4.1   0.0
   2 1976 294  5370.   8.8  15.6   1.270   3.7   2.8
   2 1976 295  4870.   6.4  14.4   1.110   5.1   0.0
   2 1976 296  5660.   9.9  14.0   1.290   4.5   0.3
   2 1976 297  6480.   8.5  14.7   1.100   4.6   1.1
   2 1976 298  6450.   6.4  13.5   1.160   2.5   2.5
   2 1976 299  6900.   5.0  16.3   1.160   3.7   0.6
   2 1976 300  3520.   3.5   7.9   0.880   3.2   0.0
   2 1976 301  1100.   4.3   6.3   0.850   3.6   0.0
   2 1976 302   740.   4.3   5.6   0.830   4.3   0.0
   2 1976 303  1650.   3.8  10.1   0.960   2.9   0.0
   2 1976 304  2200.   3.6   8.5   0.920   3.8   0.0
   2 1976 305  6780.   2.3  10.1   0.780   2.2   0.0
   2 1976 306  3140.   4.5  10.0   0.950   6.0   0.0
   2 1976 307  3180.   5.6  11.3   1.010   5.4   0.1
   2 1976 308  2800.   2.0   7.1   0.860   2.0   0.3
   2 1976 309  6430.   4.2  11.5   0.860   3.6   2.8
   2 1976 310  2180.   4.5   9.8   0.920   6.6   0.0
   2 1976 311  3560.   5.4  10.2   0.900   4.2   0.0
   2 1976 312  2340.   6.5  11.5   1.050   3.6   5.3
   2 1976 313  2800.   4.7  10.1   0.970   4.9   0.5
   2 1976 314  2480.   2.3  10.0   0.930   4.2   0.5
   2 1976 315  2500.   3.2  12.9   1.040   4.7   1.5
   2 1976 316  1760.   2.0   9.5   0.940   1.6   0.8
   2 1976 317  5380.   0.7   8.0   0.760   2.8   0.0
   2 1976 318  2250.   2.7   7.1   0.870   3.5   0.1
   2 1976 319  3300.   6.1   8.7   0.950   3.3   0.0
   2 1976 320  2640.   1.1   7.9   0.850   2.7   0.0
   2 1976 321  2350.   0.7   7.5   0.850   2.9   0.0
   2 1976 322   820.   6.5   8.1   1.010   2.9   2.8
   2 1976 323  1320.   6.3   8.5   1.010   1.7   0.0
   2 1976 324  1580.   1.0   9.6   0.900   2.1   0.0
   2 1976 325  1430.   1.0   8.0   0.910   1.6   0.0
   2 1976 326   930.   4.8   7.3   0.870   2.7   0.3
   2 1976 327  2170.   3.6   7.7   0.770   4.8   0.4
   2 1976 328  3950.   1.6   5.9   0.700   4.9   1.0
   2 1976 329   880.   4.6   9.2   0.970   6.0   0.9
   2 1976 330  1260.   5.9   9.7   1.010   4.0   2.7
   2 1976 331  1330.   6.7   8.7   0.950   6.9   0.0
   2 1976 332  2680.   5.1  10.6   0.980   5.4   0.4
   2 1976 333   760.   5.0   9.6   1.010   8.5   0.0
   2 1976 334  2140.   5.1   8.7   0.940   7.6   2.1
   2 1976 335   530.   3.9  11.0   0.960   6.1   6.6
   2 1976 336  3060.   1.7   7.2   0.730   6.7  15.9
   2 1976 337  2900.   0.5   4.2   0.670   2.5   0.3
   2 1976 338  2260.   0.2   3.0   0.640   5.1   0.7
   2 1976 339  1820.   0.3   5.8   0.650   4.9  10.4
   2 1976 340  1200.  -0.2   1.5   0.620   5.1   9.5
   2 1976 341   600.  -0.1   5.5   0.690   7.5   1.2
   2 1976 342  3440.   5.2   7.4   0.830   7.4   6.3
   2 1976 343  2590.   5.3   9.0   0.880   6.7   0.5
   2 1976 344  3220.   1.0   7.5   0.730   3.8   3.4
   2 1976 345  3850.   0.6   6.1   0.620   4.2   0.0
   2 1976 346  1250.   2.0   5.7   0.720   7.1   3.0
   2 1976 347  2610.  -0.6   5.5   0.710   3.8   4.3
   2 1976 348  1240.  -2.0   2.2   0.610   2.1   0.0
   2 1976 349  2750.  -3.0   0.7   0.550   1.7   1.2
   2 1976 350  1740.  -2.0   2.0   0.600   1.9   0.0
   2 1976 351  1190.  -1.8   2.6   0.580   3.0   0.0
   2 1976 352  1610.  -1.8   0.9   0.530   5.8   0.1
   2 1976 353  1670.   0.4   2.0   0.620   2.4   6.7
   2 1976 354   840.  -0.6   0.4   0.520   7.6   0.0
   2 1976 355  1300.   0.2   2.0   0.630   3.9   4.4
   2 1976 356   680.   1.5   5.9   0.790   4.3   1.3
   2 1976 357  2470.  -1.8   4.4   0.670   3.2   1.0
   2 1976 358  2130.  -1.6   1.2   0.580   3.0   0.0
   2 1976 359  1570.  -1.7   2.8   0.590   2.4   0.0
   2 1976 360  3960.  -3.8   2.9   0.460   3.4   0.0
   2 1976 361  3890.  -0.7   3.4   0.510   3.8   0.2
   2 1976 362   620.  -0.1   3.1   0.620   4.8   0.2
   2 1976 363  3920.  -4.2   1.1   0.500   3.1  10.2
   2 1976 364  3750.  -9.1  -1.0   0.420   4.7   0.2
   2 1976 365  2360. -10.0  -3.1   0.310   6.3   0.0
   2 1976 366  1830.  -4.6   2.4   0.510   5.5   0.0
