*---------------------------------------------------------------------------*
* Station name: Swifterbant, Netherlands
* Year: 1982
* Author: Peter Uithol                                     -99.000: NIL VALUE
* Source: Natuur- en Weerkunde via Nel van Keulen
* Comments:
* Longitude: 5 38 E, latitude: 52 34 N, altitude: -4 m.
*
* Column  Daily value
* 1       station number
* 2       year
* 3       day
* 4       irradiation                   (kJ m-2 d-1)
* 5       minimum temperature           (degrees Celsius)
* 6       maximum temperature           (degrees Celsius)
* 7       early morning vapour pressure (kPa)
* 8       mean wind speed (height: 2 m) (m s-1)
* 9       precipitation                 (mm d-1)
*
** WCCDESCRIPTION=Netherlands, Swifterbant
** WCCFORMAT=2
** WCCYEARNR=1982
*---------------------------------------------------------------------------*
   5.63  52.57    -4.  -0.18 -0.55
   2 1982   1   770.   2.2   6.9   0.810   1.6   1.3
   2 1982   2   530.   4.0  10.5   0.870   4.0   1.4
   2 1982   3  1880.   7.4  11.4   1.030   5.7   0.2
   2 1982   4   970.   7.7  10.8   0.990   6.3   2.0
   2 1982   5   600.  -1.1   9.7   0.910   6.0   6.0
   2 1982   6  2660.  -6.5  -0.9   0.340   4.6   0.0
   2 1982   7  2780.  -8.8  -2.4   0.340   2.2   0.0
   2 1982   8  2430.  -7.6  -5.0   0.270   5.8   0.0
   2 1982   9  1930. -11.3  -6.0   0.260   5.5   0.0
   2 1982  10  4080. -13.7  -5.3   0.240   2.6   0.0
   2 1982  11  2580. -11.8  -2.8   0.290   2.2   0.0
   2 1982  12  4090.  -9.8   1.0   0.380   0.7   0.0
   2 1982  13  3820. -10.9  -1.2   0.360   0.8   0.0
   2 1982  14  4110. -10.8  -0.6   0.270   1.9   0.0
   2 1982  15  3290. -11.2   1.5   0.360   1.8   0.0
   2 1982  16  3270.  -3.6   7.2   0.460   1.9   0.0
   2 1982  17  3330.  -3.6   6.6   0.520   1.2   0.0
   2 1982  18  3280.  -5.1   5.9   0.530   0.9   0.0
   2 1982  19  3300.  -2.8   3.9   0.560   1.3   0.0
   2 1982  20  3910.  -1.2   8.9   0.590   1.4   0.0
   2 1982  21  1170.  -0.5   3.1   0.630   2.8   2.7
   2 1982  22  1020.  -0.6   2.9   0.620   3.8   0.5
   2 1982  23  1110.   0.1   3.0   0.630   1.5   0.0
   2 1982  24  1690.  -0.4   3.3   0.600   2.6   0.0
   2 1982  25   510.   1.1   2.8   0.650   5.5   1.4
   2 1982  26  1140.   2.3   6.5   0.810   5.2   7.2
   2 1982  27  2420.   0.1   3.5   0.630   4.0   0.9
   2 1982  28  1180.  -0.1   5.4   0.670   5.6   0.4
   2 1982  29  1060.   3.7   7.0   0.830   5.4   0.9
   2 1982  30  2850.   5.7   7.9   0.900   7.4   1.6
   2 1982  31  5930.  -1.9   6.6   0.640   2.6   0.0
   2 1982  32  5490.  -2.7   4.2   0.520   1.6   0.0
   2 1982  33  5750.  -3.4   3.5   0.450   3.4   0.0
   2 1982  34  5650.  -2.7   2.9   0.280   4.0   0.0
   2 1982  35  4390.  -3.2   4.6   0.490   2.5   0.0
   2 1982  36  4260.  -1.3   8.1   0.640   3.1   0.0
   2 1982  37  2320.   4.4   8.5   0.830   3.9   2.8
   2 1982  38   970.   5.0   6.7   0.850   3.8   2.0
   2 1982  39  4180.   0.5   6.1   0.700   3.6   0.8
   2 1982  40  1720.   3.2   8.3   0.830   4.3   0.0
   2 1982  41  3860.   2.6   9.9   0.750   3.0   0.0
   2 1982  42  5230.   2.2  12.1   0.840   4.3   0.4
   2 1982  43  6080.   0.9   9.3   0.810   3.7   1.3
   2 1982  44  5750.   5.2  12.0   0.860   4.2   0.0
   2 1982  45  5400.  -0.3   7.6   0.790   1.9   0.3
   2 1982  46  1840.   0.1   3.8   0.660   5.2   0.0
   2 1982  47   740.   0.3   1.9   0.590   4.5   0.0
   2 1982  48   880.  -0.1   1.5   0.580   4.4   0.0
   2 1982  49  4060.  -1.6   3.5   0.530   5.4   0.0
   2 1982  50  5630.  -4.0   0.9   0.380   5.4   0.0
   2 1982  51  7160.  -4.7   3.5   0.380   4.6   0.0
   2 1982  52  7760.  -4.6   5.0   0.390   3.2   0.0
   2 1982  53  8830.  -5.2   6.3   0.410   2.8   0.0
   2 1982  54  7430.  -4.9   2.8   0.450   3.1   0.0
   2 1982  55  1380.  -2.9  -1.4   0.470   1.3   0.0
   2 1982  56  4730.  -5.0   1.5   0.440   2.0   0.0
   2 1982  57  6510.  -7.3   5.6   0.390   2.3   0.0
   2 1982  58  2310.  -1.1   4.5   0.600   4.0   0.0
   2 1982  59  1260.   3.2   9.2   0.910   4.8   5.1
   2 1982  60  5520.   4.3  12.1   0.970   8.3   3.9
   2 1982  61 10690.   3.1   8.3   0.770   6.5   0.0
   2 1982  62  2880.   5.8   9.4   0.890   9.0   8.9
   2 1982  63  2960.   2.5   6.4   0.750   6.5   0.5
   2 1982  64 11300.  -1.3   6.9   0.670   3.8   0.0
   2 1982  65 12100.  -3.7   7.7   0.530   2.5   0.0
   2 1982  66 11040.  -3.0   5.5   0.540   3.1   0.0
   2 1982  67 10120.  -3.8   8.1   0.560   1.0   0.0
   2 1982  68  6190.  -2.5   7.5   0.580   2.6   0.0
   2 1982  69  1410.   1.9   8.4   0.790   7.6   6.3
   2 1982  70  6600.   1.0   6.0   0.630   6.7   0.3
   2 1982  71  3590.   1.5   7.2   0.680   6.5   4.2
   2 1982  72 10990.   0.9   7.2   0.650   4.6   0.1
   2 1982  73  5730.   0.6   8.6   0.780   6.0   0.0
   2 1982  74  9290.   5.7  11.9   0.710   7.5   0.0
   2 1982  75  8760.   3.3  10.1   0.720   7.1   6.2
   2 1982  76  9270.   2.2   9.7   0.730   4.9   2.7
   2 1982  77  6780.  -0.4   8.3   0.710   3.0   2.3
   2 1982  78  6740.  -0.3   8.1   0.710   2.4   3.9
   2 1982  79 11250.   0.9   7.7   0.680   4.4   0.0
   2 1982  80  6980.   1.7   6.6   0.580   0.3   0.0
   2 1982  81  6990.   2.1   7.8   0.700   1.1   0.0
   2 1982  82 11110.   1.5   8.7   0.740   2.8   0.0
   2 1982  83  4890.   1.3   5.0   0.710   1.1   0.0
   2 1982  84 12430.  -0.9  10.4   0.670   0.8   0.3
   2 1982  85 15100.  -1.5  13.7   0.760   1.1   0.0
   2 1982  86 13300.   1.4  17.4   0.840   1.4   0.0
   2 1982  87  8250.   1.2  10.5   0.830   1.5   0.0
   2 1982  88  1870.   2.3   6.5   0.770   2.6   2.0
   2 1982  89  5400.   3.3   6.9   0.680   5.8   0.0
   2 1982  90 16400.   1.3  10.3   0.620   5.5   0.0
   2 1982  91 14130.   0.3  14.0   0.730   2.8   0.0
   2 1982  92 12630.   2.4  20.0   0.890   2.8   0.2
   2 1982  93 13680.   3.4  13.7   0.880   2.7   0.0
   2 1982  94 11860.   1.8  16.4   0.780   2.0   0.0
   2 1982  95 14650.   3.3  19.4   0.810   2.9   0.0
   2 1982  96  8160.   6.2  18.7   1.040   3.1   0.4
   2 1982  97  3820.   8.6  13.5   1.150   6.9   5.6
   2 1982  98 11860.   2.4   9.8   0.660   7.7   6.3
   2 1982  99 10210.   2.4   6.2   0.570   6.1   0.1
   2 1982 100 14500.   1.9   8.3   0.630   5.5   3.0
   2 1982 101 12330.   0.8   6.7   0.600   6.4   2.6
   2 1982 102 16120.   1.7   7.1   0.620   6.6   0.8
   2 1982 103 19630.   0.2   8.8   0.630   4.9   1.4
   2 1982 104 16920.  -1.6   8.7   0.590   1.4   0.0
   2 1982 105 19300.  -1.3  12.8   0.650   1.6   0.0
   2 1982 106 19410.   1.1  13.4   0.820   2.7   0.0
   2 1982 107 17740.   2.9  10.2   0.700   5.5   0.0
   2 1982 108 18940.   2.7  11.9   0.690   2.8   0.0
   2 1982 109 19020.   0.1  12.0   0.720   3.5   0.0
   2 1982 110 18020.   2.7  12.2   0.780   3.5   0.0
   2 1982 111 18350.   2.8  11.3   0.740   2.4   0.0
   2 1982 112 18940.   1.4  13.1   0.810   2.3   0.0
   2 1982 113 13170.   0.3  12.4   0.820   4.1   0.5
   2 1982 114 20760.   4.0  11.7   0.730   6.6   0.0
   2 1982 115 21000.   2.8  12.4   0.840   4.3   0.0
   2 1982 116 13580.   7.0  11.6   0.880   7.6   0.0
   2 1982 117  6700.   5.3  10.0   0.850   5.0   0.0
   2 1982 118 12560.   6.6  12.5   0.910   3.8   0.0
   2 1982 119 13770.   2.6   9.2   0.720   7.2   2.9
   2 1982 120  6480.   2.5   9.0   0.780   5.8   2.6
   2 1982 121  7570.   3.5  10.2   0.800   6.8   3.4
   2 1982 122 16770.   2.8  10.4   0.630   6.6   0.0
   2 1982 123 16230.   6.3  12.5   0.760   8.1   1.0
   2 1982 124 17720.   2.8  12.4   0.720   5.8   0.1
   2 1982 125  7270.   2.0   9.5   0.760   1.4   2.4
   2 1982 126  6020.   2.0   9.9   0.840   2.6  12.7
   2 1982 127 15280.   3.3  10.9   0.800   4.2   0.6
   2 1982 128 10070.   1.4  10.4   0.810   3.6   0.1
   2 1982 129 25320.  -1.2  12.8   0.740   2.1   0.0
   2 1982 130 24040.  -0.4  14.6   0.790   2.0   0.0
   2 1982 131 23760.   3.7  15.6   0.900   2.0   0.0
   2 1982 132 24450.   2.1  16.7   0.850   2.5   0.0
   2 1982 133 25990.   2.1  17.2   0.810   3.3   0.0
   2 1982 134 26160.   2.0  19.1   0.900   3.2   0.0
   2 1982 135 22960.   6.4  23.9   1.140   2.8   0.0
   2 1982 136 19150.   9.6  23.1   1.320   1.7   0.1
   2 1982 137 20500.  10.7  21.8   1.430   1.5   0.0
   2 1982 138 11350.  10.1  19.6   1.400   2.2   0.0
   2 1982 139 20260.   8.6  18.9   1.210   2.2   0.0
   2 1982 140  8130.  11.8  18.2   1.500   0.5   8.4
   2 1982 141 10730.   9.6  19.1   1.470   1.4   7.0
   2 1982 142  7450.  12.1  16.3   1.400   3.8   2.1
   2 1982 143  9290.   7.1  14.7   1.180   3.7   3.3
   2 1982 144 20210.   8.8  15.9   1.170   4.4   0.0
   2 1982 145 10380.   8.7  18.7   1.280   3.2   0.0
   2 1982 146 24450.   9.8  25.0   1.530   1.8   0.0
   2 1982 147 15960.  11.4  25.5   1.530   3.1   2.4
   2 1982 148 23890.   7.4  17.1   1.080   3.6   0.0
   2 1982 149 21870.   5.1  19.4   1.050   1.7   0.0
   2 1982 150 26740.   6.6  21.6   1.160   4.1   0.0
   2 1982 151 26230.  10.1  25.5   1.440   2.6   0.0
   2 1982 152 23160.  12.8  30.1   1.760   1.3   0.0
   2 1982 153 17220.  15.1  27.0   1.650   1.5   7.4
   2 1982 154 21800.  15.8  28.0   2.060   1.1   0.0
   2 1982 155 14000.  13.4  26.1   1.880   1.9  23.7
   2 1982 156 24910.  12.8  24.5   1.820   2.3   0.0
   2 1982 157 24010.  12.5  25.3   1.830   1.1   0.0
   2 1982 158 20190.  14.5  24.5   1.780   2.2   0.0
   2 1982 159 22280.  11.9  20.5   1.590   2.8   0.0
   2 1982 160 19630.   9.0  18.0   1.270   3.2   0.0
   2 1982 161 18450.   7.4  20.7   1.300   2.9   0.0
   2 1982 162  4270.  10.8  18.7   1.450   4.3   0.2
   2 1982 163 15800.   9.3  17.6   1.210   5.5   2.0
   2 1982 164 10050.  10.3  15.8   1.150   5.0  18.2
   2 1982 165 14720.   9.6  14.7   0.980   5.5   0.0
   2 1982 166 13510.   9.3  14.6   0.990   2.0   0.0
   2 1982 167 11390.   7.0  15.2   1.100   2.1   2.7
   2 1982 168 14740.   4.5  15.4   1.040   1.6   0.0
   2 1982 169 11680.   5.6  16.5   1.210   3.1   1.4
   2 1982 170  6470.  11.9  16.3   1.400   4.1  13.0
   2 1982 171 20450.   8.8  16.7   1.210   3.0   0.0
   2 1982 172 16220.   5.9  17.2   1.210   1.7   0.0
   2 1982 173 12970.  10.5  20.1   1.540   3.8  25.5
   2 1982 174 15460.  13.2  19.5   1.530   4.4   1.7
   2 1982 175 14080.  11.0  18.5   1.520   2.8   6.1
   2 1982 176 16420.  10.2  21.0   1.580   3.3   0.0
   2 1982 177 19810.  11.7  21.2   1.510   3.0   3.1
   2 1982 178 16550.  11.6  18.6   1.460   3.6   1.8
   2 1982 179 13960.  12.5  18.2   1.380   4.7   1.2
   2 1982 180 21980.  11.4  17.8   1.290   5.0   0.3
   2 1982 181 24400.   9.9  18.5   1.260   4.5   0.0
   2 1982 182 11130.   7.9  17.9   1.420   2.9   0.0
   2 1982 183 21980.  13.8  25.3   1.790   2.3   1.4
   2 1982 184 10250.  11.1  18.8   1.490   3.0   0.0
   2 1982 185 18800.  10.8  17.8   1.240   5.3   0.9
   2 1982 186 19940.   9.2  18.1   1.230   4.3   0.5
   2 1982 187  7590.   8.2  18.6   1.450   2.6   0.3
   2 1982 188 25380.   8.9  21.3   1.290   1.0   0.0
   2 1982 189 23840.   9.7  24.5   1.610   1.8   0.0
   2 1982 190 25550.  12.9  28.3   1.820   3.4   0.0
   2 1982 191 20410.  13.9  21.9   1.720   3.4   0.0
   2 1982 192 21470.  13.0  24.0   1.860   4.0   0.0
   2 1982 193 22780.  15.2  26.6   1.810   4.3   0.0
   2 1982 194 24650.  14.5  27.0   1.900   4.2   0.0
   2 1982 195 21280.  16.8  29.0   1.890   3.4   0.2
   2 1982 196 20210.  15.1  27.7   1.740   4.1   6.7
   2 1982 197 18910.   9.4  20.7   1.270   3.3   0.0
   2 1982 198 20010.   7.6  20.6   1.180   2.0   0.0
   2 1982 199 21260.   6.9  21.8   1.200   2.0   0.0
   2 1982 200 14250.  10.3  20.3   1.390   3.3   0.0
   2 1982 201 21730.  11.3  24.0   1.460   4.1   0.0
   2 1982 202 10150.  10.6  18.6   1.480   3.5   0.0
   2 1982 203 17430.  12.4  20.8   1.400   3.2   0.0
   2 1982 204  9240.  13.0  20.1   1.530   2.5   0.0
   2 1982 205  9260.  12.3  19.4   1.490   2.4   0.0
   2 1982 206 13680.  11.4  19.0   1.370   2.5   0.0
   2 1982 207 15290.  13.3  18.9   1.380   3.3   4.7
   2 1982 208 12710.  12.5  19.3   1.400   3.2   5.0
   2 1982 209 22810.  13.3  22.8   1.560   4.1   0.0
   2 1982 210 23470.  13.9  25.3   1.640   4.3   0.0
   2 1982 211 20860.  13.9  28.0   1.540   3.8   0.0
   2 1982 212 20060.  15.8  29.2   1.510   2.8   0.0
   2 1982 213 16350.  14.5  25.8   1.910   1.7   0.0
   2 1982 214 22120.  14.8  30.1   1.790   3.2   0.0
   2 1982 215 20630.  15.4  29.2   1.690   2.9   0.0
   2 1982 216 18970.  15.3  29.5   1.930   2.2   0.0
   2 1982 217  3490.  15.6  19.6   1.950   1.7   1.3
   2 1982 218 13590.  14.5  24.1   1.900   1.6   0.0
   2 1982 219 17130.  15.7  22.7   1.830   3.2   0.0
   2 1982 220  9690.  14.2  22.0   1.760   3.1   0.0
   2 1982 221 12890.  13.2  21.6   1.640   3.6   9.0
   2 1982 222 18050.   8.8  20.7   1.370   4.1   0.1
   2 1982 223 19890.   8.8  23.5   1.500   2.9   0.0
   2 1982 224 18170.  12.3  27.4   1.600   3.5   0.0
   2 1982 225 10570.  12.9  20.7   1.430   5.3   0.5
   2 1982 226 19500.  10.3  19.6   1.310   3.0   0.0
   2 1982 227  6090.  10.9  18.5   1.560   3.6   3.1
   2 1982 228  7550.  14.0  20.0   1.500   4.5   0.0
   2 1982 229 15500.  12.2  20.0   1.410   4.5   0.6
   2 1982 230  4360.  13.1  18.7   1.530   6.8  12.8
   2 1982 231 19590.   9.8  18.0   1.150   5.0   0.9
   2 1982 232 18740.   9.7  17.5   1.160   6.7  11.7
   2 1982 233 10420.  11.9  17.1   1.320   5.7   0.1
   2 1982 234 10240.  13.5  19.9   1.480   4.9   0.0
   2 1982 235 11390.   9.8  19.3   1.400   4.1   2.1
   2 1982 236  9400.   8.2  18.1   1.360   4.0   0.8
   2 1982 237 13890.   8.8  17.5   1.280   3.7   3.4
   2 1982 238 10100.   8.5  18.4   1.350   2.5   0.0
   2 1982 239 12140.   8.6  17.1   1.270   3.6   2.7
   2 1982 240 11210.   6.8  18.7   1.300   1.7   0.5
   2 1982 241 16950.   4.3  20.4   1.380   3.0   0.0
   2 1982 242 10840.  10.5  20.7   1.450   3.9   3.2
   2 1982 243 12230.  11.0  17.4   1.390   4.4   1.0
   2 1982 244  6170.   7.4  16.5   1.310   3.4   2.7
   2 1982 245 16730.   6.9  17.3   1.190   3.1   0.0
   2 1982 246 16910.   7.4  20.1   1.160   4.1   0.0
   2 1982 247 11800.   9.1  19.9   1.440   3.2   0.0
   2 1982 248 11010.   8.6  22.3   1.580   3.5   0.7
   2 1982 249  3470.  13.3  19.5   1.680   2.8   0.1
   2 1982 250  5380.  13.3  18.1   1.520   3.7   0.0
   2 1982 251 13090.   9.5  19.4   1.410   3.7   0.0
   2 1982 252  9860.   6.5  19.9   1.230   1.5   0.0
   2 1982 253 13170.   8.5  24.9   1.510   1.7   0.0
   2 1982 254  9320.   9.5  19.5   1.460   2.6   0.0
   2 1982 255 13090.   7.7  21.7   1.470   2.3   0.0
   2 1982 256 14730.   7.3  20.3   1.480   2.4   0.0
   2 1982 257 12440.   7.0  21.1   1.320   1.3   0.0
   2 1982 258 12090.   8.4  25.5   1.520   1.1   0.0
   2 1982 259 10200.   9.1  19.7   1.560   1.2   0.0
   2 1982 260  7580.   9.3  18.2   1.600   1.9   0.0
   2 1982 261  5630.  10.4  19.1   1.640   1.1   0.0
   2 1982 262 12090.  11.8  25.9   1.680   2.4   3.4
   2 1982 263  8850.  15.5  24.2   1.850   4.5   3.2
   2 1982 264  4670.   8.8  19.3   1.490   6.7   4.6
   2 1982 265 12500.   4.6  15.1   0.950   2.8   0.0
   2 1982 266 10640.   2.3  16.9   1.060   4.0   2.4
   2 1982 267 10650.  10.2  18.2   1.270   4.3   0.0
   2 1982 268  4180.  12.5  17.8   1.450   3.7   3.5
   2 1982 269  3640.  12.3  17.3   1.520   4.4   1.8
   2 1982 270 12380.  10.4  18.6   1.260   5.9   0.0
   2 1982 271 11000.   9.3  17.3   1.200   3.7   0.0
   2 1982 272 10790.   9.3  22.5   1.360   3.0   0.0
   2 1982 273  2860.   8.5  16.3   1.440   2.8   0.1
   2 1982 274 10120.   5.2  18.1   1.180   1.5   0.0
   2 1982 275 10500.   6.5  19.3   1.300   2.2   0.0
   2 1982 276  5350.   7.9  17.1   1.370   1.4   0.0
   2 1982 277  8900.   9.6  18.4   1.310   3.3   0.0
   2 1982 278  4030.   6.4  13.7   1.120   3.4   2.8
   2 1982 279  5600.   5.7  15.2   1.200   2.7   0.0
   2 1982 280  3020.   9.1  13.1   1.310   3.9  13.7
   2 1982 281  5040.  10.4  14.7   1.310   3.5   2.3
   2 1982 282  4570.   9.3  13.1   1.220   2.7   0.4
   2 1982 283  2740.   9.2  12.5   1.140   4.5   6.0
   2 1982 284  4240.   5.8  13.1   1.160   2.5   0.0
   2 1982 285  6790.   7.8  14.4   1.180   2.5   0.0
   2 1982 286  2020.   6.7  11.8   1.120   4.9  13.5
   2 1982 287  4800.   8.5  13.5   1.120   4.3   0.1
   2 1982 288  4120.   8.2  13.1   1.080   4.7   4.9
   2 1982 289  7000.   7.7  12.4   0.990   4.2   0.0
   2 1982 290  5740.   7.4  14.5   1.060   4.6   0.5
   2 1982 291  5900.   7.2  16.3   1.220   3.6   5.7
   2 1982 292  6450.  10.4  14.1   1.260   5.0   0.0
   2 1982 293  4180.  10.3  14.4   1.180   6.3   0.0
   2 1982 294  2940.   9.7  15.1   1.250   3.0   1.0
   2 1982 295  7260.   8.3  18.5   1.340   3.3   0.0
   2 1982 296  1260.   9.8  13.1   1.270   4.5   2.5
   2 1982 297  7150.   3.1  12.7   0.940   3.2   0.0
   2 1982 298  4010.   5.2  12.4   1.020   4.4   0.0
   2 1982 299  2290.   8.7  13.7   1.240   4.4   0.0
   2 1982 300  6270.   1.6  14.0   1.020   1.5   0.0
   2 1982 301  4300.   0.8  13.3   1.060   2.1   0.0
   2 1982 302  3370.   7.6  12.4   1.100   2.7   0.0
   2 1982 303   650.   6.6   9.2   0.950   1.9   0.0
   2 1982 304  2690.   5.8   9.9   0.910   3.2   0.0
   2 1982 305  3240.   9.6  16.7   1.270   5.1   0.0
   2 1982 306   830.  11.2  13.3   1.370   2.1   0.0
   2 1982 307  1460.  10.3  13.8   1.380   1.2   0.0
   2 1982 308  1050.  10.6  12.9   1.300   1.3   0.0
   2 1982 309  3070.   4.2  10.9   0.960   4.2   0.0
   2 1982 310  5580.   0.3   7.7   0.630   5.2   0.0
   2 1982 311  4700.  -1.4   6.7   0.500   4.3   0.0
   2 1982 312  3260.   5.9  15.4   1.020   7.2   2.7
   2 1982 313  2510.   7.9  13.1   1.150   5.7   0.0
   2 1982 314  1730.   8.0  11.1   1.140   6.7   0.3
   2 1982 315  3740.   7.8  13.9   1.150   5.3   0.0
   2 1982 316  2520.   8.0  13.9   1.090   7.4   3.0
   2 1982 317  2330.   3.4   8.4   0.860   4.2   1.3
   2 1982 318  3720.   3.1   7.9   0.760   4.3   1.0
   2 1982 319  3970.  -0.4   7.5   0.710   2.6   0.6
   2 1982 320   780.   0.5   7.3   0.760   6.2   3.7
   2 1982 321  1350.   3.5   8.0   0.810   6.0  10.3
   2 1982 322   820.   6.5  11.8   1.110   6.9   4.1
   2 1982 323  3360.   2.9   9.1   0.760   8.0   3.7
   2 1982 324  3360.   3.9  10.4   0.810   6.0   0.0
   2 1982 325  2660.   4.7   8.7   0.820   7.1   0.0
   2 1982 326  1920.   4.0   7.9   0.870   6.1   8.0
   2 1982 327   740.   3.7  11.6   0.990   5.9   1.2
   2 1982 328  1310.   4.1  12.9   0.870   7.4   0.0
   2 1982 329   770.   5.8   8.7   0.890   8.1   0.1
   2 1982 330  1120.   3.2   8.0   0.860   4.1   0.2
   2 1982 331  2060.   2.8   6.9   0.790   2.7   0.0
   2 1982 332  2400.   1.3   5.2   0.750   4.4   0.0
   2 1982 333  1270.   1.5   3.7   0.730   2.1   0.0
   2 1982 334  1210.   1.0   2.6   0.670   3.2   0.0
   2 1982 335  3100.  -1.1   2.8   0.560   4.4   0.0
   2 1982 336  1420.  -2.5  -0.2   0.540   2.1   0.0
   2 1982 337   510.  -0.3   1.9   0.610   1.0   0.0
   2 1982 338   380.  -0.9   2.6   0.640   2.5   0.0
   2 1982 339  1340.   1.4   4.8   0.710   5.3   3.3
   2 1982 340  2100.  -1.6   5.3   0.730   1.4   0.0
   2 1982 341  1110.  -3.0   8.7   0.670   3.3   2.7
   2 1982 342  2480.   3.4  10.8   0.820   6.3   0.0
   2 1982 343   260.   3.2   8.0   0.820   6.7   7.5
   2 1982 344  1490.   3.5  11.4   0.820   7.7   1.9
   2 1982 345  1100.   2.6   6.6   0.760   6.0   8.6
   2 1982 346  1910.   0.0   4.1   0.640   3.0   0.0
   2 1982 347   880.  -2.2   0.4   0.550   2.0   0.0
   2 1982 348   540.  -1.8   1.6   0.570   5.7   0.2
   2 1982 349   420.   1.4  12.1   1.030  11.0   5.7
   2 1982 350  1270.   2.1   9.6   0.660   9.3   0.9
   2 1982 351  1320.  -0.1   3.8   0.630   4.3   1.2
   2 1982 352  1900.  -0.9   2.6   0.590   2.7   0.0
   2 1982 353  2390.  -1.0   5.8   0.590   8.8   6.1
   2 1982 354  1740.   3.5   6.4   0.710   8.0   1.7
   2 1982 355  1150.   3.5   5.1   0.750   8.4   5.2
   2 1982 356  1200.  -1.3   3.9   0.620   1.9   0.0
   2 1982 357  1660.  -2.2   1.7   0.580   2.2   0.0
   2 1982 358   520.  -1.6   1.7   0.570   6.7   0.0
   2 1982 359   850.   1.5   5.8   0.790   3.5   0.0
   2 1982 360   840.   5.6   8.6   0.980   4.7   0.0
   2 1982 361  2430.   4.8   9.1   0.860   7.0   0.1
   2 1982 362  1760.   1.8   6.0   0.700   5.3   0.0
   2 1982 363  2970.  -1.5   4.9   0.650   1.6   0.0
   2 1982 364   930.  -1.1   3.9   0.650   3.2   0.0
   2 1982 365   850.  -1.3   1.4   0.560   5.0   0.0
