*---------------------------------------------------------------------------*
* Station name: Swifterbant, Netherlands
* Year: 1974
* Author: Peter Uithol                                     -99.000: NIL VALUE
* Source: Natuur- en Weerkunde (J.G. Krom)
* Comments: Wind speed data corrected for measurements at 10 m height.
* Comments: Missing values are exchanged with daily weather
*           data from synoptic station de Bilt, Netherlands
*
* Longitude: 5 38 E, latitude: 52 34 N, altitude: -4 m.
*
* Column  Daily value
* 1       station number
* 2       year
* 3       day
* 4       irradiation                   (kJ m-2 d-1)
* 5       minimum temperature           (degrees Celsius)
* 6       maximum temperature           (degrees Celsius)
* 7       early morning vapour pressure (kPa)
* 8       mean wind speed (height: 2 m) (m s-1)
* 9       precipitation                 (mm d-1)
*
** WCCDESCRIPTION=Netherlands, Swifterbant
** WCCFORMAT=2
** WCCYEARNR=1974
*---------------------------------------------------------------------------*
   5.63  52.57    -4.  -0.18 -0.55
   2 1974   1  1010.  -4.3  -0.3   0.426   2.7   0.0
   2 1974   2  2520.  -3.8  -0.2   0.429   3.1   0.0
   2 1974   3  2930.  -0.2   2.7   0.536   4.0   0.0
   2 1974   4  1030.  -0.8   4.5   0.524   3.9   0.0
   2 1974   5  2080.   1.3   6.1   0.570   4.9   0.0
   2 1974   6  2170.   5.4   9.0   0.798   4.1   0.0
   2 1974   7   850.   3.1   7.1   0.702   5.0   0.5
   2 1974   8  2350.   0.8   6.4   0.589   5.2   7.0
   2 1974   9  3070.   0.9   5.4   0.587   4.0   1.0
   2 1974  10   800.   2.4   5.1   0.675   4.3   2.0
   2 1974  11  2550.   3.2  10.4   0.661   7.3   3.5
   2 1974  12  1670.   4.3  10.6   0.714   4.6   2.5
   2 1974  13  1790.   5.7  10.6   0.769   5.8   0.0
   2 1974  14  1870.   3.3  10.4   0.712   5.0   2.5
   2 1974  15   690.   6.2  12.1   0.768   8.8   0.5
   2 1974  16   570.   3.5  10.9   0.644   6.8   2.5
   2 1974  17  3290.   4.6   8.1   0.679   9.4   9.0
   2 1974  18  1330.   7.3   8.8   0.890   6.9   1.5
   2 1974  19  5370.   5.3   9.2   0.766   6.3   0.5
   2 1974  20  1620.   4.8   7.6   0.740   3.2   0.0
   2 1974  21  1180.   1.2   4.8   0.600   2.8   0.0
   2 1974  22   780.   1.3   4.0   0.604   3.9   0.0
   2 1974  23  1680.   3.9   9.3   0.719   4.7   0.0
   2 1974  24  1760.   3.5   7.7   0.699   4.6   3.5
   2 1974  25  2210.   2.2   7.9   0.651   3.9   0.0
   2 1974  26  5090.   1.8   7.9   0.556   4.9   0.0
   2 1974  27  2960.   1.6   7.6   0.596   5.0   0.5
   2 1974  28  1910.   3.4   7.6   0.686   6.6   0.5
   2 1974  29  2430.   1.4   6.9   0.581   4.4   4.5
   2 1974  30  4780.   1.3   7.8   0.523   5.6   2.0
   2 1974  31  2830.   2.0   9.3   0.586   4.6   0.5
   2 1974  32  2670.   1.0   9.3   0.552   4.9   0.0
   2 1974  33  5700.   4.3   9.0   0.640   6.0   0.0
   2 1974  34  6630.  -0.3   8.3   0.514   3.8   0.0
   2 1974  35  5760.  -0.8   7.5   0.472   4.6   0.0
   2 1974  36  3010.   2.9   6.4   0.677   3.7   5.5
   2 1974  37  1360.   0.3   4.2   0.580   2.9   2.0
   2 1974  38  6380.  -0.4   6.2   0.498   4.7   0.0
   2 1974  39  4000.   1.8   9.3   0.584   5.8   0.0
   2 1974  40   960.   6.8  10.8   0.880   9.2   4.5
   2 1974  41  3880.   6.1  12.6   0.800   7.9   9.0
   2 1974  42  2010.   8.8  12.4   0.906   9.8   3.5
   2 1974  43  5360.   1.7   9.8   0.587   5.5   1.5
   2 1974  44  7150.   0.0  10.6   0.531   3.0   0.0
   2 1974  45  1960.   1.2   7.3   0.593   4.0   0.5
   2 1974  46  3420.   1.4   7.7   0.493   5.5   0.0
   2 1974  47  7520.   1.4  11.6   0.568   3.2   0.0
   2 1974  48  2880.   1.2   5.6   0.613   3.1   0.0
   2 1974  49  4940.   3.8   7.5   0.690   4.0   0.0
   2 1974  50  1720.   2.3   4.3   0.577   5.9   0.0
   2 1974  51  9110.  -0.4   5.2   0.445   1.9   0.0
   2 1974  52  1780.   1.0   6.1   0.617   4.5   0.0
   2 1974  53  1510.   3.2   8.4   0.692   4.0   0.0
   2 1974  54  8080.   0.6   8.1   0.542   4.4   5.5
   2 1974  55 10240.  -0.6   8.2   0.473   2.8   0.5
   2 1974  56  7660.  -1.6   6.0   0.467   1.8   0.0
   2 1974  57  6580.  -0.9   6.6   0.412   3.6   0.0
   2 1974  58  7930.  -0.1   4.3   0.382   5.2   0.0
   2 1974  59  8900.  -1.6   6.1   0.418   3.3   0.0
   2 1974  60  7900.  -1.9   5.4   0.393   4.2   0.0
   2 1974  61  2000.   0.2   3.4   0.576   2.8   3.5
   2 1974  62 11770.  -0.6   7.4   0.456   2.6   6.5
   2 1974  63  3040.  -1.3   4.1   0.478   4.2   0.0
   2 1974  64  1590.  -0.8   2.6   0.536   2.3   0.5
   2 1974  65  4220.   0.0   4.4   0.568   2.4   3.0
   2 1974  66  2950.  -0.4   3.4   0.475   3.1   0.0
   2 1974  67  6750.  -1.1   4.3   0.423   5.7   0.0
   2 1974  68  5080.  -0.6   3.0   0.380   5.8   0.0
   2 1974  69 11340.  -0.9   7.3   0.366   6.0   0.0
-999 1974  70      3     1     1       1     1     1
   2 1974  70  4930.  -1.2   7.8   0.442   5.0   0.0
-999 1974  71      1     1     1       1     1     1
   2 1974  71  1870.  -0.5   6.2   0.559   2.4   1.0
   2 1974  72  4370.   0.0   4.2   0.586   1.3   2.0
   2 1974  73  5370.  -0.5   5.6   0.548   2.9   0.0
   2 1974  74  9750.   1.0   7.8   0.512   5.0   0.0
   2 1974  75  2770.   4.5   8.9   0.758   7.6   7.0
   2 1974  76 11120.   5.5  10.1   0.759   5.7   1.0
   2 1974  77  7390.   4.4  11.6   0.761   5.9   4.5
   2 1974  78 11030.   3.5  11.4   0.581   4.5   0.5
   2 1974  79  5810.   3.9  10.9   0.678   2.1   0.0
   2 1974  80 11310.   2.4  12.7   0.581   2.7   6.5
-999 1974  81      3     1     1       1     1     3
   2 1974  81  7620.   4.0   8.9   0.708   6.3   0.0
   2 1974  82 11030.   4.9  12.8   0.624   8.5   0.0
   2 1974  83  8290.   3.6  10.3   0.601   5.6   2.5
   2 1974  84 14490.   3.9  14.5   0.581   4.0   0.0
   2 1974  85 13560.   4.1  16.1   0.680   3.7   0.0
-999 1974  86      1     1     1       1     1     3
   2 1974  86 10950.   4.7  14.0   0.683   2.6   0.0
-999 1974  87      1     1     1       1     1     1
   2 1974  87 13230.   4.7  17.2   0.615   3.4   0.0
   2 1974  88  9880.   5.5  15.5   0.686   2.3   0.0
   2 1974  89 17020.   3.0  14.6   0.583   3.2   0.0
   2 1974  90 16700.   3.4  15.5   0.577   4.7   0.0
   2 1974  91 10300.   3.9  16.0   0.670   3.7   0.0
   2 1974  92 12830.   3.3  19.2   0.542   2.6   0.0
   2 1974  93 14980.   4.5  19.9   0.564   3.2   0.0
   2 1974  94 17210.   6.2  18.0   0.626   5.0   0.0
   2 1974  95 17910.   4.5  16.2   0.497   5.6   0.0
   2 1974  96 17910.   5.2  17.6   0.540   5.6   0.0
   2 1974  97 19160.   5.6  19.4   0.628   4.3   0.0
   2 1974  98 20790.   4.3  18.6   0.507   4.4   0.0
   2 1974  99 18600.   3.3  18.0   0.596   3.1   0.0
   2 1974 100 18540.   1.4  22.3   0.419   2.3   0.0
   2 1974 101 17590.   4.5  17.6   0.657   2.7   0.0
   2 1974 102  9980.   4.4  10.5   0.644   5.7   0.0
   2 1974 103 21480.   0.5  11.4   0.355   7.2   0.0
   2 1974 104 22580.   1.0  11.6   0.414   5.1   0.0
   2 1974 105 18350.   4.1  12.9   0.581   6.7   0.0
   2 1974 106 22840.   2.6  12.9   0.560   5.0   0.0
   2 1974 107 19460.   2.9  14.1   0.474   4.0   0.0
   2 1974 108 20970.   2.3  11.4   0.541   4.1   0.0
   2 1974 109 19620.   0.1  15.1   0.394   3.0   0.0
   2 1974 110 10210.   1.3  10.1   0.483   4.4   0.0
   2 1974 111  5010.   2.0   9.1   0.536   3.4   0.0
   2 1974 112 15860.  -0.1  10.0   0.509   3.6   0.0
   2 1974 113 18130.  -0.1  11.1   0.467   5.3   0.0
   2 1974 114 19650.   4.7  14.3   0.615   5.3   0.5
   2 1974 115 17980.   4.6  12.5   0.577   5.1   0.0
   2 1974 116 21230.   1.6  11.1   0.405   6.0   0.0
   2 1974 117 16120.  -0.8  11.8   0.357   5.5   0.0
   2 1974 118  7800.   5.4  14.0   0.745   4.0   6.5
   2 1974 119  5110.   4.4  11.8   0.761   3.1   4.5
   2 1974 120  3290.   8.4  11.1   1.036   3.2   5.5
   2 1974 121 19670.   5.4  13.6   0.709   4.0   2.0
-999 1974 122      3     1     1       1     1     1
   2 1974 122 19990.   3.8  13.0   0.641   3.1   0.0
-999 1974 123      3     1     1       1     1     3
   2 1974 123 14680.   3.4  15.7   0.569   4.2   0.0
   2 1974 124 11130.   9.2  17.3   0.826   4.8   0.0
   2 1974 125  4000.   5.2   7.9   0.681   6.3   0.0
   2 1974 126  8660.   4.1  10.7   0.557   5.7   0.0
   2 1974 127  7010.   4.0   8.2   0.659   2.1   1.6
   2 1974 128  8940.   6.5  11.2   0.726   1.2   0.0
-999 1974 129      1     1     1       1     1     1
   2 1974 129 13700.   5.1  13.5   0.597   2.8   0.0
   2 1974 130  7090.   5.6  13.4   0.782   3.8   0.0
   2 1974 131 15610.   4.7  16.6   0.641   3.3   2.0
   2 1974 132 21660.   3.4  19.9   0.499   3.3   0.0
   2 1974 133 13840.   9.4  21.5   0.873   3.8   0.0
   2 1974 134 10170.  10.0  13.4   1.081   6.2  34.0
   2 1974 135 23530.   9.4  18.2   0.920   3.3   0.0
   2 1974 136 28250.   6.2  18.2   0.503   4.6   0.0
   2 1974 137 27460.   5.5  19.3   0.524   3.7   0.0
   2 1974 138 24640.   7.1  22.5   0.646   3.5   0.0
   2 1974 139 23940.  11.0  22.7   0.985   3.9   0.0
   2 1974 140 16270.   9.1  18.4   0.832   2.1   0.0
   2 1974 141 11080.   7.4  16.1   0.752   2.7   0.0
   2 1974 142 22020.   9.8  15.6   0.873   5.8   1.0
   2 1974 143 13680.   7.3  13.6   0.828   3.0   1.5
   2 1974 144 19560.   6.6  17.0   0.780   4.0   2.5
   2 1974 145  8600.   9.2  14.0   0.896   4.4   6.5
   2 1974 146 16040.   6.1  16.1   0.744   4.0   0.0
   2 1974 147 25850.   5.6  19.6   0.682   3.9   0.0
   2 1974 148 17250.   7.5  18.7   0.767   4.7   0.0
-999 1974 149      3     1     1       1     1     1
   2 1974 149 24570.   2.1  14.0   0.469   4.2   1.5
-999 1974 150      1     1     1       1     1     1
   2 1974 150 27080.   0.9  16.0   0.404   3.7   0.0
-999 1974 151      1     1     1       1     1     3
   2 1974 151  3640.   7.7  11.8   0.778   5.3   6.1
   2 1974 152 21180.   6.0  16.6   0.692   3.8   0.2
   2 1974 153 12760.   6.0  21.2   0.739   5.2   0.0
   2 1974 154 18440.   5.6  17.9   0.764   3.1   7.7
   2 1974 155 15750.   3.9  16.6   0.598   3.0   0.0
-999 1974 156      1     1     1       1     1     1
   2 1974 156 28750.   2.6  22.1   0.457   3.1   0.0
   2 1974 157 15130.   7.0  15.8   0.731   6.9   0.0
   2 1974 158 21590.   7.9  15.2   0.725   6.6   5.0
   2 1974 159  8020.   8.4  12.9   1.014   3.4   0.5
   2 1974 160 23470.   5.0  15.1   0.672   3.7  11.5
   2 1974 161 21410.   4.8  13.8   0.654   3.4   5.5
   2 1974 162 14970.   6.5  13.7   0.755   5.6   2.0
   2 1974 163 20830.   8.7  16.3   0.799   5.2   3.0
   2 1974 164 27080.   8.5  20.3   0.810   5.3   0.0
   2 1974 165 27330.  13.5  25.5   1.223   4.0   0.0
   2 1974 166 22890.  13.2  23.2   1.321   3.2   0.0
   2 1974 167 26290.  10.3  24.4   0.902   2.1   0.0
   2 1974 168 17700.  11.6  24.4   1.080   2.4   0.0
   2 1974 169 21940.  11.1  18.2   1.058   4.4   2.5
   2 1974 170 26700.   9.4  19.6   0.873   3.6   0.0
   2 1974 171 25330.  10.1  21.6   0.965   3.0   0.0
   2 1974 172 28280.   8.9  19.7   0.878   3.6   0.0
   2 1974 173 17150.  11.7  20.9   1.142   3.1   0.0
   2 1974 174 28870.  11.0  25.2   0.972   3.3   0.0
   2 1974 175 26650.  11.7  23.6   1.004   3.2   0.0
   2 1974 176 24560.  12.7  24.2   1.175   3.0   0.0
   2 1974 177  9680.  11.9  19.1   1.241   3.2   0.0
   2 1974 178  7190.  12.0  15.8   1.108   3.7   7.0
   2 1974 179 18410.  11.6  18.3   0.902   2.4   0.0
   2 1974 180 19570.  11.0  22.0   0.972   2.2   0.0
   2 1974 181 12320.   9.6  19.8   1.028   2.5   0.0
   2 1974 182  8960.  10.7  18.1   1.094   6.9   3.0
   2 1974 183 23060.  12.5  19.1   0.972   4.2   4.0
   2 1974 184 13810.  11.8  18.2   1.108   7.2   4.5
   2 1974 185 11870.   8.8  16.6   0.974   5.2   0.0
   2 1974 186  4010.  12.6  16.9   1.343   4.3  37.0
   2 1974 187 20470.  11.9  16.6   1.032   6.0   6.0
   2 1974 188 20710.   9.3  17.1   0.914   4.0   0.5
   2 1974 189 21350.  10.7  22.2   1.055   2.4   0.0
   2 1974 190 18610.  12.0  19.2   1.137   4.7   0.0
   2 1974 191 23730.  12.0  20.2   1.080   4.7   0.0
   2 1974 192 20850.   9.9  17.8   0.878   5.5   1.5
   2 1974 193 22690.  10.6  19.1   0.959   4.2   0.0
   2 1974 194  4300.  12.6  16.7   1.343   3.1   3.0
   2 1974 195 15240.   9.6  17.7   0.969   4.4   8.5
   2 1974 196 12590.  11.2  18.3   1.065   5.4   0.0
   2 1974 197 11820.  11.1  17.9   1.110   4.9   1.0
   2 1974 198 14970.   9.6  17.2   1.028   4.4   5.0
   2 1974 199 24280.   7.6  17.3   0.825   3.6   2.5
   2 1974 200 23350.   5.9  18.7   0.743   3.2   0.0
   2 1974 201 12240.  11.9  20.5   1.227   4.9   1.5
   2 1974 202 25540.  10.8  18.8   1.037   3.8   0.0
   2 1974 203 23400.  11.5  21.7   1.167   5.4   0.0
   2 1974 204 19480.   9.7  18.7   0.927   4.0   7.0
   2 1974 205  7280.  10.3  16.6   1.053   3.1   0.5
   2 1974 206 21210.   7.3  17.1   0.808   5.0   3.0
   2 1974 207  5590.   8.3  16.4   1.040   4.0   1.0
   2 1974 208 15810.  13.4  20.3   1.338   4.2  12.0
   2 1974 209  9510.  12.8  19.3   1.287   5.0   0.0
   2 1974 210 21470.  12.6  20.1   1.066   4.7   0.0
   2 1974 211 17200.  13.8  19.8   1.342   3.9   0.0
   2 1974 212 13920.  15.1  21.1   1.443   5.6   1.0
   2 1974 213 14150.  11.7  21.1   1.211   4.9   0.0
   2 1974 214 17250.   9.3  20.5   0.926   1.8   1.0
   2 1974 215 18100.   5.4  20.5   0.637   2.8   0.0
   2 1974 216  7130.  13.8  20.4   1.421   3.3   0.0
   2 1974 217 14490.  10.0  19.1   1.044   3.8  26.5
   2 1974 218 21050.   7.9  19.0   0.799   1.8   0.0
   2 1974 219 24000.   7.9  22.1   0.778   3.6   0.0
   2 1974 220 13060.  13.2  22.2   1.230   4.7   0.0
   2 1974 221 20810.  14.2  20.5   1.313   4.5   0.5
   2 1974 222 12200.   9.9  18.9   1.086   4.9   0.0
   2 1974 223 14620.   9.9  19.1   1.122   4.3   6.0
   2 1974 224  4780.   9.4  16.5   1.133   4.4   1.0
   2 1974 225 10130.  11.8  19.5   1.232   2.6  15.0
-999 1974 226      3     1     1       1     1     1
   2 1974 226 21500.  12.5  24.8   1.189   2.6   4.5
-999 1974 227      1     1     1       1     1     1
   2 1974 227 22140.  14.6  24.5   1.413   3.7   0.0
   2 1974 228 19660.  14.9  23.0   1.475   2.6   0.0
   2 1974 229 19240.  10.4  20.8   1.047   4.0   0.5
   2 1974 230 11700.   8.8  19.8   0.952   2.4   0.0
   2 1974 231 21180.  11.5  20.2   1.045   3.7   3.0
   2 1974 232 23640.   8.5  20.2   0.821   3.3   0.0
   2 1974 233 20690.   7.0  20.8   0.731   2.4   0.0
   2 1974 234 18880.   8.6  21.8   0.883   2.4   0.0
   2 1974 235 18390.   6.2  22.0   0.721   1.5   0.0
   2 1974 236 13510.  11.2  21.4   1.144   3.1   0.0
   2 1974 237 17620.  10.7  23.3   1.017   3.4   0.0
   2 1974 238 16290.  13.1  26.5   1.131   3.5   0.0
   2 1974 239 16230.  11.8  18.1   1.122   4.3   1.0
   2 1974 240 17310.  12.3  19.9   1.059   2.1   0.5
   2 1974 241 15210.   9.1  22.9   0.890   4.4   0.0
   2 1974 242 17640.  12.9  26.2   1.131   3.1   0.0
   2 1974 243 12820.  13.5  23.9   1.285   3.5   0.0
   2 1974 244 12960.   2.0  12.6   0.600   2.6   0.5
   2 1974 245 12950.   0.8  12.2   0.531   2.3   0.0
   2 1974 246 11370.  -1.2  12.0   0.453   2.4   1.0
   2 1974 247  2720.   6.5   9.9   0.910   7.3   7.5
   2 1974 248  6540.   8.4  12.5   0.970   4.8   2.0
   2 1974 249  7620.   8.1  12.6   0.886   5.5   1.5
   2 1974 250  4340.   1.9  10.4   0.637   3.7   3.5
   2 1974 251  5800.   2.0   8.6   0.649   3.4   1.0
   2 1974 252  7800.   1.6  12.6   0.603   3.4   0.5
   2 1974 253  8310.   1.2  12.1   0.580   3.0   1.0
   2 1974 254  9270.   1.0  12.6   0.578   2.6   0.0
   2 1974 255  7040.   2.6  11.1   0.626   3.1   0.5
   2 1974 256  6620.   0.4  10.0   0.547   2.2   3.5
   2 1974 257  5930.   0.2  11.0   0.545   2.7   3.0
   2 1974 258  5360.  -0.2  10.3   0.554   1.4   0.0
   2 1974 259  2780.   1.9   8.4   0.651   1.6   0.5
   2 1974 260  5610.   1.1  10.2   0.602   2.4   2.0
   2 1974 261  8340.   0.4   9.8   0.547   5.4   0.0
   2 1974 262  9830.   2.9  11.2   0.617   5.6   8.0
   2 1974 263  7450.   1.8   9.7   0.626   2.0   0.0
   2 1974 264  5430.   1.1  10.6   0.608   2.6   0.0
   2 1974 265  2160.  -0.1   9.7   0.576   4.7   0.5
   2 1974 266  2050.   8.8  11.6   1.031   4.8  10.5
   2 1974 267  2660.   8.4  11.2   0.981   3.6   0.0
   2 1974 268  3730.   6.8  11.6   0.830   5.5   0.0
   2 1974 269  7150.   5.7   9.8   0.751   4.8   5.5
   2 1974 270  4150.   5.8  10.8   0.747   7.9   1.0
   2 1974 271  3090.   4.4   9.1   0.736   6.3   9.5
   2 1974 272  7220.   3.4   8.1   0.694   4.7   6.0
   2 1974 273  3980.   0.0   7.3   0.562   3.0   1.5
   2 1974 274  7130.  -2.2   7.9   0.478   2.1   0.5
   2 1974 275  6140.  -0.9   8.5   0.520   2.8   0.0
   2 1974 276  4910.   1.1  10.1   0.608   2.8   0.1
   2 1974 277  1530.   0.3   7.0   0.599   3.2   0.1
   2 1974 278  1750.   1.0   7.1   0.604   3.3   8.8
   2 1974 279  4690.  -0.3   7.6   0.508   1.8   0.0
   2 1974 280  5170.  -0.8   7.4   0.507   3.2   0.0
   2 1974 281  4260.  -1.5   7.4   0.487   2.7   0.0
   2 1974 282  2220.  -1.5   6.0   0.492   5.0   0.0
   2 1974 283  1490.   5.5  11.7   0.867   6.4   2.4
   2 1974 284  4300.   5.0  10.9   0.750   5.4   0.8
   2 1974 285  1580.   5.9  10.1   0.771   8.2   0.0
   2 1974 286  3950.   3.4   8.1   0.709   5.8   3.2
   2 1974 287  4800.   3.2  10.2   0.630   6.5   2.3
   2 1974 288  1100.   9.4  13.0   0.920   8.1   0.1
   2 1974 289  1510.   9.3  12.2   1.090   4.5   9.3
   2 1974 290  1700.   3.6  12.2   0.735   5.0   9.2
   2 1974 291  1830.   3.3  10.1   0.735   3.6   2.5
   2 1974 292  1240.   4.6   9.9   0.755   4.4   1.3
   2 1974 293  2160.   2.6   7.1   0.648   5.2   0.2
   2 1974 294  2880.   1.2   6.2   0.633   3.2   0.5
   2 1974 295  1730.   5.3   7.6   0.846   3.7   2.2
   2 1974 296  1530.   5.9  10.1   0.873   5.9   0.5
   2 1974 297  1590.   7.9  10.2   1.002   3.8   4.9
   2 1974 298  4050.   6.2   9.4   0.853   5.4   2.0
   2 1974 299   540.   4.5   7.7   0.708   8.2   2.5
   2 1974 300  2840.   4.9   8.0   0.754   6.3   4.3
   2 1974 301  1100.   2.3   7.7   0.649   6.8   1.6
   2 1974 302  1510.   1.6   7.4   0.596   8.3   7.7
   2 1974 303  3570.   2.8   7.6   0.642   5.5   3.8
   2 1974 304  1590.   2.0   7.5   0.670   4.2   1.1
   2 1974 305 12340.  12.2  19.8   1.152   6.5   0.5
   2 1974 306 14040.  10.1  20.9   0.965   6.8   0.5
   2 1974 307 12950.  11.1  18.7   0.939   9.5   5.5
   2 1974 308  7950.  10.3  16.4   1.103   7.9   0.0
   2 1974 309  3310.  12.2  16.9   1.308   6.3  11.0
   2 1974 310 12630.  11.9  17.4   1.185   6.6  18.0
   2 1974 311  7600.  10.8  16.9   1.050  10.6   2.0
   2 1974 312 14770.  11.5  17.6   1.086   7.6   1.0
   2 1974 313  4280.  10.4  13.7   1.148   3.2   0.5
   2 1974 314 17210.   8.3  18.0   0.909   3.5   7.0
   2 1974 315 15150.   6.8  19.2   0.801   3.4   0.0
   2 1974 316 10450.   9.7  23.0   1.035   1.6   0.0
   2 1974 317  8780.  15.1  19.6   1.546   4.5   3.0
   2 1974 318  3540.  10.2  18.7   1.170   1.9   0.0
   2 1974 319  9060.   9.0  21.9   1.033   2.1   0.5
   2 1974 320 11730.  11.9  22.7   1.255   1.5   0.0
   2 1974 321  6170.  14.9  19.6   1.492   2.0   0.0
   2 1974 322 14250.   7.2  16.6   0.752   3.6   0.0
   2 1974 323 14110.   5.8  15.9   0.710   2.4   0.0
   2 1974 324 14000.   5.4  16.2   0.700   3.7   1.5
   2 1974 325  6180.   6.6  14.2   0.809   5.3   0.0
   2 1974 326 12680.   8.6  14.4   0.939   5.4   3.5
   2 1974 327  4270.   8.4  12.2   0.981   7.2   5.5
   2 1974 328  6850.   7.1  13.7   0.868   6.2   3.5
   2 1974 329  2840.   5.6   9.1   0.846   5.5   3.5
   2 1974 330 10800.   5.3  14.0   0.748   3.9   7.5
   2 1974 331  2050.   6.4  15.4   0.884   6.3   4.0
   2 1974 332  5930.   4.3  12.7   0.689   6.1  11.5
   2 1974 333 10520.   3.0  12.7   0.674   3.6   0.5
   2 1974 334  7060.   3.3  11.9   0.697   3.6   0.5
   2 1974 335  1060.   5.2  10.0   0.832   5.1   1.8
   2 1974 336  2700.   9.1  11.6   1.075   6.6   0.4
   2 1974 337   790.   7.9  10.3   1.034   3.4   0.5
   2 1974 338   620.   3.2   9.4   0.669   6.3   0.0
   2 1974 339  1430.   4.0   6.9   0.634   7.3   5.3
   2 1974 340   770.   6.7   8.1   0.932   5.3   2.2
   2 1974 341  1100.   8.1  10.0   1.015   6.3   1.4
   2 1974 342   590.   8.7  10.3   1.069   5.2   0.7
   2 1974 343   570.   3.8   9.1   0.714   5.0   1.9
   2 1974 344  1630.   2.1   6.2   0.625   6.3   0.1
   2 1974 345   800.   1.8   5.5   0.577   8.1  15.4
   2 1974 346   520.   0.2   2.8   0.589   4.6   9.8
   2 1974 347  2830.   0.4   4.8   0.560   3.1   6.7
   2 1974 348   770.   2.9   6.3   0.707   5.6   0.0
   2 1974 349  2170.   2.4   7.3   0.675   3.9   3.2
   2 1974 350   970.   1.6   7.8   0.638   6.4   0.2
   2 1974 351  1530.   3.0   6.8   0.553   9.6   9.4
   2 1974 352  1110.   1.9   6.7   0.553   8.5   2.4
   2 1974 353   810.   1.8   7.9   0.633   4.4   2.8
   2 1974 354  1490.   7.1   9.3   0.868   8.0   0.0
   2 1974 355  2370.   6.5  10.2   0.833   6.8   0.0
   2 1974 356  2450.   4.3   9.3   0.723   6.6   0.0
   2 1974 357  2700.   5.7  11.0   0.843   4.8   0.0
   2 1974 358   850.   4.6   7.7   0.789   5.7   0.2
   2 1974 359  1380.   2.3  11.8   0.692   6.2   3.9
   2 1974 360  1290.   7.6  11.9   0.919   9.8  14.1
   2 1974 361  1060.   6.4   9.7   0.865   7.1   3.2
   2 1974 362  1630.   7.3  12.8   0.890   8.2   2.1
   2 1974 363   900.   5.1  12.4   0.729   9.2   0.4
   2 1974 364  3120.   1.6   7.1   0.569   6.0   2.4
   2 1974 365  1620.   2.9   8.6   0.707   5.4   1.0
