*---------------------------------------------------------------------------*
* Station name: Swifterbant, Netherlands
* Year: 1983
* Author: Peter Uithol                                     -99.000: NIL VALUE
* Source: Natuur- en Weerkunde via Nel van Keulen
* Comments: Missing values are exchanged with daily weather
*           data from synoptic station de Bilt, Netherlands
*
* Longitude: 5 38 E, latitude: 52 34 N, altitude: -4 m.
*
* Column  Daily value
* 1       station number
* 2       year
* 3       day
* 4       irradiation                   (kJ m-2 d-1)
* 5       minimum temperature           (degrees Celsius)
* 6       maximum temperature           (degrees Celsius)
* 7       early morning vapour pressure (kPa)
* 8       mean wind speed (height: 2 m) (m s-1)
* 9       precipitation                 (mm d-1)
*
** WCCDESCRIPTION=Netherlands, Swifterbant
** WCCFORMAT=2
** WCCYEARNR=1983
*---------------------------------------------------------------------------*
   5.63  52.57    -4.  -0.18 -0.55
   2 1983   1  1730.  -0.6   2.7   0.580   6.6   0.6
   2 1983   2  2430.   2.5   5.4   0.770   4.9   0.0
   2 1983   3   190.   2.7  10.5   1.040   7.8  17.3
   2 1983   4   540.   1.8  11.4   0.910   9.1   8.4
   2 1983   5  1140.   2.4  12.0   1.050   6.9   1.5
   2 1983   6  2020.   4.6  12.0   0.940   9.3   2.5
   2 1983   7  2690.   2.1   7.3   0.750   6.2   2.9
   2 1983   8  3100.   1.7   7.1   0.730   4.7   0.0
   2 1983   9   460.   2.8   8.1   0.790   6.6   2.0
   2 1983  10  2400.   2.4   9.3   0.890   5.4   0.0
   2 1983  11  1410.   5.5   9.0   0.950   4.5   0.0
   2 1983  12   510.   4.3   7.0   0.790   6.3   0.0
   2 1983  13   520.   1.2   6.3   0.700   7.8   1.4
   2 1983  14   370.   0.3   6.3   0.670   7.5   3.0
   2 1983  15  1090.   3.1   8.2   0.820   7.9   8.5
   2 1983  16  2310.   6.7   8.4   0.870   7.6   0.0
   2 1983  17   600.   6.7   8.2   0.860   8.4   0.0
   2 1983  18  3310.  -0.1   8.4   0.610  10.6   1.4
   2 1983  19  2430.   1.1   4.6   0.600   7.8   1.2
   2 1983  20  2010.   1.1   4.9   0.640   5.0   0.0
   2 1983  21  1530.   4.7   7.0   0.790   7.3   0.0
   2 1983  22   800.   4.0   6.4   0.720   3.5   0.0
   2 1983  23  3690.  -1.3   4.7   0.620   2.3   0.0
   2 1983  24  4060.  -2.1   4.9   0.590   4.0   0.1
   2 1983  25  1050.   3.5   7.6   0.890   4.7   1.9
   2 1983  26  3360.   4.9  10.5   0.980   5.7   0.0
   2 1983  27  1430.   7.8  11.6   1.010   8.4   0.0
   2 1983  28   650.   7.1   9.5   0.950   8.2   5.3
   2 1983  29  3910.   3.2   9.5   0.780   8.2   0.0
   2 1983  30  2140.   1.2   6.9   0.670   6.9   1.8
   2 1983  31  2810.   1.0   9.6   0.700   6.9   6.3
   2 1983  32  4180.   2.8  10.1   0.750  12.8   6.2
   2 1983  33  4830.  -0.7   6.1   0.600   7.5   0.1
   2 1983  34  4660.   0.1   4.0   0.620   5.1   2.3
   2 1983  35  5170.  -1.0   5.7   0.610   3.6   0.0
   2 1983  36  3480.   0.0   5.3   0.630   6.8   4.6
   2 1983  37  1930.   0.6   3.2   0.660   3.6   3.9
   2 1983  38  2400.   0.1   1.9   0.580   5.7   0.2
   2 1983  39  3440.  -1.8   0.3   0.530   6.5   0.0
   2 1983  40  3090.  -4.6  -0.3   0.490   4.2   0.0
   2 1983  41  2010.  -6.0  -2.1   0.440   2.0   0.0
   2 1983  42  5170.  -4.1   0.4   0.470   3.6   0.0
   2 1983  43  4900.  -4.8   0.3   0.450   3.8   0.0
   2 1983  44  7110.  -6.6  -1.9   0.340   3.3   0.0
   2 1983  45  7090.  -6.1  -0.5   0.380   5.3   0.0
   2 1983  46  3400.  -3.9   1.0   0.460   5.1   0.0
   2 1983  47  7280.  -6.9  -0.1   0.360   5.2   0.0
   2 1983  48  7240.  -4.9   2.3   0.440   4.1   0.0
   2 1983  49  4160.  -6.6   1.5   0.470   2.0   0.0
   2 1983  50  2220.  -0.3   2.1   0.530   1.8   0.0
   2 1983  51  3040.  -1.9   4.1   0.580   2.3   0.0
   2 1983  52  9200.  -4.3   2.5   0.440   3.0   0.0
   2 1983  53  9450.  -7.0   2.0   0.320   3.6   0.0
   2 1983  54  9400.  -6.4   4.8   0.280   4.8   0.0
   2 1983  55  8940.  -6.1   7.7   0.430   2.6   0.0
   2 1983  56  5390.   0.9   9.4   0.640   3.7   0.2
   2 1983  57  1470.   2.3   6.2   0.790   2.6   1.3
   2 1983  58  1470.   3.3   6.5   0.820   4.7   3.6
   2 1983  59  4220.   0.2   5.9   0.690   4.8   0.6
   2 1983  60  3910.  -0.7   5.9   0.680   2.5   0.0
   2 1983  61  8040.  -0.1   8.2   0.670   2.5   0.0
   2 1983  62  9800.  -0.8   9.2   0.650   2.8   0.0
   2 1983  63  7670.  -0.8   9.1   0.670   2.7   0.0
   2 1983  64  8600.  -0.9   8.6   0.730   5.8   0.0
   2 1983  65  5430.   5.4   9.3   0.860   6.9   0.0
   2 1983  66  4410.   4.8   8.7   0.860   4.9   0.0
   2 1983  67 10050.   1.0  11.1   0.780   4.1   0.0
   2 1983  68  7650.   0.8   8.5   0.770   4.7   0.0
   2 1983  69  5520.   2.7  10.2   0.840   4.7   0.0
   2 1983  70  9920.  -1.8   7.0   0.630   4.4   0.0
   2 1983  71 11650.  -3.5   8.6   0.510   3.2   0.0
   2 1983  72 10250.  -2.4  12.1   0.560   3.4   0.0
   2 1983  73  4460.   4.8  12.4   0.960   4.3   8.2
   2 1983  74  8190.   1.2   9.1   0.810   2.1   0.0
   2 1983  75  9690.   0.6  10.0   0.780   3.3   0.0
   2 1983  76  1730.   5.8   9.6   1.050   5.2   2.3
   2 1983  77  3850.   8.5  11.2   1.110   4.7   0.7
   2 1983  78  2570.   6.2   9.5   1.030   5.0   6.6
   2 1983  79  3910.   5.3  10.1   0.940   5.2   1.3
   2 1983  80  5290.   1.7   7.6   0.700   7.3   3.7
   2 1983  81  4310.   1.6   6.6   0.610  10.2   0.8
   2 1983  82  6060.   1.8   8.8   0.810   7.3  11.1
   2 1983  83  5340.   2.2   7.3   0.720   8.2   2.4
   2 1983  84  9230.   0.2   6.4   0.640   6.4   9.2
   2 1983  85 14170.   0.6   6.8   0.650   6.4   1.0
   2 1983  86  5860.   0.6   6.7   0.640   4.7   4.2
   2 1983  87 12560.  -0.3   6.5   0.610   3.2   0.0
   2 1983  88 12780.  -0.9   8.2   0.670   4.5   0.9
   2 1983  89 12010.   2.5   9.3   0.740   6.1   2.9
   2 1983  90  7130.   2.3   8.9   0.800   3.6   0.3
   2 1983  91 13810.   2.7  13.1   0.850   4.7   0.0
   2 1983  92  5160.   2.2   7.0   0.770   5.6   0.0
   2 1983  93 14480.  -1.4   7.3   0.630   3.1   0.1
   2 1983  94  9140.  -1.9   7.1   0.650   4.4   0.0
   2 1983  95  8040.   1.4   8.8   0.730   4.6   6.4
   2 1983  96 14020.   1.7   8.3   0.730   6.0  10.1
   2 1983  97 13520.   1.2   9.4   0.730   4.8   1.4
   2 1983  98  5680.   2.0   8.6   0.790   4.1   4.2
   2 1983  99 14980.   0.9  10.9   0.710   2.6   0.0
   2 1983 100  5500.   1.3  11.0   0.940   3.3  14.2
   2 1983 101  7120.   6.2  11.1   0.880   2.5   0.1
   2 1983 102  7430.   3.5   7.9   0.740   7.6   2.0
   2 1983 103 14450.   3.4   9.0   0.710   4.0   0.2
   2 1983 104  9830.   4.8   9.9   0.850   4.5   0.0
   2 1983 105 18810.   1.6  12.7   0.870   3.6   0.0
   2 1983 106 18510.   1.0  16.9   0.880   3.6   0.0
   2 1983 107  4370.   9.5  14.9   1.070   4.6   2.6
   2 1983 108 10970.  10.1  18.8   1.160   2.9   0.0
   2 1983 109  4630.   4.4  13.0   0.940   4.9   2.7
   2 1983 110 15670.   2.4  14.0   0.820   4.1   0.0
   2 1983 111  4930.   6.2  12.5   0.970   3.4  13.7
   2 1983 112 15220.   5.4  13.5   0.900   3.0   0.0
   2 1983 113 13840.   5.9  17.0   1.040   3.5   0.9
   2 1983 114 18940.   5.3  14.0   0.940   2.2   0.0
   2 1983 115  7440.   4.8  14.2   1.070   2.8   0.6
   2 1983 116 11910.   4.5  14.4   1.140   2.5   0.0
   2 1983 117  3270.   5.6  11.6   1.060   5.9  16.8
   2 1983 118 14570.   3.9  14.1   0.970   4.0   0.0
   2 1983 119 12970.   3.7  13.6   0.990   3.1   1.6
   2 1983 120 20130.   3.4  15.7   1.000   2.6   0.0
   2 1983 121  6090.   8.2  15.6   1.130   3.9   8.3
   2 1983 122 13250.   7.2  12.9   0.920   5.7   3.0
   2 1983 123  4090.   6.7   8.7   0.950   6.1   3.6
   2 1983 124 15070.   4.7  10.9   0.880   3.3   0.0
   2 1983 125 19950.   1.5  13.2   0.900   2.4   0.0
   2 1983 126 13220.   5.2  17.0   1.040   4.0   2.3
   2 1983 127  7300.   9.2  15.5   1.270   1.8  10.3
   2 1983 128 15120.   7.0  15.0   1.110   3.0   0.7
   2 1983 129 11430.   7.3  14.7   1.100   4.6   2.1
   2 1983 130 20770.   5.0  13.6   0.830   4.1   1.3
   2 1983 131 10240.   4.8  12.2   0.950   3.9   4.0
   2 1983 132  7510.   4.9  12.8   0.980   6.1   2.7
   2 1983 133 13040.   7.8  15.2   1.060   4.7   0.1
   2 1983 134 17400.   7.7  16.1   1.050   3.1   0.0
   2 1983 135 11980.   5.7  17.7   1.140   3.0   1.0
   2 1983 136  5960.   5.5  13.6   1.090   3.0   7.9
   2 1983 137 13910.   7.3  16.0   1.210   2.1   2.1
   2 1983 138 13520.   7.7  16.4   1.110   3.3   5.8
   2 1983 139 12240.   6.7  15.5   1.080   3.1   5.8
   2 1983 140 16460.   7.1  17.2   1.140   3.2   2.5
   2 1983 141  3470.   8.5  13.4   1.220   2.3  17.1
   2 1983 142 17670.   6.2  15.2   1.040   2.9   0.0
   2 1983 143 21150.   4.5  15.4   1.040   2.8   0.0
   2 1983 144  2920.   9.5  10.9   1.160   5.9   3.0
   2 1983 145  2190.   8.2  10.6   1.100   7.0   6.3
   2 1983 146  3440.   8.6   9.9   1.060   8.0  10.1
   2 1983 147  8050.   5.2  11.0   0.970   4.3   0.0
   2 1983 148 12000.   4.4  13.5   1.010   3.6   1.4
   2 1983 149 10190.   7.4  12.2   1.050   2.4   1.0
   2 1983 150 13170.   5.4  15.3   1.070   1.7   0.0
   2 1983 151 24010.   9.1  22.1   1.310   2.6   2.5
   2 1983 152 21780.  13.5  24.3   1.630   4.0   7.2
   2 1983 153 11310.  10.5  17.8   1.380   4.3   7.1
   2 1983 154 21470.   9.2  19.6   1.310   2.5   0.0
   2 1983 155 17770.  11.8  23.5   1.490   3.3   0.1
   2 1983 156 23950.   7.9  19.1   1.260   3.3   0.0
   2 1983 157 26690.   6.4  19.4   1.030   5.1   0.0
   2 1983 158 26610.   8.5  23.4   1.170   4.1   0.0
   2 1983 159 16000.  11.7  27.2   1.660   2.9   1.6
   2 1983 160 22650.  12.7  20.0   1.480   4.4   0.0
   2 1983 161 21280.  10.7  17.8   1.240   3.1   0.0
   2 1983 162 17280.   9.3  19.1   1.280   3.7   0.0
   2 1983 163 24680.  10.0  20.8   1.380   3.5   0.0
   2 1983 164 25900.   7.8  19.5   1.210   2.4   0.0
   2 1983 165 16830.   8.2  15.9   1.040   4.8   1.2
   2 1983 166 16590.   8.2  15.5   0.980   4.6   9.4
   2 1983 167 17540.   6.2  14.5   0.930   3.7   1.7
   2 1983 168 26570.   5.9  15.5   0.890   5.2   0.0
   2 1983 169 24510.   9.8  21.1   1.230   4.5   0.0
   2 1983 170 21920.   8.9  21.3   1.310   4.8   0.0
   2 1983 171 25430.  10.9  25.4   1.470   3.4   0.0
   2 1983 172 26150.  13.3  26.6   1.620   3.5   0.0
   2 1983 173 24770.  15.1  28.3   1.750   3.3   0.0
   2 1983 174 18380.  15.5  27.1   1.880   1.6   5.9
   2 1983 175 20770.  14.9  24.6   1.910   2.8   0.0
   2 1983 176 23090.  10.8  21.1   1.300   3.7   0.0
   2 1983 177 21610.  10.2  21.7   1.210   2.1   0.3
   2 1983 178  9840.  11.4  17.7   1.280   4.5   2.2
   2 1983 179 16680.  10.4  17.5   1.090   4.8   0.0
   2 1983 180  4300.  12.8  16.3   1.560   4.7   7.3
   2 1983 181 14250.  10.3  19.0   1.360   2.5   0.8
   2 1983 182 18540.   8.6  17.5   1.160   2.2   0.0
   2 1983 183 11620.   8.8  18.8   1.370   3.7   0.0
   2 1983 184 16700.   8.2  19.5   1.410   2.4   0.0
   2 1983 185 24190.   8.5  22.7   1.470   1.7   0.0
   2 1983 186 24430.  12.1  26.3   1.740   2.7   0.0
   2 1983 187 16300.  14.9  25.5   1.890   2.6   0.0
   2 1983 188 17380.  15.3  24.8   2.010   2.1   0.0
   2 1983 189 19890.  16.2  25.5   2.100   2.1   0.0
   2 1983 190 19530.  15.8  25.9   2.020   2.7   0.0
   2 1983 191 21630.  15.1  29.1   2.030   2.2   0.0
-999 1983 192      3     1     1       1     1     3
   2 1983 192 23820.  16.8  31.2   2.000   2.2   0.0
   2 1983 193 26100.  16.4  27.8   2.080   3.8   0.0
   2 1983 194 18040.  13.8  18.0   1.520   4.3   0.0
   2 1983 195 25120.  12.1  20.1   1.370   2.3   0.0
   2 1983 196 21850.  11.9  27.8   1.810   3.9   0.0
   2 1983 197 21960.  14.9  25.5   1.820   2.6   0.0
   2 1983 198 20720.  13.2  30.7   1.840   3.6   0.0
   2 1983 199 14940.  13.1  21.0   1.880   3.9   0.0
   2 1983 200 12960.  11.1  19.1   1.460   3.2   0.0
   2 1983 201 18710.  10.0  17.4   1.060   3.9   0.0
   2 1983 202 26670.   8.6  19.5   1.180   2.2   0.0
-999 1983 203      1     1     1       1     1     3
   2 1983 203 24930.   8.3  25.7   1.440   3.2   0.0
   2 1983 204 17290.  13.4  27.7   1.620   3.2   0.0
-999 1983 205      3     1     1       1     1     3
   2 1983 205  9100.  13.8  22.8   1.940   1.8  17.0
   2 1983 206 21310.  11.7  27.1   1.760   2.6   0.0
   2 1983 207 16440.  16.6  27.1   2.100   3.4   2.9
   2 1983 208 13010.  13.6  24.2   1.970   3.0   0.4
   2 1983 209 10940.  13.8  22.4   1.680   3.8   0.0
   2 1983 210 18110.  14.8  24.5   1.780   5.1   0.0
   2 1983 211 18340.  14.0  24.4   1.610   3.2   0.0
   2 1983 212 19370.  12.7  30.5   1.690   3.8   0.0
-999 1983 213      1     1     1       1     1     1
   2 1983 213  5530.  12.8  24.6   1.940   5.4   0.0
   2 1983 214 12960.   9.6  18.3   1.170   3.1   0.0
   2 1983 215 18530.   7.3  19.9   1.080   2.5   0.0
   2 1983 216  9430.   7.3  20.9   1.360   3.8   0.0
   2 1983 217 10990.  13.5  19.6   1.340   5.3   1.3
   2 1983 218  9420.  13.5  19.2   1.420   5.1   0.0
   2 1983 219 12710.  14.7  22.5   1.680   2.2   0.0
   2 1983 220 19000.  12.5  26.8   1.910   3.2   0.0
   2 1983 221 18380.  14.2  28.7   1.430   3.1   9.0
   2 1983 222 20080.  14.5  26.2   1.630   4.4   0.0
   2 1983 223 22360.   9.6  23.4   1.410   2.9   0.0
   2 1983 224 13540.   7.8  20.8   1.330   4.2   0.0
   2 1983 225 15660.  13.0  19.4   1.180   4.8   0.6
   2 1983 226 15430.  10.6  20.2   1.270   0.9   5.6
   2 1983 227 21130.  10.5  24.2   1.330   2.6   0.0
   2 1983 228 16410.  12.4  23.1   1.500   4.0   0.0
   2 1983 229  5870.  15.0  19.4   1.720   2.8   0.8
   2 1983 230 20730.  10.7  23.2   1.400   2.1   0.0
   2 1983 231 18320.  10.6  28.6   1.680   3.0   0.0
   2 1983 232 17090.  15.9  26.2   1.790   2.6  12.6
   2 1983 233 14810.  15.8  23.8   1.880   2.1  12.2
   2 1983 234 16380.  13.8  24.5   1.730   1.2   0.0
   2 1983 235 16460.  13.7  24.1   1.720   2.1   0.0
   2 1983 236 14540.  15.0  21.7   1.630   3.9   0.0
   2 1983 237 15210.  15.1  26.8   1.770   4.2   0.0
   2 1983 238 18170.  10.6  23.1   1.460   3.7   0.0
   2 1983 239  6420.   9.8  20.0   1.410   2.2   0.0
   2 1983 240  7180.  10.6  18.0   1.280   3.3   0.0
   2 1983 241 14370.  11.0  20.0   1.080   3.0   0.0
   2 1983 242 18770.   9.3  23.7   1.330   2.7   0.0
   2 1983 243 16060.   9.6  27.3   1.310   2.0   0.0
   2 1983 244  4700.  13.3  21.1   1.620   2.6  10.6
   2 1983 245 11730.  15.2  21.2   1.420   5.6   0.0
   2 1983 246  5330.  13.2  17.9   1.300   8.8  13.1
   2 1983 247 10850.  11.2  18.4   1.280   6.5   0.1
   2 1983 248  5870.   9.2  17.1   1.090   6.5   0.0
   2 1983 249 14490.   8.3  16.5   0.980   5.0   1.1
   2 1983 250  9680.   4.8  15.8   0.940   4.4   0.6
   2 1983 251 10250.   4.6  19.0   1.040   3.4   0.1
   2 1983 252  7690.  13.2  19.6   1.320   4.8   0.0
   2 1983 253  7880.  11.1  18.7   1.320   5.6   2.1
   2 1983 254  4760.   9.8  12.6   1.140   6.5  12.3
   2 1983 255  7910.  10.1  16.0   1.250   4.5   6.7
   2 1983 256  9320.  10.1  15.0   1.100   4.7   4.5
   2 1983 257  4840.  10.7  16.2   1.500   5.1   5.7
   2 1983 258  7010.  12.2  18.6   1.400   5.9   2.1
   2 1983 259  8390.  11.6  16.5   1.160   6.6   3.9
   2 1983 260  6450.  10.5  15.3   1.260   4.4  10.5
   2 1983 261  3330.   9.9  14.4   1.270   6.6   6.2
   2 1983 262 12540.  10.3  17.7   1.180   4.5   0.0
   2 1983 263 12920.   9.4  17.0   1.100   3.9   0.1
   2 1983 264  6810.  10.3  17.3   1.260   3.7   5.4
   2 1983 265 11940.   6.1  15.8   1.100   3.2   0.2
   2 1983 266 13150.   6.1  18.5   1.100   2.2   0.0
   2 1983 267  9190.   9.6  21.6   1.360   4.2   0.1
   2 1983 268 12650.   4.6  15.7   0.970   1.2   0.0
   2 1983 269 12300.   5.0  20.2   1.180   2.6   0.0
   2 1983 270  5480.   9.4  17.7   1.460   1.4   0.0
   2 1983 271  7320.  12.3  16.5   1.380   3.9   0.0
   2 1983 272 10360.  10.1  22.2   1.440   1.6   0.0
   2 1983 273  9930.   6.8  16.3   1.060   4.8   0.0
   2 1983 274  9410.   4.4  14.9   0.880   4.0   0.1
   2 1983 275  5240.  11.8  17.8   1.460   3.7   0.8
   2 1983 276  1730.  13.4  17.9   1.620   3.7   8.6
   2 1983 277 10180.  12.6  24.3   1.640   4.0   0.0
   2 1983 278 10010.  13.4  17.1   1.280   6.2   0.0
   2 1983 279  4680.  12.0  15.3   1.210   4.8   0.0
   2 1983 280  3010.   9.6  15.4   1.270   5.4   5.7
   2 1983 281  4490.   7.3  13.8   1.040   5.8  11.7
   2 1983 282  5960.   8.9  13.9   1.060   3.7   1.0
   2 1983 283  2280.   9.4  14.5   1.280   5.6   7.7
   2 1983 284  7550.   8.0  13.2   0.960   5.5   5.7
   2 1983 285  5450.   6.7  13.3   1.030   5.4   0.0
   2 1983 286  9290.   8.4  16.8   1.050   5.8   0.0
   2 1983 287  8660.   7.2  14.5   1.020   5.0   0.1
   2 1983 288  5850.   7.3  14.8   1.070   7.6   4.6
   2 1983 289  7450.   8.2  12.8   0.940   8.7   9.9
   2 1983 290  4300.   6.3  12.0   0.950   5.8   6.9
   2 1983 291  2070.   7.3  14.7   1.160   6.2   0.4
   2 1983 292  8250.   5.6  14.6   1.020   5.6   0.6
   2 1983 293  4650.   5.1  12.2   0.840   3.2   0.2
   2 1983 294  7020.   2.0  11.5   0.760   1.4   0.0
   2 1983 295  3790.   0.3  10.5   0.710   0.6   0.0
   2 1983 296  8830.  -1.9  10.8   0.670   1.5   0.0
   2 1983 297  5110.  -1.4  11.8   0.690   1.8   0.1
   2 1983 298  4790.  -1.3   9.2   0.780   3.6   1.7
   2 1983 299  2670.   5.2  12.6   1.060   3.3   0.0
   2 1983 300  3230.   7.8  12.6   1.060   3.7   0.0
   2 1983 301  5660.   2.6  10.8   0.840   2.9   0.3
   2 1983 302  7120.  -0.9  10.3   0.670   2.1   0.0
   2 1983 303  6080.  -3.7   9.3   0.680   3.9   0.0
   2 1983 304  4700.   5.0  12.0   0.880   3.8   0.1
   2 1983 305  3190.   5.2  12.9   1.080   4.5   0.0
   2 1983 306  2830.   6.2  14.1   1.220   1.5   0.0
   2 1983 307  5630.   4.1  13.2   0.980   2.2   0.0
   2 1983 308  3350.   3.2  12.2   0.920   1.5   0.1
   2 1983 309  3450.   4.6  12.6   1.030   0.9   0.2
   2 1983 310  1630.   8.6  11.5   1.120   1.8   0.0
   2 1983 311  5610.   2.9  14.9   0.980   2.2   0.0
   2 1983 312  4770.   2.2  14.5   0.930   2.0   0.0
   2 1983 313  4260.   5.2  15.0   0.970   0.8   0.0
   2 1983 314  4070.   3.8  13.6   0.920   1.8   0.0
   2 1983 315  1660.   2.1   9.6   0.830   5.0   0.1
   2 1983 316  4870.  -3.0   5.9   0.540   3.1   0.0
   2 1983 317  4820.  -3.5   3.5   0.470   4.5   0.0
   2 1983 318  5490.  -5.6   2.3   0.390   2.4   0.0
   2 1983 319  2840.  -3.8   8.0   0.710   3.4   2.3
   2 1983 320  4260.   3.8   8.8   0.840   2.9   0.5
   2 1983 321  3500.  -1.6   6.8   0.680   2.4   0.0
   2 1983 322  1720.  -5.0   4.9   0.620   1.8   0.3
   2 1983 323  2680.   2.1   7.8   0.830   2.5   0.3
   2 1983 324   750.   2.0   7.6   0.740   3.4   1.4
   2 1983 325  4060.  -0.2   7.6   0.600   3.0   0.8
   2 1983 326  2400.  -0.7   5.1   0.610   2.4   0.7
   2 1983 327  1910.  -0.6   6.0   0.620   2.4   0.0
   2 1983 328  3620.  -2.7   2.9   0.530   3.0   0.3
   2 1983 329   510.   2.8  13.1   1.110   6.2  10.3
   2 1983 330   580.  10.4  13.5   1.200   7.4   8.6
   2 1983 331   300.   7.2  14.4   1.040  10.0  44.0
   2 1983 332   910.   6.3   8.7   0.880   3.3   3.5
   2 1983 333  2390.   3.5   8.1   0.740   4.2   0.2
   2 1983 334  2580.  -1.4   6.7   0.580   3.6   0.7
   2 1983 335  3950.  -3.9   0.0   0.470   1.4   0.0
   2 1983 336  3090.  -4.6   0.7   0.470   2.1   0.0
   2 1983 337  3260.  -4.3   0.8   0.440   2.6   0.0
   2 1983 338  2860.  -3.8   2.3   0.460   3.6   0.0
   2 1983 339  2790.  -0.5   4.4   0.590   3.9   4.3
   2 1983 340  2730.   1.6   6.2   0.680   3.2   0.4
   2 1983 341  1250.   0.9   4.9   0.690   2.6   0.0
   2 1983 342   360.   1.1   4.1   0.720   6.7   2.4
   2 1983 343   380.   3.9   5.8   0.840   6.9  14.9
   2 1983 344  2840.  -1.8   5.6   0.630   4.0   3.1
   2 1983 345  3530.  -5.2   2.6   0.540   1.0   0.3
   2 1983 346  1460.  -5.9  -1.4   0.440   2.3   0.0
   2 1983 347  2700.  -7.0   0.4   0.490   2.8   0.0
   2 1983 348  3390.  -3.3   1.2   0.490   4.8   0.0
   2 1983 349  2710.  -3.0   2.5   0.520   4.0   0.0
   2 1983 350   800.  -3.8   0.9   0.450   3.6   0.0
   2 1983 351  1310.  -4.2   2.8   0.550   2.9   0.9
   2 1983 352  2490.   1.3   3.3   0.690   3.1   0.1
   2 1983 353  1090.   2.4   6.9   0.840   3.3   1.7
   2 1983 354  1880.   6.1   8.9   0.890   6.6   2.4
   2 1983 355  2190.   4.0   8.3   0.830   5.4   0.0
   2 1983 356   580.   4.6   8.3   0.910   6.7   8.6
   2 1983 357   830.   2.6   9.1   0.910   5.0   2.9
   2 1983 358   340.   2.4  11.9   1.000   4.6   1.7
   2 1983 359   940.   8.1  11.5   1.140   5.9   8.7
   2 1983 360  1190.   1.9   9.5   0.860   6.3   3.6
   2 1983 361   220.   1.8  10.8   0.970   7.1   2.5
   2 1983 362   790.   8.6  10.1   1.090   6.8   0.3
   2 1983 363   870.   4.8   9.0   1.020   4.3   0.1
   2 1983 364  2560.   3.5   8.7   0.770   4.5   0.0
   2 1983 365  1270.   2.8   7.9   0.800   7.1   0.0
