*---------------------------------------------------------------------------*
* Station name: Swifterbant, Netherlands
* Year: 1988
* Author: Willem Stol en Vitale Nuzzo                      -99.000: NIL VALUE
* Source: Natuur- en Weerkunde - data invoer: Hennie de Ruiter
*
* Comments: Missing values are exchanged with daily weather
*           data from synoptic station de Bilt, Netherlands
*
* Longitude: 5 38 E, latitude: 52 34 N, altitude: -4 m.
*
* Column  Daily value
* 1       station number
* 2       year
* 3       day
* 4       irradiation                   (kJ m-2 d-1)
* 5       minimum temperature           (degrees Celsius)
* 6       maximum temperature           (degrees Celsius)
* 7       early morning vapour pressure (kPa)
* 8       mean wind speed (height: 2 m) (m s-1)
* 9       precipitation                 (mm d-1)
*
** WCCDESCRIPTION=Netherlands, Swifterbant
** WCCFORMAT=2
** WCCYEARNR=1988
*---------------------------------------------------------------------------*
   5.63  52.57    -4.  -0.18 -0.55
   2 1988   1  1360.   6.7  11.5   0.950   7.8   7.4
   2 1988   2   480.   7.3  12.9   1.090   9.9   4.4
   2 1988   3  1480.   6.6   8.6   0.870   9.0   4.2
   2 1988   4  1480.   5.1   9.3   0.840   7.9   4.3
   2 1988   5   420.   5.8  10.9   1.020   5.5  16.3
   2 1988   6  1990.   6.7   9.9   0.920   8.1  12.4
   2 1988   7   620.   4.8   7.8   0.810   5.7   3.9
   2 1988   8  2690.   0.7   6.7   0.720   2.6   0.0
   2 1988   9   980.   2.1   7.7   0.790   5.8   0.5
   2 1988  10  1100.   6.0   9.2   1.040   2.9   6.9
   2 1988  11  3140.   2.2   6.2   0.740   4.9   2.0
   2 1988  12  3440.   1.0   6.7   0.700   4.0   0.0
   2 1988  13  2840.   0.8   8.1   0.670   4.7   0.0
   2 1988  14  2010.   1.2   8.9   0.790   2.9   0.0
   2 1988  15  1330.  -0.9   4.9   0.730   2.6   0.2
   2 1988  16  1160.   2.1   4.9   0.750   2.0   0.1
   2 1988  17  1160.   1.6   5.4   0.780   3.1   0.1
   2 1988  18  2410.   0.0   5.2   0.680   2.9   0.0
   2 1988  19  3210.   2.6   8.3   0.800   3.7   0.0
   2 1988  20   990.   4.5   7.5   0.820   4.5   1.1
   2 1988  21  2100.   1.3   6.0   0.720   4.0   0.4
   2 1988  22   370.   0.3   3.5   0.640   5.2   9.2
   2 1988  23  3740.   0.5   5.2   0.660   4.2   1.2
   2 1988  24  1150.   2.9  10.0   0.910   5.6   5.9
   2 1988  25   800.   4.8   8.8   0.870   6.1  10.8
   2 1988  26  1090.   5.0   7.3   0.850   3.8   3.3
   2 1988  27  5220.   1.4   7.7   0.720   2.4   0.0
   2 1988  28   740.   3.1   8.6   0.850   5.1   5.4
   2 1988  29  2430.   5.0  10.2   0.900   6.8   2.2
   2 1988  30  2100.   3.7   6.5   0.770   5.2   3.1
   2 1988  31  1630.   2.6   6.4   0.730   4.6   0.1
   2 1988  32  1500.   1.7   8.0   0.770   8.6   6.1
   2 1988  33  2310.   4.1   8.7   0.780   8.9   1.2
   2 1988  34  4100.   2.4   7.9   0.760   6.4   2.6
   2 1988  35  2850.   4.4   8.4   0.820   7.8   4.9
   2 1988  36  5580.   4.3   8.5   0.790   6.2   2.9
   2 1988  37  4320.   1.3   7.1   0.690   4.6  19.7
   2 1988  38  4160.   1.0   6.4   0.640   5.8   1.1
   2 1988  39  4220.   0.3   5.4   0.650   7.9   7.4
   2 1988  40  3650.   2.8   8.9   0.680   8.2   2.5
   2 1988  41  1120.   0.4   5.8   0.630   8.9   9.1
   2 1988  42  5380.   0.8   6.8   0.670   5.2   5.6
   2 1988  43  4690.  -0.8   6.2   0.620   2.9   0.4
   2 1988  44  7200.  -0.6   7.3   0.610   4.8   0.0
   2 1988  45  4330.   2.7   9.3   0.570   4.6   0.0
   2 1988  46  6910.  -0.3   8.2   0.580   2.5   0.0
   2 1988  47  2670.  -0.1   6.6   0.660   4.2   0.0
   2 1988  48  3340.   2.4   7.2   0.760   6.3   0.7
   2 1988  49  3110.   3.4   7.1   0.820   5.1   0.4
   2 1988  50  8520.   4.5   7.4   0.810   5.8   0.0
   2 1988  51  4530.   5.3   7.5   0.820   2.8   0.0
   2 1988  52  1930.   4.6   7.7   0.860   3.5   0.0
   2 1988  53  6530.  -0.2   8.5   0.740   4.5   0.3
   2 1988  54  5570.   2.6   5.9   0.690   6.2   4.1
   2 1988  55  5910.   0.3   3.5   0.580   4.9   0.0
   2 1988  56  4300.  -0.1   1.9   0.560   4.9   0.0
   2 1988  57  2770.   0.3   1.7   0.550   6.4   0.0
   2 1988  58  3220.  -0.7   3.3   0.560   3.7   0.0
   2 1988  59  5620.   0.5   6.3   0.670   7.2   4.7
   2 1988  60  6830.   0.6   5.5   0.640   7.7   4.4
   2 1988  61  6240.  -0.2   3.3   0.570   4.0   1.3
   2 1988  62  7860.  -1.5   5.4   0.590   3.2   0.1
   2 1988  63  2440.   0.7   4.0   0.640   6.0   1.0
   2 1988  64  9040.  -0.2   5.5   0.580   3.4   0.1
   2 1988  65  7260.  -2.2   4.5   0.590   4.3   2.7
   2 1988  66  4700.   0.5   6.1   0.730   5.4   7.7
   2 1988  67  8940.   0.4   6.7   0.650   6.1   0.6
   2 1988  68 12090.  -1.1   6.0   0.540   2.1   0.0
   2 1988  69  3750.  -1.8   5.5   0.650   3.4   0.5
   2 1988  70  6410.   3.2   7.8   0.820   4.5   2.5
   2 1988  71  7330.   1.7   7.5   0.810   5.9   1.4
   2 1988  72  9830.   0.5   5.9   0.640   5.0   1.8
   2 1988  73  5060.   0.1   5.0   0.590   2.6   1.8
   2 1988  74 12550.  -1.2   5.8   0.550   1.8   0.0
   2 1988  75  1510.   0.8   9.1   0.880   7.1   9.7
   2 1988  76  2990.   3.7   7.5   0.800   7.5   3.5
   2 1988  77 14400.  -0.6   6.4   0.560   3.7   0.2
   2 1988  78 14100.  -2.2   8.1   0.550   2.7   0.4
   2 1988  79  1980.   1.2   8.8   0.790   5.6   5.3
   2 1988  80  5380.   6.4  11.0   1.050   4.8   6.3
   2 1988  81  1730.   5.9  10.2   1.050   3.8  17.5
   2 1988  82  8520.   2.7  10.6   0.890   4.2   0.0
   2 1988  83  6380.   4.9  10.0   0.900   4.5   2.7
   2 1988  84  4640.   2.9   8.9   0.840   5.9   6.9
   2 1988  85  4150.   4.7   7.4   0.830   3.9   4.7
   2 1988  86 12930.   3.9   9.7   0.810   7.1   7.0
   2 1988  87  5420.   4.7   7.7   0.810   6.6   2.0
   2 1988  88  7220.   2.9   8.1   0.860   3.9   4.2
   2 1988  89  4250.   4.7   8.3   0.890   2.9   9.3
   2 1988  90  6240.   3.7  12.0   0.870   3.6   1.0
   2 1988  91  6360.   4.3   9.4   0.840   4.1   0.0
   2 1988  92 16080.   2.4  11.4   0.780   3.3   0.0
   2 1988  93 13980.   0.0  12.6   0.740   1.6   0.1
   2 1988  94 17250.   1.6  11.6   0.850   3.3   0.0
   2 1988  95 11830.   3.3  10.8   0.790   5.4   0.0
   2 1988  96  7300.   2.8   9.2   0.800   5.7   0.0
   2 1988  97 17370.   2.9  12.6   0.850   5.4   0.0
   2 1988  98 14170.   4.2  15.0   0.920   5.2   0.0
   2 1988  99  7940.   4.1  10.8   0.820   4.4   0.2
   2 1988 100 12870.   0.3   7.3   0.590   3.4   1.6
   2 1988 101 14790.  -0.8   9.5   0.640   5.8   0.1
   2 1988 102 16380.   5.1  13.2   0.880   3.4   0.0
   2 1988 103 17120.   3.0  13.7   0.800   4.0   0.0
   2 1988 104 18660.   0.0   9.3   0.570   4.6   0.1
   2 1988 105 20140.  -3.3  13.1   0.520   3.2   0.1
   2 1988 106 17620.   6.9  17.2   0.730   3.5   0.0
   2 1988 107  8120.  10.2  17.1   1.300   2.8   5.3
   2 1988 108  9380.   5.6  16.1   1.270   2.7   0.3
   2 1988 109 17320.   3.3  19.3   1.260   1.9   0.1
   2 1988 110 16150.  12.2  23.9   1.470   2.0   2.4
   2 1988 111  8930.   7.4  15.1   1.210   5.0   1.6
   2 1988 112  8870.   7.1  13.0   1.060   4.6   0.0
   2 1988 113 20440.   2.2  10.2   0.640   4.1   0.0
   2 1988 114 21430.   0.7   8.4   0.470   5.0   0.0
   2 1988 115 23630.  -1.5   9.7   0.450   3.8   0.2
   2 1988 116 18030.  -1.1   9.8   0.580   2.7   0.0
   2 1988 117 16800.   1.1  11.4   0.620   2.3   0.0
   2 1988 118 21250.   2.3  14.0   0.540   5.1   0.0
   2 1988 119 14710.   3.6  10.8   0.740   4.2   0.2
   2 1988 120 11650.   3.4  14.0   0.880   2.7   0.0
   2 1988 121 17500.   5.1  20.4   0.820   2.2   0.0
   2 1988 122 14880.   8.1  20.6   1.080   2.7   4.2
   2 1988 123 18940.  10.0  19.4   1.130   3.9   1.5
   2 1988 124 11770.   9.2  16.0   1.140   4.0   3.3
   2 1988 125 11280.   9.5  14.8   1.130   5.3   2.2
   2 1988 126 17920.   4.9  15.5   1.070   3.4   0.0
   2 1988 127 22300.   2.8  17.7   0.960   2.4   0.1
   2 1988 128 21700.   6.3  20.2   1.020   5.7   0.0
   2 1988 129  6840.  13.0  16.9   1.050   4.9   1.0
   2 1988 130 16460.  13.6  21.8   1.360   2.8   1.4
   2 1988 131 19610.  11.2  21.1   1.220   3.4   0.0
   2 1988 132 24300.   8.9  20.7   0.760   4.9   0.0
   2 1988 133 23660.   9.1  23.3   1.010   5.3   0.0
   2 1988 134 24320.  13.1  24.4   1.050   5.5   0.0
   2 1988 135 21690.  12.7  24.8   1.030   6.0   0.0
   2 1988 136 22640.  12.8  24.7   1.030   6.0   0.0
   2 1988 137 23710.  11.5  25.2   1.080   4.3   0.0
   2 1988 138 24840.   6.6  16.3   1.070   4.6   0.0
   2 1988 139 13990.   5.2  13.8   0.790   2.8   0.0
   2 1988 140  8550.   5.6  11.5   0.820   3.6   0.1
   2 1988 141 21330.   5.6  13.1   0.830   3.8   0.5
   2 1988 142 22750.   4.2  15.7   0.800   2.3   0.2
   2 1988 143 26080.   3.2  17.4   0.830   2.8   0.0
   2 1988 144 25330.   5.6  20.9   0.810   4.3   0.0
   2 1988 145 20160.  10.2  18.8   1.160   3.2   3.1
   2 1988 146 21440.   9.0  23.3   1.200   2.5   0.0
   2 1988 147 17430.  15.3  26.4   1.540   3.4   6.6
   2 1988 148 11410.  13.3  17.7   1.540   4.5   1.0
   2 1988 149  3090.  12.1  14.8   1.400   2.5   9.7
   2 1988 150 13040.  10.2  17.9   1.250   3.6   1.8
   2 1988 151 13970.   9.5  18.4   1.200   4.8   1.4
   2 1988 152  9400.   9.9  13.7   1.200   5.3   4.6
   2 1988 153 21150.  10.8  16.4   1.240   4.7   2.2
   2 1988 154 12970.  11.8  17.5   1.400   4.2   2.4
   2 1988 155 20720.   8.7  17.1   1.150   4.4   0.0
   2 1988 156 13970.   7.7  16.2   1.140   3.8   3.9
   2 1988 157 18350.   9.2  15.1   1.090   4.2   1.6
   2 1988 158 13880.   8.9  15.0   1.020   3.4   0.0
   2 1988 159  4320.   8.9  14.6   1.340   3.1   2.3
   2 1988 160  6900.  12.5  16.3   1.500   1.7   2.3
   2 1988 161  7660.  12.7  16.7   1.510   2.8   2.7
   2 1988 162  6520.  10.7  18.2   1.610   2.2   0.0
   2 1988 163  9390.  10.9  18.4   1.320   4.5   0.0
   2 1988 164 29370.   9.3  20.0   0.940   5.9   0.0
   2 1988 165 28290.   8.5  22.2   1.060   3.1   0.0
   2 1988 166 27860.   6.9  17.3   1.310   3.9   0.0
   2 1988 167 11970.  13.1  18.5   1.400   3.3   0.0
   2 1988 168 12520.  12.0  16.0   1.180   3.0   0.0
   2 1988 169 20730.  12.4  19.7   1.290   2.9   0.0
   2 1988 170 12800.  10.2  16.4   1.220   3.7   0.0
   2 1988 171 10720.  11.8  15.8   1.140   3.8   0.0
   2 1988 172 19670.  10.9  17.7   1.290   3.1   0.0
   2 1988 173 21060.  10.9  23.4   1.510   2.1   0.0
   2 1988 174 19890.  12.4  16.9   1.200   5.6   1.0
   2 1988 175 10080.  12.1  17.0   1.210   4.2   0.0
   2 1988 176  6800.  12.9  16.0   1.400   3.8   0.0
   2 1988 177  9330.  13.0  18.0   1.450   3.5   0.0
   2 1988 178  6330.  12.7  17.8   1.520   3.0   0.0
   2 1988 179 15150.  13.0  18.9   1.580   2.9   0.0
   2 1988 180 12000.  10.0  19.6   1.520   2.5   0.0
   2 1988 181  8310.   8.5  18.4   1.420   2.0   0.0
-999 1988 182      3     1     1       3     1     1
   2 1988 182 14510.   6.7  25.1   1.720   2.2  23.9
-999 1988 183      1     1     1       1     1     1
   2 1988 183  6680.  -0.1  21.8   0.960   2.6  16.0
   2 1988 184 15770.  10.8  18.2   1.280   3.9   4.2
   2 1988 185 16080.  11.4  18.8   1.410   5.6   9.5
   2 1988 186 15230.  13.5  21.3   1.480   4.7   4.3
   2 1988 187  7460.  12.0  18.5   1.480   2.5   4.8
   2 1988 188 17840.  11.7  21.4   1.530   3.6   2.3
   2 1988 189 16830.  12.9  19.6   1.510   3.6   4.3
   2 1988 190 15100.  12.4  17.9   1.390   3.9   3.4
   2 1988 191 18770.  10.4  18.3   1.310   3.9   4.9
   2 1988 192 22660.  10.1  23.5   1.640   3.6   0.0
   2 1988 193 16720.  10.8  19.9   1.550   3.4   1.8
   2 1988 194 16350.  10.9  19.5   1.400   2.9   0.0
   2 1988 195  4500.  11.3  16.4   1.480   2.6  10.2
   2 1988 196  9130.  11.6  18.1   1.490   4.5   5.7
   2 1988 197  9830.  13.1  17.8   1.490   5.5   6.4
   2 1988 198  6420.  12.8  17.5   1.500   6.7  13.0
   2 1988 199 10060.  11.8  17.5   1.540   2.8   3.2
   2 1988 200  6710.   9.9  16.3   1.400   3.8   0.2
   2 1988 201 15280.  11.2  19.1   1.480   3.0   0.0
   2 1988 202  7870.  12.8  18.5   1.650   2.2   0.0
   2 1988 203  9880.  14.3  20.6   1.670   2.4   2.1
   2 1988 204  6310.  16.4  21.3   1.970   4.5   9.7
   2 1988 205 14840.  17.5  26.8   2.220   3.7  11.3
   2 1988 206 16740.  12.4  20.0   1.580   4.4   1.6
   2 1988 207 19450.  11.3  21.9   1.440   4.2   0.0
   2 1988 208  6210.  12.8  17.2   1.580   3.3   4.6
   2 1988 209 20520.   9.8  19.3   1.330   3.5   0.2
   2 1988 210 18290.  10.8  21.1   1.390   3.7   0.4
   2 1988 211 21670.  12.5  18.1   1.260   6.1   1.2
   2 1988 212 21220.  10.3  19.4   1.220   4.7   0.4
   2 1988 213 18560.  10.9  19.9   1.340   4.2   0.1
   2 1988 214 19950.  11.0  21.3   1.410   2.8   0.0
   2 1988 215 19280.  10.2  19.1   1.270   2.3   0.0
   2 1988 216 22620.   8.7  18.9   1.210   2.1   0.0
   2 1988 217 10620.  11.6  19.4   1.410   3.7   0.0
   2 1988 218 18710.  10.0  21.9   1.520   2.6   0.0
   2 1988 219 19170.  11.7  24.6   1.670   2.5   0.0
   2 1988 220 20920.  10.3  23.3   1.650   2.4   0.1
   2 1988 221 16150.  14.3  23.4   1.710   3.7   0.5
   2 1988 222 15860.  12.5  24.0   1.850   2.5   0.0
   2 1988 223 13580.  14.0  24.0   1.870   1.4   7.1
   2 1988 224 13030.  13.9  20.0   1.580   3.7   2.6
   2 1988 225 11910.  14.0  21.2   1.500   4.6   0.0
   2 1988 226 18980.  12.2  20.7   1.390   4.2   0.0
   2 1988 227 20330.  14.3  25.1   1.590   3.8   0.0
   2 1988 228 10940.   9.1  19.3   1.410   3.6   0.0
   2 1988 229 18940.   8.9  20.5   1.290   2.6   0.0
   2 1988 230 16720.   8.6  20.2   1.280   1.3   0.0
   2 1988 231 18100.   9.4  26.2   1.510   2.9   0.0
   2 1988 232 10340.  13.4  22.4   1.610   4.6   2.3
   2 1988 233 12080.  12.9  18.6   1.390   5.1   8.0
   2 1988 234  8080.  13.0  18.3   1.510   5.0  22.6
   2 1988 235 14460.  11.5  17.6   1.370   4.1   3.2
   2 1988 236 13180.  10.2  18.6   1.290   3.2   0.0
   2 1988 237  6290.  10.3  16.8   1.440   3.8   2.5
   2 1988 238 11260.  12.0  16.7   1.300   5.4  22.1
   2 1988 239 12690.   8.0  18.0   1.280   4.3   5.8
   2 1988 240  6850.   9.6  21.5   1.720   2.7   0.3
   2 1988 241 12200.  15.0  25.7   1.860   3.9   2.4
   2 1988 242 13770.  11.2  17.8   1.290   3.8   0.1
   2 1988 243 10850.  11.6  18.5   1.330   3.7   0.0
   2 1988 244 13270.  10.8  21.0   1.310   3.3   2.4
   2 1988 245  5150.  10.7  19.2   1.510   3.9   3.5
   2 1988 246 11240.  10.9  16.7   1.270   6.0   1.1
   2 1988 247  9780.   9.7  16.7   1.260   3.4   9.3
   2 1988 248 11990.   8.7  17.9   1.210   2.7   0.4
   2 1988 249  5980.   9.2  19.0   1.380   2.2   2.7
   2 1988 250 16990.  10.1  19.8   1.350   2.0   0.1
   2 1988 251 16360.  10.7  21.0   1.340   2.5   0.0
   2 1988 252 16760.  10.3  21.1   1.240   3.1   0.0
   2 1988 253 16150.   9.1  24.4   1.360   1.6   0.0
   2 1988 254  6770.  10.1  17.7   1.440   1.9   0.0
   2 1988 255  6970.   9.7  18.8   1.400   3.9   0.9
   2 1988 256  5580.   6.9  15.6   1.180   4.9   6.4
   2 1988 257 14940.  10.9  16.2   1.200   6.0  13.6
   2 1988 258 11950.  11.0  17.3   1.260   4.7   1.9
   2 1988 259  9210.   9.6  16.4   1.280   3.3   5.6
   2 1988 260  4170.  12.3  15.3   1.360   3.9   4.5
   2 1988 261  7260.  11.5  16.2   1.370   4.1   0.3
   2 1988 262  5440.  12.8  16.5   1.480   3.9   1.3
   2 1988 263  7300.  13.1  16.9   1.350   2.4   0.0
   2 1988 264  4540.  12.7  14.9   1.330   2.1   0.0
   2 1988 265  5300.   9.7  15.5   1.290   1.7   0.0
   2 1988 266  9850.   9.7  20.0   1.390   3.0   0.9
   2 1988 267  6060.  11.2  15.0   1.210   8.1   5.1
   2 1988 268  4210.  10.4  14.8   1.160   5.9   7.4
   2 1988 269  7010.   6.5  16.4   1.380   3.0   0.2
   2 1988 270  2630.  15.1  17.9   1.620   6.2   0.8
   2 1988 271  3330.  14.8  17.3   1.680   5.4  10.7
   2 1988 272  7050.  10.4  18.2   1.390   6.7   5.1
   2 1988 273 10020.   6.8  14.5   1.010   4.7   2.0
   2 1988 274 12630.   4.9  14.0   0.900   2.0   0.5
   2 1988 275 11250.   1.1  14.3   0.870   1.5   0.0
   2 1988 276 11270.   4.4  16.1   1.010   1.8   0.0
   2 1988 277  8070.   3.9  18.3   1.160   1.4   0.0
   2 1988 278  8290.  10.4  16.6   1.300   2.2   0.0
   2 1988 279  4010.   9.1  15.2   1.230   3.7   2.7
   2 1988 280  2050.   8.3  13.0   1.170   6.1   8.9
   2 1988 281  7280.   8.8  13.7   0.980   8.5   7.8
   2 1988 282  7070.   9.2  13.0   1.040   8.4   2.1
   2 1988 283  1210.  10.9  14.0   1.330   7.2  33.2
   2 1988 284  9520.   5.7  13.3   0.970   4.4  14.4
   2 1988 285  6190.   2.2  11.5   0.950   4.1   0.1
   2 1988 286  3920.   9.1  14.1   1.260   3.0   0.1
   2 1988 287  8160.   7.7  15.6   1.110   2.8   0.0
   2 1988 288  8700.   7.2  18.0   1.330   2.5   0.0
   2 1988 289  1720.  12.1  13.3   1.400   3.9   0.0
   2 1988 290  1540.   8.9  12.1   1.220   4.0   0.0
   2 1988 291  4190.   8.8  12.0   1.140   4.1   0.0
   2 1988 292  6350.   7.9  14.4   1.160   5.3   0.0
   2 1988 293  2060.   8.4  12.3   1.140   5.1   0.0
   2 1988 294  2990.   7.9  13.2   1.160   3.1   4.4
   2 1988 295  2440.  10.4  14.4   1.400   2.6   0.1
   2 1988 296  5310.   6.0  15.3   1.280   1.5   0.0
   2 1988 297  4810.   5.5  13.4   1.090   1.5   0.1
   2 1988 298  3380.   8.4  14.1   1.250   1.4   8.4
   2 1988 299  2310.   7.6  12.7   1.130   3.5   0.0
   2 1988 300  4220.   7.7  14.4   1.110   4.9   0.0
   2 1988 301  5710.  10.6  18.1   1.220   6.2   0.0
   2 1988 302  5310.   7.7  14.8   1.070   4.5   0.0
   2 1988 303  6150.   1.6   9.9   0.780   3.2   1.4
   2 1988 304  5080.   1.4   9.3   0.760   1.4   0.8
   2 1988 305  4010.   3.4  11.1   0.900   2.7   0.0
   2 1988 306  6360.   6.3  11.3   0.940   4.3   0.0
   2 1988 307  6510.   0.2  10.2   0.770   3.7   1.4
   2 1988 308  7270.  -2.6   7.2   0.520   1.7   0.3
   2 1988 309  6800.  -3.3   4.5   0.460   3.3   0.3
   2 1988 310  5770.  -4.0   5.3   0.530   2.2   0.0
   2 1988 311  1450.  -1.1   7.3   0.710   1.9   0.7
   2 1988 312  5620.  -1.9   9.3   0.680   2.4   0.1
   2 1988 313  4670.   2.4   9.8   0.760   4.8   0.0
   2 1988 314  2630.   3.2  11.5   0.900   3.9   1.6
   2 1988 315  1560.  10.3  13.4   1.300   3.9   0.0
   2 1988 316   980.  10.4  14.2   1.370   2.0   1.3
   2 1988 317   980.   8.1  11.6   1.100   1.6   6.2
-999 1988 318      1     1     1       3     1     1
   2 1988 318  4060.   2.9   7.9   0.900   4.6   0.0
-999 1988 319      1     1     1       1     1     1
   2 1988 319  2160.   6.6  11.6   1.050   4.2   0.0
   2 1988 320  1950.   5.5  11.9   1.060   2.7   0.3
   2 1988 321  4060.   3.8  11.2   0.890   1.9   0.1
   2 1988 322  3690.   1.5   8.7   0.850   3.8   0.5
   2 1988 323  1400.   6.0  11.2   0.990   5.4   3.4
   2 1988 324  2870.   2.5   7.5   0.750   3.1   1.2
   2 1988 325  3620.  -0.8   4.9   0.620   2.8   2.2
   2 1988 326  5280.  -3.7   2.0   0.500   1.8   0.4
   2 1988 327  2480.  -3.6   6.5   0.680   3.7   2.5
   2 1988 328  2770.   4.2   9.1   0.880   2.1   0.1
   2 1988 329   900.   6.6   8.1   0.900   2.8   0.1
   2 1988 330  1730.   5.0   9.6   0.950   2.8   0.3
   2 1988 331  1500.   5.9   8.5   0.870   2.6   0.0
   2 1988 332  2480.   5.3   9.9   0.900   2.2   0.9
   2 1988 333   480.   4.7  10.3   0.850   6.4   0.3
   2 1988 334  3330.   1.1  10.2   0.810   4.5   0.0
   2 1988 335   350.   0.4   3.9   0.690   5.7  20.2
   2 1988 336   690.  -1.5   0.5   0.510   7.4   0.1
   2 1988 337   600.  -1.4  -0.3   0.520   5.8   0.0
   2 1988 338   840.  -1.0   6.1   0.630   3.4   1.4
   2 1988 339   920.   5.9   8.3   0.870   5.9   4.6
   2 1988 340  1580.   4.1   7.8   0.760   6.2   0.3
   2 1988 341  1020.   3.3   7.0   0.770   5.8   5.0
   2 1988 342  2090.   1.1   6.5   0.760   3.5   0.7
   2 1988 343  1020.   0.5   8.1   0.850   3.9   1.7
   2 1988 344  2480.   1.3   8.7   0.850   2.5   0.4
   2 1988 345  1530.   8.0  10.2   1.040   4.9   0.8
   2 1988 346   670.   7.6   9.1   0.960   5.9   0.3
   2 1988 347  1270.   5.6   8.5   0.850   5.0   1.1
   2 1988 348   740.   6.0   8.3   0.890   4.0   0.2
   2 1988 349   990.   5.8   7.5   0.880   4.2   0.0
   2 1988 350   580.   5.0   7.9   0.920   3.1   1.3
   2 1988 351   320.   3.5   6.6   0.830   2.9   1.4
   2 1988 352  2780.   1.1   7.4   0.790   2.8   0.1
   2 1988 353   820.   4.7   9.3   0.930   6.1   9.0
   2 1988 354  1600.   5.2   9.4   0.890   6.0  19.0
   2 1988 355  1910.   2.9   6.3   0.740   2.7   0.4
   2 1988 356   980.   3.7   9.7   1.000   4.4   1.6
   2 1988 357  1060.   8.2   9.9   1.000   6.5   0.0
   2 1988 358   470.   7.9  10.6   1.000   7.9   1.3
   2 1988 359  1620.   2.6   9.2   0.850   5.5   0.4
   2 1988 360  1010.   3.3   9.8   0.990   3.2   0.0
   2 1988 361  1830.   7.7  10.6   1.060   5.2   0.0
   2 1988 362  3020.   4.5  10.3   0.960   4.6   2.0
   2 1988 363  1380.   5.7  10.7   1.020   3.6   0.0
   2 1988 364  1330.   5.6   8.5   0.920   4.5   0.0
   2 1988 365   500.   5.1   6.5   0.860   3.6   0.0
   2 1988 366   600.   6.2   7.7   0.940   2.2   0.0
