*---------------------------------------------------------------------------*
* Station name: De Kooy (Den Helder), Netherlands
* Year: 1976
* Author: Gon van Laar                      -99.000: NIL VALUE
* Source: K.N.M.I. - data invoer: Hennie de Ruiter
*
* Longitude: 4 45 E, latitude: 53 N, altitude: 3 m.
*
* Column  Daily value
* 1       station number
* 2       year
* 3       day
* 4       irradiation                   (kJ m-2 d-1)
* 5       minimum temperature           (degrees Celsius)
* 6       maximum temperature           (degrees Celsius)
* 7       early morning vapour pressure (kPa)
* 8       mean wind speed (height: 2 m) (m s-1)
* 9       precipitation                 (mm d-1)
*
** WCCDESCRIPTION=Netherlands, De Kooy
** WCCFORMAT=2
** WCCYEARNR=1976
*---------------------------------------------------------------------------*
   4.75  53.00     3.  -0.18 -0.55
   3 1976   1  1760.   0.5   8.7   0.700   7.5  14.2
   3 1976   2  1960.   2.3   9.1   0.790   9.0  19.2
   3 1976   3  1920.   2.8   9.9   0.650  20.0   1.2
   3 1976   4  2180.   1.5   5.6   0.590   9.0   1.1
   3 1976   5   580.   2.0   9.0   0.900   7.5   5.5
   3 1976   6  2290.   3.2   8.2   0.870   5.0   3.0
   3 1976   7  1760.   6.4   8.2   0.950   7.0   0.0
   3 1976   8  1030.   7.0   8.3   0.920   9.5   0.0
   3 1976   9   450.   5.2   8.3   0.930   6.0  10.7
   3 1976  10  1730.   4.4   7.6   0.890   7.5   5.6
   3 1976  11  1140.   7.9  10.0   1.020  10.0   3.4
   3 1976  12  2610.   8.0   9.3   0.960   9.5   0.0
   3 1976  13  2020.   5.2   8.9   0.900   5.5   1.0
   3 1976  14  1170.   6.7   8.1   0.860  10.5   1.4
   3 1976  15  2130.   6.1   8.0   0.860   8.5   0.9
   3 1976  16  2750.   6.2   8.4   0.920   6.0   0.3
   3 1976  17  3500.   4.1   7.5   0.770   5.0   0.1
   3 1976  18  1170.   5.4   7.5   0.840   7.0   0.9
   3 1976  19  3240.   5.0   7.7   0.800  10.5   2.0
   3 1976  20  1680.   6.2   9.4   0.830  16.0   0.5
   3 1976  21  1660.   3.8   8.1   0.730  15.0   1.1
   3 1976  22  1360.   4.2   9.4   0.800  11.0   1.8
   3 1976  23  2590.   1.9   8.4   0.690  11.5   4.0
   3 1976  24  2650.   0.6   4.6   0.590   6.0   3.9
   3 1976  25  2940.  -3.8   4.2   0.570   5.0   1.3
   3 1976  26  2950.  -3.3   3.9   0.580   4.5   7.2
   3 1976  27  5540.  -2.3   3.9   0.540   6.5   0.1
   3 1976  28  3600.  -5.5  -2.2   0.430   4.5   0.1
   3 1976  29  5930.  -6.9  -3.6   0.350   8.0   0.1
   3 1976  30  5460.  -7.4  -3.7   0.310   9.5   0.0
   3 1976  31  5570.  -7.1  -3.3   0.320   9.5   0.0
   3 1976  32  5200.  -7.3  -4.1   0.310   7.0   0.0
   3 1976  33  1130.  -5.3  -1.8   0.400   4.5   0.0
   3 1976  34   770.  -2.0  -1.3   0.480   3.5   0.0
   3 1976  35  1130.  -2.8  -0.5   0.470   5.5   0.0
   3 1976  36  1510.  -1.9   0.5   0.510   8.0   0.0
   3 1976  37  4100.  -2.1   0.4   0.500   8.0   0.0
   3 1976  38  2810.  -4.2   0.8   0.490   3.5   0.1
   3 1976  39  1490.   0.8   3.4   0.640   3.0   0.3
   3 1976  40  5270.   0.9   7.0   0.710   5.0   0.2
   3 1976  41  6290.   1.3   6.3   0.730   7.0   5.9
   3 1976  42  3000.   0.4   4.1   0.630   7.5   4.6
   3 1976  43  2290.   2.0   4.9   0.710   8.0   5.1
   3 1976  44  1660.   1.0   5.1   0.660   8.5   2.3
   3 1976  45  4410.  -0.3   2.4   0.510   7.0   0.0
   3 1976  46  6280.  -1.0   1.4   0.450   4.0   0.0
   3 1976  47  6720.  -1.8   0.7   0.490   6.0   0.0
   3 1976  48  2130.   0.1   1.9   0.570   7.0   0.0
   3 1976  49  4470.   0.0   3.5   0.600   4.0   0.0
   3 1976  50  7170.   0.0   7.7   0.680   3.5   0.0
   3 1976  51  5090.   1.4  10.9   0.740   3.5   0.0
   3 1976  52  5330.   0.8  10.2   0.780   3.0   0.0
   3 1976  53  6720.   1.4   9.8   0.730   4.0   0.0
   3 1976  54  6370.   0.1  11.8   0.800   4.5   0.0
   3 1976  55  3210.   0.3   7.2   0.830   6.0   1.1
   3 1976  56  8370.   3.5   7.8   0.820   7.5   0.2
   3 1976  57 10130.   2.4   8.7   0.810   5.0   0.2
   3 1976  58  5120.   0.3   9.7   0.810   2.0   0.0
   3 1976  59  9560.   1.8  10.7   0.790   4.0   0.0
   3 1976  60  4090.   3.4   7.2   0.830   8.0   2.3
   3 1976  61 11660.   3.6   7.2   0.740   7.5   0.0
   3 1976  62  9350.   1.9   7.9   0.720   3.5   0.0
   3 1976  63 12410.   1.1   7.7   0.610   6.0   0.0
   3 1976  64 12270.   0.4   7.5   0.520   8.0   0.0
   3 1976  65 13100.  -1.5   2.4   0.460   8.0   0.0
   3 1976  66 10890.  -2.5   1.9   0.450   7.0   0.0
   3 1976  67  6110.  -2.5   0.0   0.440   5.0   0.0
   3 1976  68 10560.  -5.6   1.7   0.440   2.0   0.1
   3 1976  69 10170.  -6.6   2.2   0.460   1.5   0.1
   3 1976  70  6010.  -4.9   3.1   0.510   4.5   0.3
   3 1976  71  8560.   0.9   7.2   0.490   5.5   0.0
   3 1976  72  7420.   0.8   8.2   0.480   7.5   0.1
   3 1976  73  4030.   0.7   7.6   0.670   5.0   6.5
   3 1976  74  9680.   1.0   6.6   0.610   5.0   0.0
   3 1976  75  9900.   0.7   6.7   0.600   6.0   0.3
   3 1976  76  3120.   0.8   2.1   0.560   6.0   0.0
   3 1976  77  3260.   0.6   3.4   0.570   5.0   0.0
   3 1976  78  4650.   1.1   2.7   0.580   4.0   0.0
   3 1976  79 14080.   0.8   3.4   0.500   5.5   0.0
   3 1976  80 14580.  -0.8   6.2   0.520   3.5   0.0
   3 1976  81 15940.  -1.4   4.7   0.420   8.0   0.0
   3 1976  82 15680.  -3.2   2.9   0.440   7.5   0.0
   3 1976  83 15510.  -2.2   2.4   0.460   6.5   0.0
   3 1976  84 12080.  -0.1   4.4   0.490   5.0   4.2
   3 1976  85  5650.   3.9   7.4   0.920   8.0   4.3
   3 1976  86  9110.   3.2   8.3   0.840   7.5   1.7
   3 1976  87  6260.   3.7   8.1   0.830   7.5   0.5
   3 1976  88 14930.   4.7   8.4   0.870   9.5   0.0
   3 1976  89  9650.   4.5   8.3   0.830   9.5   0.0
   3 1976  90 16620.   4.9   8.9   0.810   8.5   0.0
   3 1976  91 13350.   6.1   9.6   0.920  11.0   0.0
   3 1976  92 11360.   5.3  12.6   0.890   3.5   0.0
   3 1976  93 13560.   3.2   9.9   0.910   7.0   0.3
   3 1976  94 14320.  -1.4   7.7   0.690   5.5   0.2
   3 1976  95 18240.  -1.9   9.0   0.710   4.5   0.0
   3 1976  96 14560.   3.9   9.6   0.840   8.0   0.0
   3 1976  97 10820.   3.7  10.7   0.810   7.5   0.0
   3 1976  98 12010.   2.2   8.7   0.700   5.5   1.6
   3 1976  99 15200.   1.0   8.7   0.690   7.0   0.0
   3 1976 100 15700.  -2.5   3.9   0.670   2.0   0.0
   3 1976 101 16840.   1.7  11.5   0.660   2.0   0.0
   3 1976 102 18970.   0.4  13.9   0.670   3.0   0.0
   3 1976 103 19020.   3.1  14.3   0.860   3.5   0.0
   3 1976 104 18440.   3.4  14.4   0.820   2.0   0.0
   3 1976 105  5530.   5.3  11.3   0.950   3.5   0.9
   3 1976 106 19670.   6.0  11.9   0.970   6.5   0.0
   3 1976 107  6120.   5.2   7.9   0.870   5.0   0.0
   3 1976 108 17470.   3.1   8.5   0.820   2.5   0.0
   3 1976 109  7510.   3.8  12.4   1.030   2.5   0.0
   3 1976 110 20920.   6.9  11.6   0.880   7.5   0.0
   3 1976 111 23010.   5.8  12.2   0.830   7.0   0.0
   3 1976 112  9340.   5.0   8.5   0.850   5.5   0.0
   3 1976 113 21160.   4.5   9.2   0.650   7.5   0.0
   3 1976 114 19440.   2.9   7.2   0.650   8.0   0.6
   3 1976 115 22870.   4.2   5.6   0.680   8.5   0.0
   3 1976 116 23140.   4.5  11.2   0.860   8.5   0.0
   3 1976 117 23970.   5.7  11.3   0.800   6.5   0.0
   3 1976 118 10130.   3.4   8.0   0.600   8.0   0.0
   3 1976 119 17870.   0.0   7.8   0.500   5.0   0.0
   3 1976 120 18970.  -2.1   9.1   0.650   4.0   0.0
   3 1976 121 21550.   0.4  12.2   0.810   3.5   0.0
   3 1976 122 21550.   0.1  12.8   0.790   4.5   0.0
   3 1976 123  7540.   6.8  11.4   0.980   7.5   0.5
   3 1976 124  9250.   4.7  11.9   0.960   7.0   1.3
   3 1976 125 17230.   1.2  11.2   0.940   6.0   0.0
   3 1976 126 18020.   0.8  15.9   1.050   2.5   0.0
   3 1976 127 17570.   9.7  15.7   1.240   4.5   0.0
   3 1976 128 22460.  10.4  26.5   1.310   4.0   0.0
   3 1976 129 23840.  10.6  26.0   1.320   2.5   0.0
   3 1976 130 21560.  11.8  19.2   1.420   4.5   0.0
   3 1976 131 21580.   9.7  21.5   1.240   5.0   0.0
   3 1976 132 25890.   8.5  13.7   0.970   5.5   0.0
   3 1976 133  7910.   5.2  12.6   1.020   9.0   0.0
   3 1976 134 20060.   4.8  10.7   0.820   7.5   3.7
   3 1976 135 26590.   5.4  14.4   0.910   5.0   0.5
   3 1976 136 25170.   5.2  19.4   0.930   6.0   0.0
   3 1976 137 26900.   6.8  14.0   0.950   5.5   0.0
   3 1976 138 26030.   4.7  23.3   1.090   4.5   0.0
   3 1976 139 20420.  11.1  21.1   1.280   3.0   0.0
   3 1976 140 14320.   9.7  15.7   1.320   4.5   1.0
   3 1976 141 13810.   6.6  15.8   1.050   4.5   0.1
   3 1976 142 22060.   5.8  12.8   1.060   4.0   1.7
   3 1976 143 27520.   3.1  16.5   1.100   1.5   0.0
   3 1976 144 24190.   6.6  16.7   1.330   4.0   0.0
   3 1976 145 27940.   8.5  17.9   1.010   6.0   0.0
   3 1976 146 24140.   8.1  17.7   1.140   2.5   0.0
   3 1976 147  6140.   8.7  11.6   1.080   6.0   0.0
   3 1976 148  7200.   8.0  11.9   1.110   6.0   7.1
   3 1976 149  8350.   9.1  13.3   1.060   2.5   1.7
   3 1976 150 20030.  10.1  17.5   1.210   4.0   0.0
   3 1976 151  7210.  10.1  12.1   1.210   5.5   0.0
   3 1976 152 20210.   8.3  13.8   1.200   5.5   0.4
   3 1976 153 10640.   9.5  15.4   1.310   5.0   0.8
   3 1976 154  9040.   8.9  11.3   0.910   7.0   2.3
   3 1976 155  7480.   7.6  10.5   0.850   6.0   0.0
   3 1976 156 24190.   3.7  13.3   0.820   2.5   0.1
   3 1976 157 27540.   2.7  15.3   0.900   3.0   0.0
   3 1976 158 26790.   5.6  19.0   1.200   4.5   0.0
   3 1976 159 27980.   7.7  23.0   1.470   2.5   0.0
   3 1976 160 28060.  13.8  27.0   1.530   4.0   0.0
   3 1976 161 23890.  14.3  28.6   1.620   5.5   0.0
   3 1976 162 26200.   6.9  16.4   1.160   4.0   0.3
   3 1976 163 25590.   6.9  20.3   0.920   2.0   0.0
   3 1976 164 23380.   9.8  18.8   1.330   4.5   0.0
   3 1976 165 27060.  10.1  18.8   1.280   3.0   0.0
   3 1976 166 25420.   8.3  19.0   1.440   4.0   0.0
   3 1976 167 11610.  12.4  16.9   1.330   5.0   0.0
   3 1976 168 15820.  10.9  15.2   1.110   6.0   0.0
   3 1976 169 28870.   6.4  19.8   1.150   3.5   0.0
   3 1976 170 23880.   6.7  18.8   1.380   4.0   0.0
   3 1976 171  6460.  11.1  14.4   1.330   5.5   0.0
   3 1976 172 15510.  11.5  15.3   1.280   6.5  14.7
   3 1976 173 29550.  10.0  18.6   1.180   3.0   0.3
   3 1976 174 25100.   9.2  20.7   1.580   3.0   0.0
   3 1976 175 24460.  11.6  26.5   1.670   2.5   0.0
   3 1976 176 23080.  16.7  29.8   1.620   3.5   0.0
   3 1976 177 24250.  16.7  26.0   1.890   3.0   0.0
   3 1976 178 25390.  19.9  30.0   1.900   2.5   0.0
   3 1976 179 25190.  16.8  27.8   2.040   2.5   0.0
   3 1976 180 27630.  19.2  24.3   1.850   4.0   0.0
   3 1976 181 27510.  17.3  21.1   1.590   4.5   0.0
   3 1976 182 28800.  17.3  22.7   1.660   6.0   0.0
   3 1976 183 28870.  17.2  21.5   1.570   5.5   0.0
   3 1976 184 28980.  16.4  25.3   1.750   4.0   0.0
   3 1976 185 27280.  19.0  26.9   1.830   4.0   0.0
   3 1976 186 27640.  19.6  25.5   1.790   4.5   0.0
   3 1976 187 27220.  18.9  23.6   2.010   5.5   0.0
   3 1976 188 28210.  17.0  25.9   1.600   5.5   0.0
   3 1976 189 28590.  17.9  25.1   1.670   6.0   0.0
   3 1976 190 27530.  16.0  23.6   1.780   4.0   0.0
   3 1976 191 24830.  15.8  22.6   1.720   3.0   0.0
   3 1976 192 14960.  12.6  20.4   1.670   3.5   0.0
   3 1976 193 26200.   9.8  20.7   1.550   3.0   0.0
   3 1976 194 24290.  15.4  22.6   1.790   5.0   0.0
   3 1976 195 12980.  15.1  21.2   1.790   5.0   0.0
   3 1976 196 16280.  12.6  20.5   1.780   4.5   0.0
   3 1976 197 25230.  12.4  26.3   1.680   3.0   5.5
   3 1976 198  8620.  15.2  21.1   2.070   3.5   0.0
   3 1976 199 14530.  15.6  21.6   1.890   4.0   6.6
   3 1976 200 24650.  14.4  22.6   1.840   3.0   0.0
   3 1976 201 15100.  13.7  21.8   1.880   6.5   0.0
   3 1976 202 18320.  14.4  18.8   1.630   5.0   1.0
   3 1976 203 11580.  13.7  19.5   1.440   6.0   8.5
   3 1976 204 16380.  11.0  19.1   1.250   4.0   5.9
   3 1976 205 20610.   9.5  19.3   1.330   4.0   7.1
   3 1976 206 25270.  14.0  20.3   1.420   5.5   0.0
   3 1976 207 19900.  13.0  19.3   1.420   5.0   0.3
   3 1976 208 16320.  13.8  19.4   1.400   5.0   6.1
   3 1976 209 15110.  12.3  20.0   1.360   3.5   0.7
   3 1976 210 16210.  14.2  19.3   1.340   6.5   0.0
   3 1976 211 24010.  13.7  18.9   1.290   6.5   0.8
   3 1976 212  7990.  13.4  17.7   1.410   7.0   0.0
   3 1976 213 17700.  11.8  16.6   1.080   6.0   1.6
   3 1976 214 18090.  11.0  17.8   1.130   7.0   1.5
   3 1976 215 12620.  13.8  18.6   1.460   7.0   1.5
   3 1976 216 18280.  13.8  19.2   1.390   5.0   2.2
   3 1976 217 22240.   9.0  18.5   1.140   4.5   0.6
   3 1976 218 19260.  11.2  19.0   1.220   3.0   0.0
   3 1976 219 16490.  11.3  20.2   1.400   2.5   0.0
   3 1976 220 12680.  14.0  19.8   1.460   4.0   0.0
   3 1976 221 22320.  15.3  19.5   1.450   5.5   0.0
   3 1976 222 22730.  15.1  21.1   1.680   5.5   0.0
   3 1976 223 23620.  16.8  22.6   1.710   4.0   0.0
   3 1976 224 20080.  16.5  23.4   1.780   3.0   0.0
   3 1976 225 20870.  16.5  23.5   1.760   2.0   0.0
   3 1976 226 22180.  15.2  21.8   1.540   4.0   0.0
   3 1976 227 22010.  15.2  21.6   1.610   5.0   0.0
   3 1976 228 22320.  16.8  21.6   1.640   5.0   0.0
   3 1976 229 22390.  16.9  22.0   1.590   4.5   0.0
   3 1976 230 19850.  15.2  20.5   1.520   3.0   0.0
   3 1976 231 21770.  11.7  21.6   1.600   3.5   0.0
   3 1976 232 21750.  14.2  21.7   1.680   4.0   0.0
   3 1976 233 18620.  14.6  23.4   1.660   4.5   0.0
   3 1976 234 20740.  15.3  24.2   1.540   5.0   0.0
   3 1976 235 22210.  14.0  22.4   1.150   6.0   0.0
   3 1976 236 21970.  13.7  23.7   1.170   4.0   0.0
   3 1976 237 21180.  14.0  24.7   1.380   3.5   0.0
   3 1976 238 21010.  15.3  25.8   1.610   2.5   0.0
   3 1976 239 12710.  15.0  21.7   1.590   5.5   0.0
   3 1976 240 19160.  15.7  20.2   1.420   7.5   0.2
   3 1976 241 12750.  13.0  20.6   1.560   5.0   2.5
   3 1976 242 13680.  12.8  24.4   1.730   3.0  19.5
   3 1976 243  5760.  15.7  21.2   1.780   4.0   0.0
   3 1976 244  6990.  11.3  18.1   1.440   3.5   2.4
   3 1976 245 10920.  10.2  19.3   1.390   5.5   1.2
   3 1976 246 14920.  10.0  16.7   1.190   5.0   5.5
   3 1976 247 12640.  11.0  16.8   1.110   7.0  14.0
   3 1976 248  5980.  10.8  15.7   1.230   4.0   3.1
   3 1976 249 11710.  10.1  15.9   1.130   2.5   3.7
   3 1976 250 17210.   7.9  18.7   1.300   3.5   0.7
   3 1976 251 14720.  11.9  19.3   1.440   2.5   0.0
   3 1976 252 11260.  11.0  19.7   1.410   3.5   0.0
   3 1976 253  7720.  11.0  15.8   1.170   7.5   0.0
   3 1976 254 12320.   9.4  14.8   1.080   8.5   4.7
   3 1976 255  7270.   7.9  13.9   1.140   8.5  11.5
   3 1976 256 14370.   8.5  17.7   1.260   6.5   1.2
   3 1976 257  3590.   6.4  14.3   1.270   3.0   0.0
   3 1976 258  2980.  11.1  14.1   1.280   4.5   9.3
   3 1976 259 11390.  11.0  15.7   1.350   2.5  13.4
   3 1976 260 12810.  13.3  18.1   1.450   2.5   0.7
   3 1976 261  5120.   9.4  16.1   1.340   2.0   0.0
   3 1976 262  5550.  10.6  15.7   1.330   3.0   0.2
   3 1976 263  9330.  12.5  19.3   1.370   3.0   2.5
   3 1976 264 13270.  10.9  18.6   1.400   3.5   0.0
   3 1976 265 14510.  10.6  16.9   1.230   4.0   0.0
   3 1976 266 12910.  10.2  17.8   1.300   3.5   0.0
   3 1976 267  9830.  12.3  17.4   1.420   3.5   0.0
   3 1976 268  8630.  13.4  17.6   1.500   2.5   0.0
   3 1976 269  4680.  11.8  15.0   1.380   6.5   0.6
   3 1976 270  3080.  12.5  17.0   1.540   4.0   0.1
   3 1976 271  6860.  10.6  20.0   1.590   2.5   2.8
   3 1976 272  5780.  11.3  15.3   1.630   1.0   0.3
   3 1976 273  6390.  10.1  19.7   1.530   1.5   2.5
   3 1976 274  8450.  10.8  18.2   1.520   3.5   0.4
   3 1976 275  4740.  13.0  14.8   1.480   6.0   0.0
   3 1976 276  7780.  11.5  18.8   1.440   3.5   4.1
   3 1976 277  8860.   9.9  17.0   1.350   5.0   0.0
   3 1976 278  4040.   8.7  14.8   1.320   5.0   0.0
   3 1976 279  9040.   9.4  15.6   1.090   7.0   3.5
   3 1976 280  1760.  11.4  16.8   1.520  10.0   8.0
   3 1976 281  5350.  11.6  18.2   1.380   8.5  12.2
   3 1976 282  3370.  10.2  14.5   1.280   3.0   1.9
   3 1976 283  3890.  11.6  17.0   1.530   4.0   0.5
   3 1976 284  7530.  12.7  17.3   1.540   3.0   0.4
   3 1976 285  7040.  12.7  20.3   1.590   6.0   0.0
   3 1976 286  5320.   9.2  15.7   1.260   6.5   0.2
   3 1976 287  8390.   7.5  15.6   1.120   1.5   0.0
   3 1976 288  6090.   5.0  14.2   1.100   5.5   0.4
   3 1976 289  3280.   8.6  11.6   1.030  10.5   0.5
   3 1976 290  8930.   5.6  13.2   0.990   5.0   7.1
   3 1976 291  8990.   3.7  12.9   0.910   4.0   2.0
   3 1976 292  4400.   3.8   9.2   0.870   5.0   0.0
   3 1976 293  6540.   8.1  13.7   1.150   5.0   0.0
   3 1976 294  2310.   8.8  14.4   1.270   4.0   0.6
   3 1976 295  6060.   8.1  13.9   1.160   7.0   1.5
   3 1976 296  4010.   8.4  13.0   1.230   5.0   4.3
   3 1976 297  5310.   9.8  13.2   1.130   6.0   1.4
   3 1976 298  5910.   9.1  13.0   1.130   3.0   0.0
   3 1976 299  5530.   9.5  14.4   1.170   5.0   4.4
   3 1976 300  2710.   6.2   9.8   0.990   4.0   0.3
   3 1976 301   830.   5.0   6.5   0.890   3.5   0.0
   3 1976 302   660.   6.4   5.7   0.810   4.5   0.0
   3 1976 303  1030.   5.6   8.6   0.960   4.0   0.0
   3 1976 304  2460.   6.7   9.2   1.020   4.0   0.0
   3 1976 305  5110.   5.8  10.9   0.850   3.0   1.1
   3 1976 306  1430.   5.0  10.9   1.000   7.0   1.7
   3 1976 307  4530.   5.4  11.0   0.920   6.5   3.0
   3 1976 308  3530.   2.8   7.3   0.850   2.0   3.6
   3 1976 309  6400.   4.6  10.9   0.830   5.0   2.2
   3 1976 310  2820.   5.6  11.4   0.940   8.0   5.1
   3 1976 311  3360.   5.1   9.9   0.920   6.0   4.5
   3 1976 312  3060.   5.9  12.2   1.020   4.5   0.0
   3 1976 313  1990.   5.3   8.8   0.950   6.0   1.3
   3 1976 314  3360.   3.4   9.7   0.910   6.5   2.2
   3 1976 315  1160.   3.9  10.6   0.980   4.5   1.1
   3 1976 316  3090.   2.7  10.9   0.880   1.5   3.9
   3 1976 317  3960.   3.2   8.0   0.820   5.0   2.1
   3 1976 318  2010.   4.4   7.1   0.860   3.5   0.0
   3 1976 319  4520.   3.8   8.2   0.860   2.5   1.0
   3 1976 320  3730.   2.3   8.0   0.850   1.5   0.0
   3 1976 321  1350.   1.7   6.4   0.840   5.0   0.0
   3 1976 322  2960.   6.4  11.3   1.060   1.5   3.2
   3 1976 323  1120.   4.4   8.1   0.950   1.5   0.0
   3 1976 324  1250.   5.3   9.7   0.940   2.5   0.0
   3 1976 325  1460.   5.1   9.5   0.940   2.0   0.0
   3 1976 326   940.   6.7   9.2   0.940   2.0   0.0
   3 1976 327  2440.   3.3   8.5   0.710   8.0   1.3
   3 1976 328  3310.   2.6   6.7   0.630   9.0   4.8
   3 1976 329   860.   5.8  10.1   0.960   9.0   1.4
   3 1976 330  1210.   8.3  10.2   0.970   6.0   3.0
   3 1976 331  1490.   7.8  10.4   0.960  10.0   0.1
   3 1976 332  2270.   5.3  10.3   0.950   7.5   1.9
   3 1976 333   480.   7.0   9.9   1.010  11.5   0.1
   3 1976 334  1570.   6.0   9.5   0.830  10.5   4.4
   3 1976 335   690.   3.7  10.0   0.880   7.0   9.8
   3 1976 336  2570.   2.4   7.4   0.680   9.0  28.4
   3 1976 337  2570.   1.8   5.0   0.700   4.0   1.7
   3 1976 338  1530.   0.1   5.4   0.620   5.0   4.6
   3 1976 339   600.  -0.2   4.8   0.680   5.0  10.6
   3 1976 340   940.   0.0   5.1   0.670   4.5  16.6
   3 1976 341   750.  -0.9   7.7   0.690   9.5   6.9
   3 1976 342  2310.   4.1   8.4   0.800   9.5   5.1
   3 1976 343  2930.   4.5   8.8   0.870   8.5   6.9
   3 1976 344  3070.   4.4   7.6   0.680   6.5   5.5
   3 1976 345  3050.   1.5   6.4   0.560   8.0   0.2
   3 1976 346  1780.   3.1   6.8   0.640  11.0   1.0
   3 1976 347  1200.   1.4   6.1   0.710   4.5   0.7
   3 1976 348  1350.   0.1   5.1   0.660   2.0   6.2
   3 1976 349  2530.  -1.0   2.4   0.590   2.0   3.1
   3 1976 350  1220.   0.3   4.5   0.610   1.5   0.0
   3 1976 351   910.  -3.8   4.5   0.600   3.5   0.0
   3 1976 352  1250.  -1.1   3.4   0.530   7.0   0.0
   3 1976 353  1280.   0.0   2.4   0.590   2.5   7.6
   3 1976 354   950.  -0.4   1.0   0.520   8.0   0.5
   3 1976 355   790.  -0.4   1.4   0.630   4.5   4.9
   3 1976 356   600.   1.2   5.8   0.790   6.0   1.7
   3 1976 357  1670.  -0.6   5.6   0.720   4.0   4.3
   3 1976 358  2050.  -2.1   1.9   0.620   3.0   0.0
   3 1976 359  2600.   0.4   5.1   0.630   3.0   0.1
   3 1976 360  3520.  -2.3   5.0   0.560   3.5   0.3
   3 1976 361  3010.   1.2   5.1   0.610   5.0   0.2
   3 1976 362   920.   1.8   5.0   0.680   8.0   2.4
   3 1976 363  3490.  -3.7   3.4   0.450   5.0   3.4
   3 1976 364  2910.  -6.0   2.7   0.480   6.0   2.4
   3 1976 365  1720.  -6.9  -2.1   0.350   9.0   1.5
   3 1976 366  2110.  -3.2   1.6   0.540   7.0   0.4
