*---------------------------------------------------------------------------*
* Station name: De Kooy (Den Helder), Netherlands
* Year: 1985
* Author: Gon van Laar                      -99.000: NIL VALUE
* Source: K.N.M.I. - data invoer: Hennie de Ruiter
*
* Longitude: 4 45 E, latitude: 53 N, altitude: 3 m.
*
* Column  Daily value
* 1       station number
* 2       year
* 3       day
* 4       irradiation                   (kJ m-2 d-1)
* 5       minimum temperature           (degrees Celsius)
* 6       maximum temperature           (degrees Celsius)
* 7       early morning vapour pressure (kPa)
* 8       mean wind speed (height: 2 m) (m s-1)
* 9       precipitation                 (mm d-1)
*
** WCCDESCRIPTION=Netherlands, De Kooy
** WCCFORMAT=2
** WCCYEARNR=1985
*---------------------------------------------------------------------------*
   4.75  53.00     3.  -0.18 -0.55
   3 1985   1   660.   0.6   7.1   0.700  11.0  16.4
   3 1985   2  2570.  -2.6   2.3   0.540   5.0   2.6
   3 1985   3  2740.  -4.0   2.0   0.520   4.0   7.5
   3 1985   4  2070.  -7.1  -2.5   0.380   6.0  13.4
   3 1985   5  2940. -15.0  -4.0   0.260   1.5   0.3
   3 1985   6  1420. -11.4  -1.9   0.340   9.5   2.7
   3 1985   7  3890. -12.0  -6.3   0.240   7.0   0.0
   3 1985   8  2100. -11.5   2.3   0.430   6.5   4.3
   3 1985   9   540.  -7.4   3.0   0.480   7.0   1.2
   3 1985  10  2760.  -6.5   2.6   0.460   4.5   5.5
   3 1985  11  2540.  -7.5   3.6   0.490   3.0   0.0
   3 1985  12  2230.  -5.3   4.3   0.520   7.0   0.5
   3 1985  13  3890.  -7.3  -5.0   0.320   6.0   0.0
   3 1985  14  2050.  -8.2  -2.1   0.370   7.0   0.7
   3 1985  15  1840.  -9.8  -6.4   0.260   8.0   1.8
   3 1985  16  2410. -10.1  -6.3   0.270   4.5   0.0
   3 1985  17  1650.  -9.0  -6.2   0.300   3.5   1.9
   3 1985  18  2760.  -9.5  -3.5   0.320   7.0   0.0
   3 1985  19  2840.  -9.7  -3.2   0.380   3.0   0.0
   3 1985  20  1250.  -8.0  -3.8   0.340   4.5   0.0
   3 1985  21  1020.  -5.0   5.4   0.590   8.0   4.9
   3 1985  22  2330.   2.5   6.7   0.670   9.5   5.0
   3 1985  23  3830.   0.5   3.7   0.550   8.5   0.5
   3 1985  24  3790.   0.1   5.1   0.570   9.0  13.4
   3 1985  25  2090.   1.4   5.3   0.740   6.0   2.5
   3 1985  26  1350.  -0.4   2.4   0.580   4.0   5.4
   3 1985  27  6740.  -7.6   1.0   0.480   3.0   0.5
   3 1985  28  3020.  -2.2   2.1   0.520   8.0   0.0
   3 1985  29  1430.   1.0   6.1   0.760   8.5  11.3
   3 1985  30  4850.   2.7   6.4   0.810   7.0   0.7
   3 1985  31  3620.   5.0   7.4   0.780  11.0   0.5
   3 1985  32  3260.   5.2   8.3   0.870   9.0   1.0
   3 1985  33  4000.   3.6   7.3   0.750   9.0   0.0
   3 1985  34  4200.   0.2   5.7   0.610   3.0   0.0
   3 1985  35  1370.   2.4   4.6   0.680   4.5   0.0
   3 1985  36  2520.  -0.6   6.4   0.670   1.0   0.0
   3 1985  37  2940.  -0.8   5.5   0.650   3.0   0.0
   3 1985  38  6900.  -0.7   1.9   0.480   6.0   0.0
   3 1985  39  3530.  -3.3  -0.6   0.340  12.5   0.0
   3 1985  40  5810.  -5.8  -2.2   0.310  13.0   0.0
   3 1985  41  7620.  -7.5  -3.6   0.280  10.0   0.0
   3 1985  42  7820.  -7.7  -4.0   0.260   9.0   0.0
   3 1985  43  8100.  -9.5  -2.9   0.240   7.5   0.0
   3 1985  44  7130. -10.3  -2.9   0.270   5.5   0.0
   3 1985  45  7790.  -6.4   1.5   0.360   6.0   0.0
   3 1985  46  8150.  -7.9   0.3   0.320   5.5   0.0
   3 1985  47  8580.  -4.4   4.4   0.560   3.0   0.0
   3 1985  48  3320.  -6.0  -0.1   0.490   5.0   0.0
   3 1985  49  9690.  -8.6  -2.5   0.290   5.5   0.0
   3 1985  50  9990. -12.4   0.8   0.250   4.0   0.0
   3 1985  51  1830.  -4.1   1.5   0.500   5.5   0.0
   3 1985  52  2150.   0.6   2.5   0.640   2.5   0.0
   3 1985  53  2340.  -0.2   2.1   0.620   3.0   0.0
   3 1985  54  3010.   0.8   3.7   0.650   7.5   1.3
   3 1985  55  9840.  -2.5   6.2   0.650   4.0   0.0
   3 1985  56  7180.  -2.5   5.0   0.610   3.0   0.0
   3 1985  57  7910.  -0.1   5.8   0.660   4.0   0.0
   3 1985  58  2020.   0.4   2.6   0.660   2.5   0.0
   3 1985  59  1640.  -0.8   1.5   0.590   2.5   0.0
   3 1985  60  2310.  -0.8   4.3   0.630   5.5   2.7
   3 1985  61  3400.   2.7   4.3   0.750   6.0   0.1
   3 1985  62  4940.   3.4   8.5   0.840   7.0   1.3
   3 1985  63  2390.   0.8   8.7   0.870   5.0   6.0
   3 1985  64 11840.  -2.6   7.6   0.700   3.0   0.0
   3 1985  65  6310.  -1.6   4.2   0.650   1.0   0.0
   3 1985  66  3770.  -0.1   4.2   0.690   3.5   0.2
   3 1985  67  2530.   3.0   5.9   0.780   3.5   0.4
   3 1985  68  3610.   0.3   6.3   0.740   1.5   0.0
   3 1985  69  8820.  -0.3   7.9   0.740   5.5   2.9
   3 1985  70 14000.   0.9   7.2   0.720   8.0   0.0
   3 1985  71  3150.  -0.5   1.6   0.590   2.0   0.0
   3 1985  72  3800.  -0.6   4.1   0.700   5.5   3.5
   3 1985  73  6930.   0.9   5.8   0.700   5.0   2.7
   3 1985  74 12010.  -0.8   4.7   0.610   4.0   2.5
   3 1985  75  7100.  -0.1   3.6   0.590   5.5   0.0
   3 1985  76 14590.   0.1   3.6   0.520   6.5   0.0
   3 1985  77 13500.  -0.5   4.2   0.540   5.0   0.0
   3 1985  78  5830.  -0.7   1.3   0.540   6.0   0.6
   3 1985  79  2900.  -0.7   2.1   0.620   3.0   1.8
   3 1985  80 13980.  -0.7   8.7   0.620   6.0   0.0
   3 1985  81  9660.   3.1  11.7   0.750   7.0   0.9
   3 1985  82  4900.   3.6   8.5   0.820   5.0   3.3
   3 1985  83  8740.   2.7   8.0   0.800   6.5   1.5
   3 1985  84 13270.   3.8   8.2   0.820   5.5   4.0
   3 1985  85  5790.   3.5   7.5   0.850   4.5   0.0
   3 1985  86 10090.   1.9   6.3   0.640   8.0   0.4
   3 1985  87 12940.   2.4   6.2   0.640   7.5   0.0
   3 1985  88  5020.   4.7   6.7   0.760  10.5   1.8
   3 1985  89  4610.   5.9   8.2   0.930  12.0   5.6
   3 1985  90 12110.   5.9  10.2   0.940   8.5   0.0
   3 1985  91 10440.   6.5  15.2   1.050  10.0   7.1
   3 1985  92  4930.   4.1   8.9   0.890   9.0   1.0
   3 1985  93 10640.   4.8  17.5   1.200   7.0   0.0
   3 1985  94 15950.   7.0  15.8   1.140   5.5   1.0
   3 1985  95  3910.   7.0  12.5   1.160   6.0   4.2
   3 1985  96 13500.   6.0  13.5   0.960   4.5   0.0
   3 1985  97  7940.   5.8  12.0   0.980   7.0   2.8
   3 1985  98  7070.   6.6  10.4   0.940  11.5   0.8
   3 1985  99 11250.   6.1   9.2   0.910   5.5   0.0
   3 1985 100  7480.   2.8   7.5   0.800   4.5   0.0
   3 1985 101  7410.   4.0  10.2   0.860   8.5   4.3
   3 1985 102  7110.   4.5   8.5   0.840   5.5   0.5
   3 1985 103 17510.   5.8   9.6   0.880   8.0   3.0
   3 1985 104 10410.   5.4   9.3   0.880   7.5   1.6
   3 1985 105 15280.   6.0   9.7   0.690   6.0   0.1
   3 1985 106  6920.   4.7   9.1   1.010   4.5   0.8
   3 1985 107 13680.   4.6  13.6   1.080   3.0   0.0
   3 1985 108 14670.   6.6  13.4   1.090   4.0   0.0
   3 1985 109 19760.   6.7  15.1   0.960   5.0   0.0
   3 1985 110 19070.   5.4   9.0   0.740   7.5   0.0
   3 1985 111 20950.   2.6  10.9   0.760   6.0   0.0
   3 1985 112 15370.   4.6   9.2   0.810   8.0   0.0
   3 1985 113 16080.   4.9   8.4   0.640  10.0   0.0
   3 1985 114 23360.   2.4   8.2   0.590   6.5   0.0
   3 1985 115 15670.   1.5   7.0   0.600   6.5   0.9
   3 1985 116 20850.   0.6   7.6   0.580   6.5   0.7
   3 1985 117 11750.   2.1   7.5   0.640  10.5   6.3
   3 1985 118 19900.   2.1   8.5   0.570  10.5   0.4
   3 1985 119 20920.   2.4   8.0   0.600   5.0   0.0
   3 1985 120 12050.   1.2   8.7   0.790   3.0   0.0
   3 1985 121 18880.   4.3   8.9   0.810   9.0   1.5
   3 1985 122  8260.   3.5   5.3   0.740   8.5   4.7
   3 1985 123 12290.   4.6   6.6   0.810   3.0   0.1
   3 1985 124 12030.   5.8   6.8   0.790   4.5   0.0
   3 1985 125  8790.   5.3   9.8   0.970   5.0   0.0
   3 1985 126 16240.   5.1  13.9   1.090   5.0   0.0
   3 1985 127 11620.   9.0  15.4   1.150   6.5   0.0
   3 1985 128 19220.  10.2  15.0   1.210   6.5   0.0
   3 1985 129 21000.   7.1  10.1   1.210   3.5   0.0
   3 1985 130  8850.   6.5   9.8   1.040   3.5   0.1
   3 1985 131  7960.   7.9  12.0   1.060   6.0   0.0
   3 1985 132 17910.   8.0  13.0   1.230   8.0   0.1
   3 1985 133  8430.  10.6  12.6   1.310   5.0   2.2
   3 1985 134  7870.   9.8  12.9   1.290   6.5   0.0
   3 1985 135 21010.   9.3  13.8   1.170   4.5   0.0
   3 1985 136 22870.  10.3  16.7   1.350   3.5   0.0
   3 1985 137 26640.  11.7  15.9   1.270   5.5   0.0
   3 1985 138 22640.   9.3  16.1   1.230   6.0   0.0
   3 1985 139 24640.  11.4  16.4   1.430   6.0   3.1
   3 1985 140 15790.  12.9  15.7   1.500   4.0   9.4
   3 1985 141 12570.  11.0  14.5   1.490   2.5   1.4
   3 1985 142  4380.   8.4  12.6   1.140   5.0   1.9
   3 1985 143 10020.   7.1   9.9   1.000   3.5   3.0
   3 1985 144 21710.   6.6  14.4   1.180   7.0   0.0
   3 1985 145 25070.  11.0  17.5   1.430   5.5   0.0
   3 1985 146 26230.  14.3  21.4   1.600   4.5   6.0
   3 1985 147 24670.  13.6  20.8   1.670   5.5   0.0
   3 1985 148 21640.   9.0  16.3   1.190   6.0   0.0
   3 1985 149 29760.   8.2  13.5   0.950   6.0   0.0
   3 1985 150 30550.   9.2  13.6   1.040   6.5   0.0
   3 1985 151 27570.  10.4  15.8   1.240   6.0   0.0
   3 1985 152 29700.  10.0  19.7   1.310   6.0   0.0
   3 1985 153 30450.  12.2  18.4   1.290   6.5   0.0
   3 1985 154 29310.  12.5  19.0   1.480   5.5   0.0
   3 1985 155 27970.  14.1  25.8   1.620   4.0   0.0
   3 1985 156  7470.  11.1  17.6   1.400   5.5   0.0
   3 1985 157  3910.  11.0  14.9   1.370   4.0  24.5
   3 1985 158  3870.   8.2  13.3   1.170   7.0   8.0
   3 1985 159 23590.   7.8  12.6   0.890   6.5   1.7
   3 1985 160 14260.   9.5  13.5   1.170   7.5   6.6
   3 1985 161 20540.   9.7  13.9   1.110   7.0   0.0
   3 1985 162 17510.   9.7  14.5   1.210   7.5   7.4
   3 1985 163 15200.   9.0  13.5   1.090  11.0  16.8
   3 1985 164 12290.   8.7  13.4   1.100   9.0   2.0
   3 1985 165 18190.   8.5  13.5   0.900   4.5   0.5
   3 1985 166 25030.   8.4  13.5   0.900   8.5   0.0
   3 1985 167 16460.   7.1  14.8   0.990   4.0   0.1
   3 1985 168 24520.   9.3  15.0   1.010   5.5   0.0
   3 1985 169 19640.   8.6  17.2   1.200   2.5   0.0
   3 1985 170  9980.  12.2  17.4   1.400   4.5   1.9
   3 1985 171 12540.  11.7  15.6   1.450   3.5   7.1
   3 1985 172 14240.  11.1  18.0   1.400   4.5   6.8
   3 1985 173 20650.  10.4  17.0   1.340   6.0   3.5
   3 1985 174 14920.   8.2  16.0   1.210   5.5   5.7
   3 1985 175 13610.   8.0  16.5   1.290   3.0   2.1
   3 1985 176 26560.  10.9  16.4   1.290   5.0   0.2
   3 1985 177 16550.   9.5  15.4   1.300   4.5   4.2
   3 1985 178 18690.   8.3  15.4   1.260   6.0   0.2
   3 1985 179  8950.  12.2  14.9   1.300   7.0   0.0
   3 1985 180 12560.  13.1  16.8   1.490   5.5   3.6
   3 1985 181 20050.  13.2  17.4   1.510   4.5   4.5
   3 1985 182 16890.  11.3  17.2   1.510   4.0   0.5
   3 1985 183 21550.  11.0  18.0   1.320   3.0   0.0
   3 1985 184 29430.  12.7  19.9   1.520   5.0   0.0
   3 1985 185 28130.  15.1  25.9   1.670   5.5   0.0
   3 1985 186 24000.  17.2  27.7   1.770   4.5   0.8
   3 1985 187 21590.  11.3  18.2   1.450   5.5   0.0
   3 1985 188 29560.  10.5  18.2   1.270   4.5   0.0
   3 1985 189 21460.  11.6  17.4   1.350   5.5   1.4
   3 1985 190 14680.  13.8  18.1   1.470   5.5   0.5
   3 1985 191 12300.  10.0  16.9   1.370   5.0   0.0
   3 1985 192 20990.  10.6  20.3   1.460   6.0   0.0
   3 1985 193 21160.  15.4  20.1   1.600   7.5   0.0
   3 1985 194 27280.  15.6  25.8   1.570   4.0   0.0
   3 1985 195 17460.  15.6  28.5   1.770   6.0   0.0
   3 1985 196 23770.  12.2  17.6   1.350   5.0   7.4
   3 1985 197 11600.  13.1  18.1   1.410   5.5   1.0
   3 1985 198 27230.  13.9  20.2   1.390   6.0   0.0
   3 1985 199 11010.  13.2  20.9   1.600   5.0  10.9
   3 1985 200 13770.  13.1  17.7   1.460   6.5  10.0
   3 1985 201 17520.  11.7  17.0   1.270   6.0   2.2
   3 1985 202 25440.  13.1  16.7   1.260   7.5   0.1
   3 1985 203  6980.  12.3  18.4   1.630   9.5   8.5
   3 1985 204 24750.  11.3  17.7   1.410   5.0   0.0
   3 1985 205 26710.  11.3  20.0   1.630   4.0   0.0
   3 1985 206 18890.  14.9  21.9   1.890   5.0   0.0
   3 1985 207  5700.  15.9  21.5   1.860   6.0   3.4
   3 1985 208 13890.  13.5  18.9   1.600   8.0   0.0
   3 1985 209  6470.  13.8  21.0   1.700   4.0  10.4
   3 1985 210 12450.  13.5  19.8   1.630   6.5   7.0
   3 1985 211  8230.  14.2  17.5   1.550   7.5  15.7
   3 1985 212  9860.  11.0  17.0   1.380   6.0   0.0
   3 1985 213  8610.  12.0  17.1   1.440   3.5   3.4
   3 1985 214  8490.  13.0  16.7   1.410   9.0   4.7
   3 1985 215 13800.  10.1  17.3   1.320   8.5  17.2
   3 1985 216 10610.  12.7  16.4   1.360   7.5   7.6
   3 1985 217 13230.  13.2  17.6   1.470  12.0   3.8
   3 1985 218 21430.  12.3  16.4   1.230   6.5   0.2
   3 1985 219 20780.  11.8  17.6   1.340   6.5   5.5
   3 1985 220 24530.  12.2  18.0   1.480   6.5   3.9
   3 1985 221 15240.  13.8  23.8   1.680   5.0   0.0
   3 1985 222 10420.  13.2  17.4   1.380   6.0   6.1
   3 1985 223 16480.  11.7  19.8   1.440   7.5   3.0
   3 1985 224 20650.  12.1  18.2   1.300   8.5   2.8
   3 1985 225 14680.  11.8  21.6   1.560   3.5   0.4
   3 1985 226 15700.  15.3  26.6   1.790   5.5   8.5
   3 1985 227 22140.  11.2  21.5   1.380   5.0   0.0
   3 1985 228 11520.  12.2  18.9   1.480   5.5   3.7
   3 1985 229 15940.  11.9  17.8   1.400   4.0   1.7
   3 1985 230 18230.   9.9  17.8   1.380   2.5   0.0
   3 1985 231  7010.  13.2  18.5   1.620   6.5  13.2
   3 1985 232 12370.  15.1  18.0   1.550   8.5   6.5
   3 1985 233 19810.  12.8  18.2   1.470   7.5   0.0
   3 1985 234 15080.  12.5  18.1   1.460   4.5   3.5
   3 1985 235 12420.  11.5  17.4   1.330   5.5   0.0
   3 1985 236  4580.  13.7  17.2   1.420   7.5   3.8
   3 1985 237 16880.  11.5  16.9   1.280   8.5   8.8
   3 1985 238 13320.  11.8  17.3   1.340   6.0   1.7
   3 1985 239 19080.  10.8  19.2   1.330   5.0   0.0
   3 1985 240 20250.  11.4  19.9   1.530   5.5   0.0
   3 1985 241 12790.  13.2  20.2   1.870   2.5   0.0
   3 1985 242 18120.  13.7  24.7   1.650   4.0   0.0
   3 1985 243 11730.  14.1  18.5   1.740   6.0   0.5
   3 1985 244 12980.  13.3  16.9   1.300  10.0   0.1
   3 1985 245 10010.  13.1  17.5   1.360   5.5   4.0
   3 1985 246 12590.  13.1  17.6   1.500   6.5   4.9
   3 1985 247 11900.  12.3  15.8   1.260   5.0   2.6
   3 1985 248  7550.  11.8  17.1   1.300  12.0   3.8
   3 1985 249 14570.   9.8  13.7   0.920  12.5   1.3
   3 1985 250  9180.  10.0  14.2   1.030   7.0   3.7
   3 1985 251  7090.  10.2  15.5   1.290   2.5   5.0
   3 1985 252 15400.   6.8  14.9   1.000   3.5   0.0
   3 1985 253 13340.   7.4  17.9   1.570   5.0   0.0
   3 1985 254 12970.  11.7  17.8   1.650   2.0   0.0
   3 1985 255 13620.  12.0  22.2   1.650   4.0   0.0
   3 1985 256 11770.   8.8  16.8   1.380   4.5   0.0
   3 1985 257  5430.   7.9  15.8   1.320   7.5   0.8
   3 1985 258 13960.  13.3  15.7   1.200   9.0   0.0
   3 1985 259  7360.  12.4  16.2   1.290   9.0   0.7
   3 1985 260 11350.   8.8  18.8   1.630   7.0   0.0
   3 1985 261 10070.   7.6  18.3   1.510   3.0   0.0
   3 1985 262 11210.  13.3  22.2   1.720   6.0   0.0
   3 1985 263  5530.  10.0  15.6   1.280   2.5   0.1
   3 1985 264  8140.   8.8  19.0   1.530   7.0   1.8
   3 1985 265  6400.  11.8  18.3   1.620   5.5   3.2
   3 1985 266 11340.  13.1  17.6   1.590   4.0   0.0
   3 1985 267  6870.  11.3  17.1   1.390   2.5   0.0
   3 1985 268  5350.   1.4  17.1   1.300   1.5   0.0
   3 1985 269 13260.  10.7  19.2   1.370   2.0   0.0
   3 1985 270 11500.   9.0  19.6   1.430   2.0   0.0
   3 1985 271  4920.  11.0  16.2   1.520   1.5   0.0
   3 1985 272 12710.   7.1  19.7   1.300   2.0   0.0
   3 1985 273 11310.   8.5  20.1   1.460   3.0   0.0
   3 1985 274 11750.  12.3  24.2   1.610   3.5   0.0
   3 1985 275  7960.  12.4  18.7   1.650   5.5   0.0
   3 1985 276  6210.  14.5  22.4   1.730   5.5   2.8
   3 1985 277  4710.  13.7  17.2   1.540   5.5   1.5
   3 1985 278  9860.   9.8  18.3   1.400   5.0   0.0
   3 1985 279  9130.   9.9  18.4   1.280   5.0   0.0
   3 1985 280  1160.  11.3  16.3   1.420   4.5  11.2
   3 1985 281  5990.   9.8  14.4   1.120   6.0  21.2
   3 1985 282  3740.   9.3  14.1   1.190   9.0  13.4
   3 1985 283  5910.  12.1  15.6   1.310   7.5   0.2
   3 1985 284  5050.   8.4  17.5   1.360   7.0   0.0
   3 1985 285  7540.   7.1  14.7   1.010   2.5   0.0
   3 1985 286 10380.   4.6  15.0   1.010   1.5   0.0
   3 1985 287  6400.  11.6  15.8   1.390   4.0   0.0
   3 1985 288  3260.  11.9  14.3   1.390   4.0   0.5
   3 1985 289  2810.  11.8  13.9   1.360   2.0   1.2
   3 1985 290  3190.  11.4  14.1   1.160   1.5   0.0
   3 1985 291  1140.  11.1  13.1   1.170   3.0   0.2
   3 1985 292  7260.   8.6  13.8   0.930   2.5   0.0
   3 1985 293  7930.   4.5  13.4   0.900   2.5   0.0
   3 1985 294  9140.   5.9  12.4   0.980   4.0   0.0
   3 1985 295  8540.   7.6  11.5   0.940   7.5   0.0
   3 1985 296  8300.   6.4  10.6   0.900   6.5   0.0
   3 1985 297  8900.   4.7  11.6   0.810   5.0   0.0
   3 1985 298  3920.   3.4   8.1   0.800   6.0   0.0
   3 1985 299  5320.   3.3   6.6   0.790   3.5   0.0
   3 1985 300  5280.   3.9  10.1   0.890   2.0   0.0
   3 1985 301  2630.   8.8  12.6   0.980   3.0   0.0
   3 1985 302  7920.   5.3  12.0   0.980   3.5   0.0
   3 1985 303  5580.   4.0   7.2   0.770   2.5   0.0
   3 1985 304  2200.   1.5   4.1   0.660   2.0   0.0
   3 1985 305  1530.   0.8   9.3   0.760   4.5   0.4
   3 1985 306  4710.   4.6   9.1   0.740   9.5  10.9
   3 1985 307  6730.   1.9   8.2   0.600   6.0   0.8
   3 1985 308  4340.   2.1   7.2   0.640   5.5   0.0
   3 1985 309  1820.   5.6  13.7   1.030  11.0   6.6
   3 1985 310  3310.   2.9  10.6   0.700  13.5   5.2
   3 1985 311  4770.   3.7  11.6   0.850  10.5   0.3
   3 1985 312   850.   2.7  12.9   1.130   6.0   5.0
   3 1985 313  3500.   8.6  14.5   1.170  11.0  16.1
   3 1985 314  1700.   2.1  10.6   0.790   9.5  10.1
   3 1985 315  2190.   2.0   6.5   0.630   8.5   5.9
   3 1985 316  2930.   1.1   7.1   0.720   4.0   5.5
   3 1985 317  5750.  -0.1   8.6   0.760   2.5   0.0
   3 1985 318  1910.  -1.1   2.3   0.660   3.5   0.0
   3 1985 319   880.   0.1   3.8   0.690   6.0   0.2
   3 1985 320  2740.   3.2   5.8   0.800   5.5   0.4
   3 1985 321  2430.  -0.2   3.6   0.670   4.5   0.0
   3 1985 322  5400.  -1.0   2.3   0.520   9.5   0.0
   3 1985 323  2040.  -3.4  -0.3   0.360  10.0   0.0
   3 1985 324  4030.  -3.1   0.5   0.460   7.5   0.0
   3 1985 325   710.   0.2   3.0   0.650   6.0   0.0
   3 1985 326  1100.  -1.7   3.4   0.580   4.0   0.3
   3 1985 327  1100.  -1.4   4.2   0.600   6.0   0.8
   3 1985 328   880.  -2.1   3.4   0.580   3.0   0.0
   3 1985 329  1570.  -4.7   4.5   0.620   3.0   1.1
   3 1985 330  2160.  -4.6   5.7   0.620   3.0   4.3
   3 1985 331  1130.   0.3   4.5   0.590   5.5   7.6
   3 1985 332  2930.  -0.9   4.4   0.530   5.5   2.5
   3 1985 333  1700.  -2.2   4.9   0.620   4.0   1.1
   3 1985 334  1390.  -2.2   0.7   0.580   5.5   0.0
   3 1985 335  2250.   0.2  12.6   0.910   7.0   0.0
   3 1985 336  1550.   8.4  12.8   1.140   8.0   7.9
   3 1985 337  1180.   8.7  13.6   1.120  11.0   0.0
   3 1985 338  1150.   8.4  12.0   1.180   8.0   1.5
   3 1985 339   990.   7.2  12.3   1.120   9.0  10.5
   3 1985 340  1910.   6.4   9.0   0.890  10.0   3.9
   3 1985 341  1800.   6.2   9.2   0.980   7.0   2.5
   3 1985 342  1200.   2.0   6.8   0.870   3.5   0.2
   3 1985 343   580.   5.3   7.6   0.900   5.5   3.9
   3 1985 344  3010.   0.5   7.9   0.730   4.0   0.0
   3 1985 345  1290.  -0.6   3.0   0.680   3.0   0.0
   3 1985 346   690.   1.0   5.8   0.760   6.5   0.0
   3 1985 347   320.   3.3   9.3   0.930   8.0  12.4
   3 1985 348  1890.   8.0  10.0   1.140   5.5   0.0
   3 1985 349  1880.   9.0   9.9   1.110   7.5   0.0
   3 1985 350  1020.   8.9   9.6   1.070   7.5   0.0
   3 1985 351   420.   8.0   9.2   1.060   5.0   2.3
   3 1985 352   740.   7.3   9.8   1.040   7.0   2.1
   3 1985 353  2030.   6.7   8.0   0.830   9.5   0.0
   3 1985 354  1530.   7.7   9.5   0.990   9.5   0.6
   3 1985 355  1030.   6.2   9.1   0.920  12.0   0.0
   3 1985 356  1840.   5.1   9.4   0.830   8.0   0.1
   3 1985 357  1500.   6.1   7.6   0.950   7.5   0.0
   3 1985 358   360.   5.2   6.7   0.880   7.0   4.6
   3 1985 359  1810.   6.6   8.6   1.000   5.5   4.6
   3 1985 360   560.   3.5   7.1   0.770   8.5  12.1
   3 1985 361  1930.   0.2   4.1   0.520   4.0   0.0
   3 1985 362  4270.  -2.1   4.7   0.580   1.5   0.0
   3 1985 363  2560.  -5.1   2.2   0.520   2.0   1.4
   3 1985 364  2330.  -8.2   0.4   0.440   3.0   0.0
   3 1985 365  2240.  -4.6  -1.5   0.450   7.0   0.0
