*---------------------------------------------------------------------------*
* Station name: De Kooy (Den Helder), Netherlands
* Year: 1981
* Author: Gon van Laar                      -99.000: NIL VALUE
* Source: K.N.M.I. - data invoer: Hennie de Ruiter
*
* Longitude: 4 45 E, latitude: 53 N, altitude: 3 m.
*
* Column  Daily value
* 1       station number
* 2       year
* 3       day
* 4       irradiation                   (kJ m-2 d-1)
* 5       minimum temperature           (degrees Celsius)
* 6       maximum temperature           (degrees Celsius)
* 7       early morning vapour pressure (kPa)
* 8       mean wind speed (height: 2 m) (m s-1)
* 9       precipitation                 (mm d-1)
*
** WCCDESCRIPTION=Netherlands, De Kooy
** WCCFORMAT=2
** WCCYEARNR=1981
*---------------------------------------------------------------------------*
   4.75  53.00     3.  -0.18 -0.55
   3 1981   1  1850.   1.3   5.9   0.630  14.0   6.5
   3 1981   2   500.   3.4   8.3   0.840  11.0   9.5
   3 1981   3  2530.   5.5   8.9   0.870  13.5   5.5
   3 1981   4  1760.   0.6   6.2   0.590  11.0   4.1
   3 1981   5  2870.   0.4   4.7   0.510   7.5   2.5
   3 1981   6  3060.  -3.5   2.8   0.550   4.5   8.1
   3 1981   7  3830.  -3.8   3.5   0.480   4.0   1.6
   3 1981   8   370.  -2.5   5.8   0.590   6.0   1.7
   3 1981   9   790.   4.8   6.8   0.730   6.5   5.5
   3 1981  10  3580.   2.2   5.2   0.570   6.5   0.8
   3 1981  11  3330.  -0.1   4.4   0.450   3.0   0.0
   3 1981  12   370.   0.9   4.1   0.430  10.0   6.9
   3 1981  13  3760.   0.1   3.2   0.400   7.5   3.0
   3 1981  14   440.   2.5   7.1   0.590  12.5  10.6
   3 1981  15  1720.   0.0   4.5   0.500  11.0   3.9
   3 1981  16  2330.  -0.7   3.0   0.500   8.5   4.3
   3 1981  17  2590.   2.1   5.7   0.720   7.5   0.3
   3 1981  18  4360.  -0.4   3.3   0.500   5.0   0.0
   3 1981  19  2650.  -0.3   5.8   0.700  10.0   5.6
   3 1981  20  2210.   0.0   4.1   0.540   4.0   0.4
   3 1981  21  1890.  -0.2   2.0   0.540   6.0   0.8
   3 1981  22   960.   1.8   4.8   0.730   3.5   0.5
   3 1981  23  1120.   4.1   6.5   0.790   4.5   2.1
   3 1981  24   970.   3.0   6.4   0.710   6.5   0.3
   3 1981  25  4370.   1.9   6.6   0.750   6.5   0.0
   3 1981  26  5070.   0.4   6.0   0.720   3.0   2.6
   3 1981  27  1400.   4.0   6.5   0.870   2.5   0.5
   3 1981  28  1360.   3.4   5.3   0.880   2.0   0.1
   3 1981  29   730.   4.8   5.8   0.610   4.0   0.0
   3 1981  30   790.   2.8   4.8   0.640   4.5   0.4
   3 1981  31  5120.   2.9   6.9   0.740   5.0   0.1
   3 1981  32   940.   0.5   4.1   0.780   5.0   0.0
   3 1981  33  5120.   3.0   6.9   0.790   8.5   0.0
   3 1981  34  5710.   4.7   8.6   0.810  11.5  12.6
   3 1981  35  3820.   0.9   5.8   0.610   8.5   2.2
   3 1981  36  2230.   0.6   4.9   0.570   6.5   1.2
   3 1981  37  2470.   3.4   8.1   0.890   7.5   1.5
   3 1981  38  2100.   6.1   8.0   1.060   8.5   0.1
   3 1981  39  2470.   5.5   7.7   0.980   6.5   1.2
   3 1981  40  2020.   5.7   6.7   0.930   5.5   0.9
   3 1981  41  2450.   1.5   5.7   0.610  10.0   7.0
   3 1981  42  7820.  -0.6   4.1   0.470   5.5   1.1
   3 1981  43  4810.  -1.6   3.4   0.540   3.0   0.6
   3 1981  44  8950.  -1.5   0.9   0.450   3.5   0.0
   3 1981  45  5480.  -4.2   0.9   0.450   1.0   0.0
   3 1981  46  6570.  -3.1   4.5   0.430   2.5   0.0
   3 1981  47  4570.  -0.6   4.3   0.480   2.0   0.0
   3 1981  48  3040.   0.5   4.0   0.570   5.0   0.0
   3 1981  49  2880.   0.3   2.5   0.520   8.5   0.1
   3 1981  50  4550.   0.1   1.8   0.490   8.5   0.0
   3 1981  51  4990.  -2.1   0.2   0.470   5.5   0.7
   3 1981  52  7810.  -4.0  -0.5   0.340   2.5   0.0
   3 1981  53  8240.  -4.3   0.1   0.390   6.0   0.0
   3 1981  54  5810.  -3.4  -0.3   0.420   6.0   0.0
   3 1981  55  4440.  -2.1   1.0   0.450   5.5   1.3
   3 1981  56  5960.  -1.7   1.2   0.500   4.0   0.0
   3 1981  57  2960.  -2.0   0.4   0.580   5.5   0.0
   3 1981  58  9960.  -2.0   3.9   0.520   8.0   0.0
   3 1981  59  4460.  -1.0   1.7   0.610  10.5   7.1
   3 1981  60  7820.   1.2   8.5   0.740   4.5   0.4
   3 1981  61  2740.   2.8   7.0   0.820   3.5   2.7
   3 1981  62  2890.   0.8   3.4   0.650   8.0   0.7
   3 1981  63  6700.   0.5   4.4   0.510   4.0   0.0
   3 1981  64  8910.   0.3   5.1   0.610   4.5   4.3
   3 1981  65  2420.   1.9   5.9   0.760   6.0   1.3
   3 1981  66  1910.   4.8   9.5   1.030  12.0   8.8
   3 1981  67  4250.   6.7  14.2   1.100  12.0   3.9
   3 1981  68  3200.   6.0   7.8   0.950   6.0   6.6
   3 1981  69  1970.   5.7  13.1   1.020   9.5   9.8
   3 1981  70  2270.   6.5   9.7   1.030   9.0  37.3
   3 1981  71  5020.   5.7   8.6   0.960   6.0   7.6
   3 1981  72  9380.   5.7  11.0   0.950   6.0   1.8
   3 1981  73  4360.   5.4   8.1   0.930   2.5   2.3
   3 1981  74  4190.   4.2   6.0   0.760   3.0   0.0
   3 1981  75 10740.   1.8   6.5   0.690   3.0   0.9
   3 1981  76  7350.   0.0   5.0   0.610   3.0   4.3
   3 1981  77  4740.  -1.0   7.0   0.710   7.5   1.8
   3 1981  78  5470.   6.2   7.7   0.840  12.0   2.8
   3 1981  79 14270.   6.3   9.3   0.890  10.0   0.0
   3 1981  80  6730.   6.5  12.2   0.970  11.5   0.4
   3 1981  81  5100.   2.8  13.4   0.800  12.0   0.9
   3 1981  82  4010.   1.3  10.7   0.830   9.0   6.5
   3 1981  83 10410.   7.9  10.4   1.000   9.5   0.8
   3 1981  84  7650.   8.0  11.2   1.120   8.5   6.6
   3 1981  85  9170.   5.4  11.0   0.980   8.0   2.5
   3 1981  86 17940.   1.7  14.6   0.820   4.5   0.0
   3 1981  87 11670.   9.3  15.5   0.890   6.5   0.0
   3 1981  88  6410.   8.5  11.6   1.030   5.5   0.3
   3 1981  89  7800.   7.4  10.8   1.010   5.5   0.2
   3 1981  90  8410.   6.6  10.0   1.010   6.5   0.0
   3 1981  91  5200.   6.7  10.9   1.060   4.5   0.0
   3 1981  92  3300.   6.2   8.8   0.960   3.0   0.1
   3 1981  93  4020.   5.4   8.4   0.940   5.0   0.0
   3 1981  94  3560.   4.3   6.5   0.810   4.5   0.0
   3 1981  95  6340.   4.5   7.2   0.810   5.0   0.0
   3 1981  96 16280.   5.9   9.5   0.880   6.0   0.0
   3 1981  97  9640.   4.2  11.9   0.890   3.0   0.1
   3 1981  98 18320.   4.4  11.2   0.900   2.5   0.0
   3 1981  99 17740.   5.2  15.7   0.960   2.5   0.0
   3 1981 100 19640.   3.1  15.0   1.130   4.0   0.0
   3 1981 101 17160.   9.1  21.4   1.140   6.0   0.0
   3 1981 102 11210.   7.3  14.1   1.160   3.0   0.0
   3 1981 103 20410.   6.4  10.2   0.810   8.5   0.0
   3 1981 104 22680.   6.2  12.0   0.830   7.5   0.0
   3 1981 105 23180.   6.2  11.8   0.880   6.5   0.0
   3 1981 106 22810.   5.8  13.7   0.810   7.0   0.0
   3 1981 107 22370.   4.1   8.9   0.560   7.5   0.0
   3 1981 108 22940.   3.2   9.5   0.650   5.5   0.0
   3 1981 109 10070.   5.3   9.4   0.710  11.0   1.0
   3 1981 110 23980.   4.9   9.7   0.680   7.0   0.0
   3 1981 111  7410.   5.0   7.7   0.650   6.5   0.2
   3 1981 112 16310.   0.9   7.5   0.580   6.0   0.6
   3 1981 113 19470.  -0.3   6.5   0.510   4.5   0.5
   3 1981 114 19460.  -2.3   8.5   0.490   5.5   0.0
   3 1981 115  4950.   4.3   8.5   0.660   9.5   0.0
   3 1981 116  9590.   5.5  10.7   0.850   9.0   0.3
   3 1981 117 18960.   4.1   8.9   0.750  10.0   0.0
   3 1981 118 11040.   3.8   7.5   0.800   6.0   2.2
   3 1981 119 10700.   7.3  10.9   1.040   6.0   0.9
   3 1981 120  4870.   5.9   9.5   1.050   7.0   2.4
   3 1981 121 24070.   5.1   8.3   0.640   8.0   0.0
   3 1981 122 22260.   3.2   8.3   0.640   6.5   0.9
   3 1981 123 16530.   2.4   9.2   0.660   8.5   2.3
   3 1981 124 12780.   3.9  10.2   0.890   5.5   1.1
   3 1981 125 12470.   2.4   9.4   0.820   5.5   2.9
   3 1981 126 13280.   2.7  13.4   1.000   4.5   0.2
   3 1981 127 19810.   6.0  19.4   1.170   6.0   0.1
   3 1981 128  7360.   9.4  16.6   1.290   4.0   0.9
   3 1981 129 16650.   9.0  16.4   1.380   4.0   0.9
   3 1981 130 24610.  12.3  20.2   1.450   5.0   0.0
   3 1981 131 25620.  13.8  23.2   1.450   6.0   0.0
   3 1981 132 24650.  11.4  20.7   1.460   4.5   0.6
   3 1981 133 22420.  10.4  20.3   1.310   3.5   0.0
   3 1981 134 17160.   9.0  14.2   1.170   3.0   0.9
   3 1981 135 19650.  10.4  16.3   1.200   3.5   0.0
   3 1981 136 14480.   6.2  17.5   1.180   5.0   0.5
   3 1981 137 19860.   5.9  17.2   1.060   3.5   5.6
   3 1981 138 25300.   6.8  17.3   1.080   3.0   0.0
   3 1981 139 15700.  13.3  18.3   1.380   3.5   0.0
   3 1981 140 25360.  13.4  27.4   1.440   5.0   0.0
   3 1981 141 21110.  12.2  19.7   1.550   3.5   6.6
   3 1981 142 21390.   8.9  15.4   1.230   5.0   8.6
   3 1981 143 10630.   9.2  16.4   1.310   5.5   8.9
   3 1981 144 25810.   7.6  13.8   1.150   6.5   5.2
   3 1981 145 16450.   7.7  14.6   1.090   5.0   6.2
   3 1981 146 24010.   8.0  15.1   1.120   5.5   0.0
   3 1981 147 27720.   7.7  16.6   1.180   3.0   0.0
   3 1981 148 18470.   9.3  14.0   1.190   6.0   3.8
   3 1981 149 23910.   7.9  17.5   1.240   2.0   0.0
   3 1981 150 24130.  11.2  16.5   1.430   3.5   0.0
   3 1981 151 21640.  13.5  22.8   1.770   4.0   2.3
   3 1981 152 23750.  11.5  20.8   1.700   3.0   0.0
   3 1981 153 17810.  13.3  26.3   1.710   5.5   0.9
   3 1981 154 20330.  11.9  18.8   1.280   2.5   0.0
   3 1981 155 27500.  10.3  16.0   1.240   6.5   0.3
   3 1981 156 21500.  12.1  16.3   1.290   8.0   0.6
   3 1981 157 23630.  11.8  16.1   1.280   8.0   0.0
   3 1981 158 21540.  11.8  16.7   1.210   6.5   0.2
   3 1981 159 20070.  13.9  18.3   1.530   8.5   0.2
   3 1981 160 26260.  13.5  17.3   1.310  10.0   0.0
   3 1981 161 25340.  13.0  16.1   1.220   8.5   0.0
   3 1981 162  5690.  11.1  14.2   1.400   7.5   3.7
   3 1981 163 19120.   6.8  14.7   1.070   5.5   0.0
   3 1981 164 20450.   4.8  17.4   1.120   6.0   0.0
   3 1981 165 11390.  14.3  18.0   1.620   5.5   0.9
   3 1981 166  7680.  13.2  16.9   1.550   6.5   1.9
   3 1981 167 24360.  10.0  15.6   1.090   9.0   1.0
   3 1981 168 15830.   8.5  13.7   1.070   8.0   2.4
   3 1981 169 15200.   9.8  13.4   0.890   7.0   0.0
   3 1981 170 18750.   9.9  14.3   0.930   3.0   0.0
   3 1981 171 13900.  10.1  14.8   1.070   3.5   0.1
   3 1981 172 11680.   9.5  12.8   1.000   6.5   0.0
   3 1981 173 24130.   9.5  15.7   1.250   5.0   0.0
   3 1981 174 29400.  11.3  18.7   1.360   3.0   0.0
   3 1981 175 21220.  10.1  19.3   1.460   3.5   0.0
   3 1981 176 19300.  12.5  15.9   1.300   5.0   0.0
   3 1981 177  4500.  10.9  13.2   1.220   6.0   4.9
   3 1981 178  3880.  10.4  12.2   1.170   5.0   2.4
   3 1981 179  3320.  10.6  11.6   1.170   6.0   4.5
   3 1981 180  9230.  10.0  13.4   1.090   9.5   0.0
   3 1981 181  6670.  10.7  14.8   1.350   7.0   2.4
   3 1981 182 17370.  12.7  16.6   1.390   8.0   0.0
   3 1981 183 18210.  13.6  18.4   1.480   5.0   8.0
   3 1981 184 24200.  12.9  16.7   1.420   6.5   2.0
   3 1981 185 28710.  11.9  17.3   1.410   5.5   0.0
   3 1981 186 18430.  12.9  19.5   1.450   6.0   0.0
   3 1981 187 25450.  14.3  18.6   1.520   8.5   0.0
   3 1981 188 26000.  13.7  18.8   1.590   4.0   0.0
   3 1981 189 27630.  12.9  24.8   1.860   3.5   0.0
   3 1981 190 22010.  16.1  27.5   2.030   4.0   0.0
   3 1981 191 12340.  15.2  19.8   1.780   3.0   7.3
   3 1981 192 13680.  15.1  19.6   1.710   5.0   0.0
   3 1981 193 13920.  12.6  17.3   1.540   6.0   0.0
   3 1981 194 23420.  12.6  18.6   1.530   3.5   0.0
   3 1981 195 16680.  14.1  17.6   1.490   6.5   0.8
   3 1981 196 22570.  13.8  17.8   1.470   4.5   0.0
   3 1981 197  7270.  13.2  17.1   1.590   7.0   1.7
   3 1981 198 24520.  10.0  16.3   1.230   6.5   0.0
   3 1981 199 23740.   8.5  17.2   1.210   4.5   0.7
   3 1981 200 26980.  12.4  17.7   1.310   6.0   0.0
   3 1981 201 14910.  14.0  18.0   1.580   5.0   1.4
   3 1981 202 13200.  11.7  17.8   1.630   5.5   7.0
   3 1981 203 12200.  11.4  18.0   1.540   6.0   2.0
   3 1981 204 21140.  12.3  18.2   1.370   5.5   0.0
   3 1981 205 14640.  10.8  17.2   1.410   6.0  11.3
   3 1981 206  9910.  11.0  16.4   1.460   5.0   4.8
   3 1981 207 13490.  12.0  17.5   1.520   6.5   0.3
   3 1981 208 25830.  13.5  18.3   1.440   6.5   0.0
   3 1981 209 24380.  13.6  19.8   1.640   4.0   0.0
   3 1981 210 22420.  14.0  19.9   1.600   5.0   0.0
   3 1981 211 20760.   9.4  17.4   1.170   4.0   0.0
   3 1981 212 19060.   7.8  18.7   1.440   4.0   0.0
   3 1981 213  7090.  11.1  17.5   1.410   5.5   3.1
   3 1981 214 26610.  10.5  18.0   1.220   4.0   0.0
   3 1981 215 25700.  10.1  21.5   1.500   2.5   0.0
   3 1981 216 22820.  10.1  24.5   1.810   2.5   0.0
   3 1981 217 24130.  14.1  25.3   2.020   2.5   0.0
   3 1981 218 20630.  16.8  21.0   1.990   6.5   0.2
   3 1981 219 15190.  18.3  22.0   2.030   7.0   0.0
   3 1981 220  5000.  16.7  20.1   1.960   3.5   0.0
   3 1981 221  7120.  16.0  17.9   1.790   4.0   0.0
   3 1981 222  4630.  15.4  17.0   1.580   6.0   0.0
   3 1981 223 15560.   9.7  19.0   1.400   4.0   0.0
   3 1981 224 23280.   7.1  20.8   1.410   1.5   0.0
   3 1981 225 16100.  12.2  21.7   1.660   2.5   0.0
   3 1981 226 23430.  14.6  23.5   1.810   3.5   0.0
   3 1981 227 12710.  14.8  23.2   1.830   3.0   0.0
   3 1981 228 19600.  13.5  18.6   1.260   7.5   0.1
   3 1981 229 18830.  11.1  17.3   1.100   6.0   0.0
   3 1981 230 16200.  14.7  20.8   1.560   7.0   3.8
   3 1981 231  6830.  13.7  17.8   1.480   7.0   2.8
   3 1981 232 11540.  13.3  17.0   1.400  10.5   5.8
   3 1981 233 12850.  12.5  17.2   1.330   7.0   0.8
   3 1981 234 11350.  12.7  17.4   1.370   7.5   4.1
   3 1981 235 18270.  12.0  18.5   1.310   6.0   0.0
   3 1981 236  8020.   9.6  17.2   1.290   2.0   0.0
   3 1981 237 18410.  10.1  19.2   1.610   4.0   0.0
   3 1981 238 19220.  13.6  19.0   1.530   5.0   0.0
   3 1981 239 14420.  14.6  19.2   1.530   5.5   0.0
   3 1981 240  9610.  13.8  18.5   1.550   3.0   1.1
   3 1981 241 14720.  13.3  18.3   1.400   3.5   0.5
   3 1981 242 18110.  10.6  17.6   1.330   2.5   0.0
   3 1981 243 10780.  10.5  18.0   1.350   2.5   0.0
   3 1981 244 19980.  13.2  18.6   1.380   4.5   0.0
   3 1981 245 19780.  11.8  19.4   1.400   6.0   0.0
   3 1981 246 20310.  13.4  18.4   1.390   5.0   0.0
   3 1981 247 18680.   9.4  19.4   1.420   2.5   0.0
   3 1981 248 18840.   9.8  22.2   1.340   2.0   0.0
   3 1981 249 19560.   7.6  22.6   1.350   2.5   0.0
   3 1981 250 14910.  10.6  24.9   1.450   3.5   0.0
   3 1981 251 12730.  13.6  20.4   1.820   5.0   0.0
   3 1981 252 12690.  12.1  21.0   1.740   2.0   0.0
   3 1981 253 13580.  14.9  23.4   1.770   4.5   0.1
   3 1981 254  7240.  11.2  19.7   1.590   4.5   2.6
   3 1981 255 11480.  10.6  21.2   1.470   4.0   3.9
   3 1981 256 13310.  12.3  17.2   1.230   8.0   2.4
   3 1981 257  8410.  10.7  16.6   1.250   7.5   0.2
   3 1981 258  3570.  10.1  16.7   1.570   5.0  10.0
   3 1981 259  8250.  12.3  18.4   1.660   3.5   0.0
   3 1981 260  5030.  10.3  16.7   1.510   4.5   1.1
   3 1981 261  4740.  13.3  17.1   1.530   6.5   2.1
   3 1981 262 12070.  11.5  17.5   1.380   7.5   5.1
   3 1981 263  7220.  13.6  16.9   1.450  10.0  13.8
   3 1981 264 11940.  12.2  17.5   1.390   6.5   9.2
   3 1981 265  8330.  11.9  18.1   1.500   5.0   0.1
   3 1981 266 13340.  12.8  16.3   1.240   6.5   0.2
   3 1981 267 11670.  11.1  17.8   1.270   9.0   0.0
   3 1981 268  6110.  10.8  16.4   1.380   5.5   6.7
   3 1981 269  4970.  11.0  18.2   1.380   7.5   2.9
   3 1981 270 10670.   9.9  17.4   1.270   5.5   2.9
   3 1981 271 12720.   7.8  17.0   1.210   3.5   0.0
   3 1981 272 14070.   8.9  16.4   1.150   4.0   0.0
   3 1981 273  7690.  10.2  17.3   1.220   7.0   0.0
   3 1981 274 11640.  11.4  18.4   1.290   5.5   0.0
   3 1981 275  4870.  11.1  16.8   1.400   4.5   2.3
   3 1981 276  7730.   8.1  12.8   1.080   8.5  16.8
   3 1981 277  3950.   7.2  12.5   1.050   8.0  10.0
   3 1981 278  4410.   8.0  15.9   1.290   4.0   7.4
   3 1981 279  2670.   9.7  15.5   1.410   6.0  12.5
   3 1981 280 10130.  11.1  14.2   0.930  14.0   0.0
   3 1981 281  3030.  10.4  15.2   1.370  10.0   4.9
   3 1981 282  4310.  10.5  14.8   1.280  11.0  10.5
   3 1981 283  8000.   6.9  12.5   0.970  12.5   6.6
   3 1981 284  5260.   7.1  11.8   0.890  12.0   2.1
   3 1981 285  3040.   6.2  10.2   0.830   8.5  10.3
   3 1981 286  5810.   5.4  10.8   0.870  11.0  10.2
   3 1981 287  5170.   5.4   9.8   0.810   5.5   1.2
   3 1981 288  4740.   3.9  10.1   0.790   2.0   0.9
   3 1981 289  2090.   2.9   9.1   0.840   3.0   0.7
   3 1981 290  5940.   2.1   9.4   0.880   4.5   1.9
   3 1981 291  2170.   3.7   8.8   0.940   5.5   0.1
   3 1981 292  1590.   3.1  13.2   1.190   8.0   7.3
   3 1981 293  1250.   6.2  13.3   1.120   7.5  31.8
   3 1981 294  4170.   5.0   8.6   0.850   5.0  11.7
   3 1981 295  5780.   5.9  11.1   0.990   5.0   7.6
   3 1981 296  8510.   4.6  11.1   0.900   2.0   2.7
   3 1981 297  7490.   5.2  11.3   1.020   5.0   3.0
   3 1981 298  3520.   2.9  11.1   0.910   4.5   3.1
   3 1981 299  7400.   1.3  11.1   0.880   1.5   0.0
   3 1981 300  4080.   2.9   9.5   0.880   5.5   3.1
   3 1981 301  6390.   4.8  11.1   0.920   7.0   1.4
   3 1981 302  4930.   7.8  12.0   0.980   8.5   5.8
   3 1981 303  7410.   7.4  10.5   0.920   7.5  11.0
   3 1981 304  6540.   8.8  13.3   1.100  11.5   2.1
   3 1981 305  3460.  10.4  13.4   1.320   7.5   0.9
   3 1981 306  2470.   8.9  13.4   1.170   7.0   0.6
   3 1981 307  3780.   9.3  13.5   1.320   6.5   0.0
   3 1981 308  5330.   9.1  12.4   1.050   6.5   1.1
   3 1981 309  4240.   7.5  11.3   0.800   7.5   0.3
   3 1981 310  4490.   6.6  10.3   0.710   6.0   0.1
   3 1981 311  6940.  -0.5   8.3   0.690   3.5   1.2
   3 1981 312  3940.   0.3   7.2   0.600   2.0   0.0
   3 1981 313  2440.  -1.2   7.6   0.660   3.0   0.0
   3 1981 314  1110.  -1.8   9.8   0.820   7.5   6.2
   3 1981 315  1040.   8.6  10.5   1.050   9.5   7.0
   3 1981 316  2410.   7.9  10.6   1.030   5.5   0.5
   3 1981 317  3620.   5.8   9.4   0.800  10.0   2.7
   3 1981 318  4500.   1.5  10.1   0.700   6.0   0.1
   3 1981 319  5640.  -0.4   7.5   0.650   3.5   0.0
   3 1981 320  1830.  -0.7   4.0   0.590   6.5   0.0
   3 1981 321   540.   2.3   9.5   0.830   6.5   8.0
   3 1981 322  1900.   8.9  11.3   1.420  11.0   5.1
   3 1981 323  5630.   3.9   9.6   0.800   5.5   0.0
   3 1981 324  1810.   4.8  13.0   1.130  13.0   9.1
   3 1981 325  1530.   7.9  11.5   1.000   7.5   0.8
   3 1981 326  2390.  10.0  11.8   1.210   8.5   0.0
   3 1981 327  1350.   6.1  12.5   1.050  12.5   2.6
   3 1981 328  2030.   2.0   7.3   0.610  15.5   2.8
   3 1981 329  2400.   0.9   7.0   0.620  12.0   5.5
   3 1981 330  1240.   6.3  10.2   1.030   9.5   2.4
   3 1981 331   740.   6.3  10.6   0.980  12.0  14.5
   3 1981 332  1890.   4.1   7.5   0.730   9.0   4.2
   3 1981 333  2490.   4.9   8.0   0.730   9.5   1.9
   3 1981 334   330.   1.1   6.4   0.690   6.5  13.7
   3 1981 335  1740.   3.8   7.2   0.650   7.5   0.6
   3 1981 336  2380.   1.2   8.6   0.770   3.0   2.0
   3 1981 337  1760.   0.2   9.0   0.920   5.5   0.4
   3 1981 338  1110.   2.7   8.7   0.820  10.0   9.2
   3 1981 339  2390.   1.4   6.2   0.630   7.5   5.0
   3 1981 340  1650.   1.9   5.7   0.700   4.5   5.3
   3 1981 341  1780.   0.2   5.5   0.590   4.5   3.6
   3 1981 342  2380.  -0.7   2.8   0.590   2.5   2.0
   3 1981 343  1520.   0.4   3.4   0.550   5.5   5.8
   3 1981 344  3260.  -2.4   2.6   0.570   3.5   0.9
   3 1981 345   930.  -1.4   1.3   0.560   4.5   0.3
   3 1981 346  3400.  -6.9   3.0   0.490   2.5   2.2
   3 1981 347  3090.  -3.0   3.5   0.520   8.5   0.0
   3 1981 348   860.  -2.7  -0.8   0.490   7.5   3.2
   3 1981 349  3190.  -3.4   1.2   0.490   4.5   0.0
   3 1981 350  5110.  -8.2  -2.8   0.380   3.5   0.0
   3 1981 351  3210. -10.0  -5.6   0.330   5.0   0.2
   3 1981 352  1470.  -9.1  -5.7   0.330   4.0   0.8
   3 1981 353  2960.  -7.5   3.1   0.510   3.0   2.1
   3 1981 354  2070.  -5.1  -0.7   0.440   5.5   0.0
   3 1981 355  1920.  -7.7  -3.6   0.310  10.0   0.0
   3 1981 356  1320.  -7.7  -2.3   0.400   6.0   1.2
   3 1981 357  1310.  -2.8  -0.3   0.520   2.5   0.1
   3 1981 358  1350.  -1.7   0.9   0.580   3.5   0.8
   3 1981 359  1590.   0.3   2.9   0.620   3.0   1.0
   3 1981 360  1390.  -2.2   1.2   0.540   3.0   0.0
   3 1981 361  1250.  -4.4  -2.1   0.450   6.5   0.0
   3 1981 362  1030.  -4.2   0.5   0.550   4.5   0.0
   3 1981 363   440.  -0.6   5.2   0.670   7.5   5.3
   3 1981 364  1640.   2.7   6.0   0.740   7.0   2.2
   3 1981 365   930.   1.4   6.4   0.810   4.0   5.8
