*---------------------------------------------------------------------------*
* Station name: De Kooy (Den Helder), Netherlands
* Year: 1979
* Author: Gon van Laar                      -99.000: NIL VALUE
* Source: K.N.M.I. - data invoer: Hennie de Ruiter
*
* Longitude: 4 45 E, latitude: 53 N, altitude: 3 m.
*
* Column  Daily value
* 1       station number
* 2       year
* 3       day
* 4       irradiation                   (kJ m-2 d-1)
* 5       minimum temperature           (degrees Celsius)
* 6       maximum temperature           (degrees Celsius)
* 7       early morning vapour pressure (kPa)
* 8       mean wind speed (height: 2 m) (m s-1)
* 9       precipitation                 (mm d-1)
*
** WCCDESCRIPTION=Netherlands, De Kooy
** WCCFORMAT=2
** WCCYEARNR=1979
*---------------------------------------------------------------------------*
   4.75  53.00     3.  -0.18 -0.55
   3 1979   1  2460. -18.8  -5.1   0.260   1.5   3.2
   3 1979   2  1350. -16.0  -0.6   0.310   6.5   4.9
   3 1979   3  1780.  -5.4   2.3   0.490   3.0   1.6
   3 1979   4  3650.  -9.4  -1.4   0.320   5.0   0.0
   3 1979   5  2330. -15.3  -7.4   0.250   1.5   0.0
   3 1979   6  4710. -14.5  -4.9   0.260   4.5   0.0
   3 1979   7  1040.  -4.9   3.8   0.650  11.0   2.5
   3 1979   8   750.   0.3   3.7   0.720   5.0   0.9
   3 1979   9  1710.   1.3   3.9   0.650   5.0   2.7
   3 1979  10   540.  -0.3   2.6   0.610   9.0   6.1
   3 1979  11  1940.   0.2   3.8   0.650   5.5   4.6
   3 1979  12  1640.   0.6   3.4   0.590   9.5   3.3
   3 1979  13  3920.   0.6   3.6   0.530   9.5   0.9
   3 1979  14  4360.  -2.7   3.8   0.540   4.0   0.0
   3 1979  15  4540.  -4.9   3.4   0.500   1.5   0.0
   3 1979  16  2690.  -3.9  -0.4   0.480   4.0   0.0
   3 1979  17  1880.  -6.2  -0.6   0.460   4.5   1.0
   3 1979  18  2330.  -4.8  -0.8   0.460   8.5   0.0
   3 1979  19  2530.  -4.3  -1.8   0.420  11.0   0.0
   3 1979  20  2450.  -5.0  -1.8   0.420  10.0   0.0
   3 1979  21  1190.  -5.4  -2.9   0.420   6.0   0.5
   3 1979  22  4220.  -7.3  -5.2   0.320   6.0   0.0
   3 1979  23  1430.  -7.4  -0.6   0.410   4.5   6.0
   3 1979  24  4040.  -1.6   2.4   0.560   5.5   1.2
   3 1979  25   820.  -0.6   2.4   0.630   9.5   8.8
   3 1979  26  2220. -10.2   1.6   0.490   4.0   7.6
   3 1979  27  5580. -13.0   1.4   0.410   3.5   0.0
   3 1979  28  5570. -15.8  -6.3   0.270   2.5   0.0
   3 1979  29  2480.  -6.3   1.3   0.540   6.5   1.4
   3 1979  30  2000.   0.1   2.0   0.620   3.5   0.1
   3 1979  31  3960.   0.2   3.5   0.630   5.5   0.0
   3 1979  32  1600.   0.2   3.4   0.660   8.0   9.5
   3 1979  33  3570.   0.1   3.7   0.550   5.0   2.8
   3 1979  34  3760.   1.4   4.0   0.610   9.0   0.0
   3 1979  35  1160.  -0.8   3.2   0.640   2.5   2.5
   3 1979  36  3180.  -3.8   0.2   0.520   2.0   0.0
   3 1979  37  3590.  -3.7  -1.0   0.500   2.0   0.0
   3 1979  38  1400.  -3.4   1.0   0.520   5.0   2.2
   3 1979  39  7880.  -2.9   3.9   0.540   5.5   0.0
   3 1979  40  5610.  -3.6   1.6   0.540   1.5   0.0
   3 1979  41  6770.  -3.6   0.0   0.460   7.0   0.0
   3 1979  42  4150.  -3.7  -0.5   0.410   9.0   0.0
   3 1979  43  1090.  -2.1   0.1   0.540   7.5   5.0
   3 1979  44  1050.   0.8   0.8   0.610   5.5  11.9
   3 1979  45  3760.  -4.7  -0.6   0.420  13.5   2.2
   3 1979  46  2380.  -5.0  -3.6   0.400  11.5   6.3
   3 1979  47  3440.  -5.5  -3.4   0.380   7.5   0.0
   3 1979  48  3970.  -7.5  -4.7   0.350   6.5   0.0
   3 1979  49  2780.  -7.5  -4.8   0.350   2.0   0.0
   3 1979  50  1940.  -4.8  -1.2   0.440   1.5   0.0
   3 1979  51  3230.  -2.4  -1.0   0.520   3.5   0.0
   3 1979  52  3180.  -6.6  -1.3   0.440   2.0   0.0
   3 1979  53  2310.  -2.1   1.6   0.580   3.0   2.4
   3 1979  54  5570.   0.9   2.6   0.640   5.5   1.2
   3 1979  55  6860.  -1.7   2.8   0.600   5.5   0.1
   3 1979  56  4420.  -3.0   1.4   0.550   2.0   0.0
   3 1979  57  5480.   0.1   2.1   0.630   6.0   0.0
   3 1979  58  7190.   0.4   3.5   0.650   7.5   0.0
   3 1979  59  6770.  -0.6   4.0   0.580   7.5   1.0
   3 1979  60 10270.   0.8   4.0   0.640   6.5   0.0
   3 1979  61  2960.   2.2   5.3   0.770  10.5   3.3
   3 1979  62  5630.   3.7   6.6   0.830  12.0   2.0
   3 1979  63  9600.   1.7   5.2   0.710   5.0   2.9
   3 1979  64 12800.   0.4   5.8   0.670   6.5   0.0
   3 1979  65 12190.  -0.4   6.6   0.620   7.0   0.0
   3 1979  66 10140.   1.2   5.5   0.710   9.0   1.6
   3 1979  67 12070.   0.4   5.8   0.720   9.0   0.0
   3 1979  68  1840.   2.1   5.8   0.750  14.0  11.4
   3 1979  69 13510.   0.5   5.0   0.610   8.0   0.0
   3 1979  70  2920.   1.7   6.8   0.820   7.5   7.9
   3 1979  71 14250.   3.5   6.5   0.730   9.5   0.0
   3 1979  72  7180.   2.3   5.7   0.730   5.5   0.2
   3 1979  73  6670.   0.2   3.4   0.620   7.0   0.0
   3 1979  74  1570.  -0.4   1.6   0.590  10.0  15.8
   3 1979  75  1510.   0.4   1.7   0.630   5.0  10.9
   3 1979  76  8100.   1.4   6.6   0.680   3.5   0.2
   3 1979  77  3910.  -0.6   2.8   0.620   4.0   0.0
   3 1979  78  8720.  -0.9   2.1   0.510   4.5   0.0
   3 1979  79 11230.  -0.9   8.3   0.680   4.0   0.7
   3 1979  80  9460.   0.2   9.8   0.730   7.0   3.5
   3 1979  81  7440.   1.0   5.6   0.670   8.5   3.0
   3 1979  82 10900.  -0.2   4.5   0.610   5.5   0.0
   3 1979  83 16400.  -1.7   6.1   0.530   4.0   0.0
   3 1979  84  5640.   3.6  14.3   1.000  10.5   7.7
   3 1979  85 11560.   3.8  11.7   0.820  13.5   1.6
   3 1979  86 14730.   4.3   8.6   0.800  11.0   2.7
   3 1979  87  3770.   2.7   6.8   0.780   8.0   7.5
   3 1979  88 11720.   1.7   6.4   0.720   5.5   0.4
   3 1979  89  4120.   2.9   4.9   0.710   8.5   0.7
   3 1979  90 16590.   2.8   5.9   0.690   4.5   0.2
   3 1979  91  6890.   3.8   6.8   0.840   4.0   0.0
   3 1979  92 14530.   2.1   7.4   0.720   5.0   3.5
   3 1979  93  7870.  -0.8   4.6   0.610   3.5   2.4
   3 1979  94 11750.  -2.7   5.5   0.610   3.5   0.0
   3 1979  95  5990.   0.5   5.4   0.700   5.0   3.3
   3 1979  96  5220.   0.3   6.0   0.680   5.0   8.9
   3 1979  97 15240.   0.5   9.1   0.730   3.5   0.0
   3 1979  98 16490.   2.8   9.3   0.740   5.0   0.0
   3 1979  99 14200.   4.8  12.3   0.810   7.5   0.0
   3 1979 100 18690.   6.5  18.9   0.890   7.5   0.0
   3 1979 101 15380.   7.3  17.8   0.950   6.0   0.0
   3 1979 102 13660.   5.9  15.5   0.970   5.0   7.1
   3 1979 103 20540.   6.1  12.2   1.000   5.5   0.0
   3 1979 104 19610.   7.8  16.2   1.100   4.0   0.0
   3 1979 105 15390.   8.0  19.3   1.030   4.5   0.0
   3 1979 106  8450.   4.5   8.0   0.760   8.0   1.3
   3 1979 107  3760.   4.0   6.3   0.700   8.0   0.0
   3 1979 108 17700.   2.7   7.0   0.590   3.5   0.0
   3 1979 109 19240.  -1.5   9.8   0.730   5.0   0.9
   3 1979 110  4880.   5.6   8.4   0.950   6.5   8.2
   3 1979 111 13710.   3.0   9.8   0.920   6.5   1.8
   3 1979 112 11800.   3.6   9.3   0.870   5.5   2.2
   3 1979 113 11110.   6.3  10.4   1.000   8.0   2.5
   3 1979 114  5140.   5.1   8.5   0.900   6.5   3.3
   3 1979 115 16440.   5.0   9.2   0.820   4.5   0.1
   3 1979 116 10210.   3.6   8.8   0.780   4.5   0.0
   3 1979 117 15210.   2.4   8.8   0.780   6.0   0.1
   3 1979 118  5390.   4.6   8.6   0.870   6.0   5.3
   3 1979 119 10270.   5.1   9.2   0.910   8.0   4.2
   3 1979 120 19550.   3.8   8.3   0.660  10.5   4.5
   3 1979 121 19800.   0.6   7.6   0.670   5.5   9.9
   3 1979 122 10680.   1.7   6.1   0.640  10.5  11.4
   3 1979 123 19590.   1.2   7.6   0.690   5.5   1.5
   3 1979 124 25080.   0.7   7.6   0.600   3.5   0.0
   3 1979 125 13980.  -0.4   8.0   0.610   2.0   0.0
   3 1979 126 22890.   0.4   8.1   0.640   2.5   1.5
   3 1979 127 13230.   0.8  10.2   0.850   8.5   0.4
   3 1979 128 22710.   5.9  11.6   0.980   6.0   0.0
   3 1979 129 23100.   3.7  12.7   0.850   6.0   0.0
   3 1979 130 21110.   4.0   9.6   0.710   3.0   0.0
   3 1979 131  5370.   6.8  11.2   1.100   5.5   6.0
   3 1979 132 11370.   5.8  11.3   1.050   2.5   0.1
   3 1979 133 22330.   6.6  17.8   1.290   4.0   0.0
   3 1979 134 26340.   8.8  20.0   1.380   4.5   0.0
   3 1979 135 25340.   7.4  22.1   1.500   3.5   0.0
   3 1979 136 23680.  10.2  26.2   1.360   6.5   0.2
   3 1979 137 19070.   7.4  13.8   1.030   9.0   1.0
   3 1979 138 25660.   7.2  13.7   0.990   7.0   0.0
   3 1979 139 26570.   8.0  11.8   0.920   5.0   0.0
   3 1979 140  5660.   8.2  17.3   1.270   6.5   1.6
   3 1979 141 15090.   9.7  14.9   1.120   9.0   1.3
   3 1979 142 20600.   9.7  15.2   1.180   5.5   2.2
   3 1979 143  9660.   8.7  13.4   1.120   7.0   5.7
   3 1979 144 14910.   6.0  12.7   0.970   3.0   0.0
   3 1979 145 17060.   6.0  12.3   1.030   6.5   3.3
   3 1979 146 11750.   5.3  17.0   1.190   7.5   4.0
   3 1979 147 14170.   5.9  14.7   1.090   4.5   1.7
   3 1979 148 22160.   6.7  18.5   1.170   6.5   0.2
   3 1979 149 10070.  11.6  21.2   1.600   5.0  12.1
   3 1979 150 20040.  10.9  19.4   1.680   4.0   3.1
   3 1979 151 21880.  11.9  22.1   1.650   4.0  19.3
   3 1979 152  6360.  11.2  13.7   1.310   5.0   2.4
   3 1979 153 23980.  11.2  16.3   1.440   6.5   0.0
   3 1979 154 24090.  15.8  23.7   1.940   4.5   4.6
   3 1979 155 16880.  14.1  24.5   1.890   4.5   0.9
   3 1979 156  8820.  11.5  17.7   1.570   4.5   0.0
   3 1979 157 25520.   8.5  15.3   1.270   4.5   0.0
   3 1979 158 21920.   8.4  15.0   1.200   4.0   0.3
   3 1979 159 18650.   7.3  14.3   1.190   4.5   0.0
   3 1979 160 27180.   9.5  16.0   1.250   4.0   0.0
   3 1979 161 27700.   8.1  14.8   1.050   5.0   0.0
   3 1979 162  2290.  10.7  15.2   1.330   5.0  28.6
   3 1979 163 20100.  10.2  14.5   1.190   4.0   1.4
   3 1979 164  6510.  10.8  14.6   1.300   3.0   7.4
   3 1979 165  6520.   9.3  14.6   1.320   7.5   7.8
   3 1979 166 21620.   8.8  13.8   1.000   4.5   0.3
   3 1979 167 29250.   9.0  15.9   1.140   4.5   0.0
   3 1979 168 18080.   9.1  15.3   1.150   4.0   0.0
   3 1979 169 23930.   7.8  16.7   1.280   3.0   0.0
   3 1979 170 20200.   9.3  15.6   1.340   2.5   0.0
   3 1979 171 23790.  12.8  17.7   1.510   3.5   0.0
   3 1979 172 25320.  10.5  22.3   1.600   3.0   0.1
   3 1979 173 19750.   8.8  15.7   1.250   4.0   0.2
   3 1979 174 20100.   8.0  21.5   1.280   2.0   0.0
   3 1979 175 13720.  10.8  16.8   1.380   7.5   6.2
   3 1979 176 19250.  11.0  16.0   1.230   8.0   1.9
   3 1979 177 25950.   9.2  17.0   1.370   5.0   0.0
   3 1979 178 27370.   8.3  17.3   1.230   3.0   0.0
   3 1979 179 25860.   8.2  18.4   1.380   6.0   0.0
   3 1979 180 21570.  11.0  16.0   1.280   7.0   2.2
   3 1979 181 17540.  10.0  15.0   1.070   7.0   0.4
   3 1979 182 20390.   9.3  14.4   0.950   6.5   3.6
   3 1979 183 20970.   9.4  16.2   1.160   3.5   0.1
   3 1979 184 24360.  10.0  17.6   1.350   4.0   0.0
   3 1979 185 10180.  11.4  15.7   1.190   3.5   0.0
   3 1979 186 24150.  11.2  17.3   1.300   3.0   0.0
   3 1979 187 22220.  11.4  18.8   1.330   3.5   0.0
   3 1979 188 11440.  13.7  17.7   1.500   5.5   0.4
   3 1979 189 23550.  13.4  17.7   1.350   6.5   2.0
   3 1979 190 19370.  13.7  18.0   1.410   8.0   0.1
   3 1979 191 24160.  10.2  18.0   1.250   4.0   0.0
   3 1979 192 25710.  10.2  18.8   1.310   3.5   0.0
   3 1979 193 29500.  12.8  20.1   1.400   6.0   0.0
   3 1979 194 26090.   9.5  19.0   1.420   4.5   0.0
   3 1979 195 17000.   9.5  19.3   1.420   4.0   0.0
   3 1979 196 15440.  12.4  17.8   1.270   4.0   0.0
   3 1979 197  5270.   9.4  15.6   1.370   5.0   2.1
   3 1979 198 12330.  14.8  18.7   1.670   5.5   0.0
   3 1979 199  6120.  13.3  18.3   1.500   6.0   3.4
   3 1979 200 18170.  13.5  16.8   1.180   8.0   0.1
   3 1979 201 20020.  11.7  16.7   1.100   7.0   0.0
   3 1979 202  9320.  10.8  16.4   1.190   7.0   4.8
   3 1979 203 11060.  10.4  15.5   1.170   7.5   1.9
   3 1979 204 14560.  11.3  17.4   1.300   5.0   0.0
   3 1979 205 16240.  10.2  16.7   1.290   4.5   0.0
   3 1979 206 14090.  12.8  17.7   1.600   4.5   0.0
   3 1979 207 25070.  12.8  19.3   1.580   3.0   0.0
   3 1979 208 16710.  11.4  22.2   1.670   2.0   0.0
   3 1979 209 20150.  14.0  25.5   1.800   2.0   0.6
   3 1979 210  9100.  15.7  19.1   1.810   7.0   6.8
   3 1979 211 18380.  14.8  18.4   1.680   6.0   0.2
   3 1979 212  8480.  12.3  18.5   1.610   6.5   1.8
   3 1979 213  9480.  14.2  18.0   1.580   8.0   9.6
   3 1979 214 15880.  14.2  18.4   1.610   8.0   1.6
   3 1979 215 14690.  14.0  18.1   1.560   4.0   1.1
   3 1979 216 16290.   9.4  17.0   1.270   2.5   0.0
   3 1979 217 19830.   7.8  21.2   1.370   2.5   0.0
   3 1979 218 18180.  13.0  23.4   1.530   3.5   0.0
   3 1979 219 12200.  13.6  21.3   1.650   4.5   0.7
   3 1979 220 12050.  13.0  17.3   1.430   6.5   0.1
   3 1979 221  5470.   9.0  15.3   1.340   6.0   6.4
   3 1979 222 19830.  10.1  16.8   1.290   5.0   0.4
   3 1979 223 11090.   8.8  17.3   1.360   2.5   0.0
   3 1979 224 13420.  11.9  21.5   1.570   3.0   0.0
   3 1979 225  6010.  15.3  18.9   1.850   5.0   0.1
   3 1979 226 17950.  16.0  24.2   1.670  10.5   0.1
   3 1979 227 15120.  12.6  18.0   1.360   6.0   0.0
   3 1979 228 13640.  12.0  19.6   1.410   3.0   0.0
   3 1979 229  6080.  12.6  19.0   1.470   5.5   0.3
   3 1979 230 20990.  10.8  19.7   1.570   3.5   0.0
   3 1979 231 11550.  14.8  17.9   1.570   4.5   0.0
   3 1979 232  9780.  13.1  18.5   1.480   4.0   0.0
   3 1979 233 13510.  11.3  17.0   1.370   6.0   3.5
   3 1979 234 16150.   9.6  17.0   1.190   5.0   0.0
   3 1979 235  8650.   9.2  17.4   1.190   5.5   8.9
   3 1979 236  8630.   8.3  15.9   1.210   4.0  23.7
   3 1979 237 18140.   7.4  17.4   1.200   2.0   1.2
   3 1979 238 13910.  10.9  17.9   1.270   5.0   5.8
   3 1979 239 12110.  11.5  15.7   1.120   8.5   0.8
   3 1979 240 13770.  10.1  16.0   1.100   5.5   0.0
   3 1979 241 18420.   9.6  19.8   1.520   2.5   0.0
   3 1979 242 18540.  11.2  23.2   1.550   3.0   0.0
   3 1979 243 16470.  10.0  22.7   1.600   2.0   0.0
   3 1979 244 14450.  12.4  26.3   1.730   2.0   0.0
   3 1979 245  5160.  12.0  19.0   1.730   4.5   0.5
   3 1979 246  5830.  12.8  16.4   1.410   7.5  11.1
   3 1979 247 15350.  10.2  17.7   1.400   4.0   0.0
   3 1979 248 16970.   8.6  21.5   1.500   3.0   0.0
   3 1979 249 17450.  12.0  23.2   1.480   4.5   0.0
   3 1979 250 17070.  11.2  19.3   1.580   3.0   0.0
   3 1979 251  9840.  10.0  20.5   1.530   2.0   0.0
   3 1979 252 14390.  14.7  19.3   1.580   2.5   0.0
   3 1979 253 13420.  11.8  19.2   1.540   3.0   0.0
   3 1979 254 13940.  14.5  18.9   1.550   6.0   0.0
   3 1979 255  5300.  14.3  18.4   1.590   5.0   0.0
   3 1979 256 11210.   9.2  16.2   1.080   7.5   0.0
   3 1979 257 11650.   9.7  16.1   1.000   8.0   1.1
   3 1979 258 14490.   6.4  14.6   0.850   6.5   0.6
   3 1979 259 15300.   4.5  16.0   0.970   6.0   0.0
   3 1979 260  8610.  14.0  16.8   1.430   9.0   0.0
   3 1979 261  5320.  15.1  18.2   1.650  10.0   1.9
   3 1979 262  2160.  16.0  17.0   1.800   7.5  13.6
   3 1979 263 10640.  12.6  16.6   1.280   9.5   3.5
   3 1979 264 14090.   6.0  14.2   0.930   6.5   1.7
   3 1979 265 12680.   8.2  13.9   0.910   4.0   0.0
   3 1979 266 11390.   4.8  15.3   1.050   4.0   0.3
   3 1979 267 11500.   6.2  14.8   1.080   4.0   2.5
   3 1979 268 10570.   4.6  16.7   1.220   7.0   0.3
   3 1979 269  2950.  15.1  16.6   1.660   9.0   0.1
   3 1979 270  8500.   6.6  16.5   1.220   5.0   6.3
   3 1979 271 10420.   5.1  15.6   0.980   1.5   0.0
   3 1979 272 13090.   4.2  13.9   1.030   3.0   0.0
   3 1979 273 13880.   9.6  14.7   1.120   4.5   0.0
   3 1979 274 10940.   8.6  15.6   1.140   4.5   0.0
   3 1979 275  9210.   8.6  14.3   1.020   6.5   0.0
   3 1979 276  5420.   8.8  12.5   1.010   6.0   0.3
   3 1979 277  6420.  10.6  19.9   1.500   3.0   3.7
   3 1979 278  2430.   9.9  14.8   1.430   2.5   6.9
   3 1979 279  2890.   9.2  13.8   1.360   3.5   0.0
   3 1979 280  3720.   8.2  16.3   1.350   4.0   0.0
   3 1979 281 10040.   7.4  18.5   1.450   3.0   0.0
   3 1979 282  8770.  13.5  22.0   1.540   4.5   0.0
   3 1979 283  7980.  13.6  22.0   1.660   5.0   0.0
   3 1979 284  2140.  14.0  16.8   1.580   2.5   1.0
   3 1979 285  4490.  11.1  15.7   1.350   1.5   8.5
   3 1979 286  4770.  11.7  15.1   1.440   3.5   4.6
   3 1979 287  5460.   9.0  16.2   1.400   6.0   2.1
   3 1979 288  1230.   8.6  13.2   1.310   3.0  17.7
   3 1979 289  5310.  11.2  14.6   1.220   4.0   1.9
   3 1979 290  6770.   8.2  14.1   1.110   4.0   0.0
   3 1979 291  6160.   8.4  13.5   1.120   9.0   3.0
   3 1979 292  5240.   6.9  15.7   1.390   7.5   0.0
   3 1979 293  7080.   8.6  14.6   1.180   3.0   0.0
   3 1979 294  9330.   6.4  13.0   1.040   4.0   0.0
   3 1979 295  9360.   6.5  10.3   0.770   6.5   0.0
   3 1979 296  8910.   4.9   9.9   0.740   8.5   0.0
   3 1979 297  3020.   4.2   9.0   0.770   7.0   0.0
   3 1979 298  7420.   5.0  10.7   0.730   8.0   0.0
   3 1979 299  8060.   3.1   8.1   0.550   8.0   0.0
   3 1979 300  7160.   0.8   5.9   0.530   5.5   0.0
   3 1979 301  6110.   1.2   5.8   0.620   4.0   0.0
   3 1979 302  2300.   1.2   6.0   0.690   1.5   0.0
   3 1979 303  4080.   2.0  12.3   0.880   3.0   0.0
   3 1979 304  2190.   5.8  13.6   1.130   6.5   5.8
   3 1979 305  5610.   3.4  13.4   0.930   4.0   1.6
   3 1979 306  7350.   1.4  11.7   0.810   3.5   0.4
   3 1979 307  1210.   1.4   9.0   0.930   7.0   2.5
   3 1979 308   720.   0.6  13.2   1.200   9.0  15.6
   3 1979 309  2300.   6.2  10.6   0.990   8.5  12.9
   3 1979 310  3940.   6.1  10.6   0.930  11.5   4.1
   3 1979 311  3490.   5.1  12.4   0.940   6.5  12.7
   3 1979 312  3650.   5.4   9.7   0.960   6.5   1.9
   3 1979 313  3250.   4.8   9.0   0.880   7.5   6.1
   3 1979 314  3330.   3.6   8.0   0.830   6.5   4.1
   3 1979 315  5150.   5.0  10.0   0.940   8.5   0.4
   3 1979 316  1750.   2.2   9.3   0.980   7.5  21.0
   3 1979 317  3990.   0.6   8.4   0.770   3.5   2.1
   3 1979 318  2600.  -0.2   6.0   0.720   6.0   1.9
   3 1979 319  2170.   1.8   6.0   0.750   8.0   2.9
   3 1979 320  2320.  -0.4   4.3   0.680   3.5   0.1
   3 1979 321  1740.   1.0   5.0   0.740   6.5   0.0
   3 1979 322  1270.   3.8   8.4   0.820   6.0  10.8
   3 1979 323  2730.   2.6  10.0   0.940   2.5   0.4
   3 1979 324  3900.   3.8  10.1   0.890   3.0   0.0
   3 1979 325  2100.   2.4   8.9   0.860   2.0   0.2
   3 1979 326  1770.   2.9   8.9   0.900   6.5   0.5
   3 1979 327   870.   6.8   8.6   1.000   8.0   4.7
   3 1979 328  3780.   5.5   8.6   0.810   5.0   0.0
   3 1979 329  1340.   4.2   8.3   0.910  10.0   0.1
   3 1979 330   430.   7.2  12.1   1.020  12.0   3.6
   3 1979 331  2180.   6.0  10.4   0.970   2.5   0.0
   3 1979 332  2460.   9.0  10.9   1.150   8.0   0.0
   3 1979 333  2370.   7.5   9.7   1.030   7.5   0.0
   3 1979 334   880.   8.1  11.5   1.180   9.5   3.4
   3 1979 335  2590.   8.9  11.5   1.110   8.5   0.0
   3 1979 336  1550.   9.5  11.3   1.160  10.5   0.0
   3 1979 337  3010.   8.0  11.6   1.150   8.5   0.0
   3 1979 338  2650.   8.1  11.1   1.120   8.5   0.0
   3 1979 339   480.   5.8  12.4   1.120  11.0   5.0
   3 1979 340  2340.   1.6  10.1   1.010   3.5   0.0
   3 1979 341  1380.   9.3  10.7   1.170   6.5   6.7
   3 1979 342  1920.   8.4  11.4   1.190   6.5   1.6
   3 1979 343   690.   7.7  11.5   1.160  10.0  11.9
   3 1979 344  2230.   7.0  11.5   0.970  11.5   2.0
   3 1979 345  1340.   5.1  10.2   0.950   7.5   2.3
   3 1979 346  2960.  -0.6   5.1   0.640   5.5   0.2
   3 1979 347  1140.   2.3  10.2   0.970   7.0  11.0
   3 1979 348   780.   5.9   8.2   0.890  13.5  13.3
   3 1979 349   870.   5.8   9.5   0.920  13.0  19.9
   3 1979 350  1260.   4.6   8.1   0.840  11.5   1.6
   3 1979 351  1140.   5.8   9.5   0.790  16.5   0.4
   3 1979 352  1080.   1.6   8.0   0.790  10.5   2.2
   3 1979 353  2830.   2.6   6.5   0.680   6.0   2.5
   3 1979 354  1050.   2.2   6.8   0.730   5.5   4.1
   3 1979 355  2700.  -2.5   2.6   0.530   6.0   1.1
   3 1979 356   600.  -2.0   1.4   0.560   8.0   0.0
   3 1979 357   300.   0.8   5.4   0.690   4.0   1.9
   3 1979 358   940.   2.0   5.4   0.750   4.5  14.0
   3 1979 359  1710.  -0.3   7.0   0.690   3.0   0.8
   3 1979 360   920.  -1.2   1.8   0.590   7.0   0.0
   3 1979 361  1080.  -1.2   5.8   0.610  12.0   4.6
   3 1979 362   380.   3.8   6.2   0.780   9.5  16.5
   3 1979 363   600.   1.5   5.1   0.690   5.5  12.7
   3 1979 364   890.   1.6   5.0   0.660   7.5   3.8
   3 1979 365  2360.   1.9   5.6   0.650   9.0   2.7
