*---------------------------------------------------------------------------*
* Station name: De Kooy (Den Helder), Netherlands
* Year: 1977
* Author: Gon van Laar                      -99.000: NIL VALUE
* Source: K.N.M.I. - data invoer: Hennie de Ruiter
*
* Longitude: 4 45 E, latitude: 53 N, altitude: 3 m.
*
* Column  Daily value
* 1       station number
* 2       year
* 3       day
* 4       irradiation                   (kJ m-2 d-1)
* 5       minimum temperature           (degrees Celsius)
* 6       maximum temperature           (degrees Celsius)
* 7       early morning vapour pressure (kPa)
* 8       mean wind speed (height: 2 m) (m s-1)
* 9       precipitation                 (mm d-1)
*
** WCCDESCRIPTION=Netherlands, De Kooy
** WCCFORMAT=2
** WCCYEARNR=1977
*---------------------------------------------------------------------------*
   4.75  53.00     3.  -0.18 -0.55
   3 1977   1  2060.   0.8   8.2   0.780   8.5   3.0
   3 1977   2  2300.   1.6   6.1   0.700   4.5   0.3
   3 1977   3  1020.   3.5   5.7   0.780   6.5   6.2
   3 1977   4  3050.  -1.4   6.2   0.660   2.5   0.0
   3 1977   5  1440.  -1.6   2.6   0.590   6.0   2.9
   3 1977   6  1430.   1.6   6.3   0.780   4.5   3.2
   3 1977   7  2540.   2.6   6.2   0.780   6.0   0.0
   3 1977   8  1450.   3.8   5.2   0.830   5.5   0.2
   3 1977   9   930.   0.3   5.8   0.800   5.0   3.8
   3 1977  10  1920.   0.5   3.1   0.650   3.5   7.9
   3 1977  11  2540.  -2.1   2.8   0.600   2.5   2.7
   3 1977  12  1200.  -4.3  -1.0   0.490   3.5   0.0
   3 1977  13  2170.  -2.4   0.6   0.520   8.0   0.7
   3 1977  14   880.  -0.1   2.4   0.650   9.5   6.2
   3 1977  15  1300.  -0.1   2.2   0.660   3.5   6.4
   3 1977  16  1020.   0.9   3.5   0.690   3.5   7.3
   3 1977  17  3640.  -1.6   5.5   0.660   1.5   0.0
   3 1977  18  1390.  -2.4   0.1   0.560   4.5   0.0
   3 1977  19  1010.  -3.3  -1.6   0.490   4.0   1.4
   3 1977  20  2170.  -2.8  -0.1   0.550   5.0   0.0
   3 1977  21  2350.  -0.8   4.3   0.660   5.5   0.2
   3 1977  22  2650.   2.3   6.8   0.820   5.0   0.3
   3 1977  23   950.   2.4   5.9   0.820   2.5   1.2
   3 1977  24  1600.   3.8   6.4   0.850   2.5   0.0
   3 1977  25   630.   3.4   9.7   1.000   9.5  11.2
   3 1977  26  3320.   4.8   8.1   0.860  13.0   1.1
   3 1977  27  1900.   2.5   6.2   0.790   5.5   2.0
   3 1977  28   930.   2.2   5.9   0.790   9.5   5.3
   3 1977  29  5590.  -1.9   3.6   0.560   5.0   0.0
   3 1977  30  6310.  -2.5   4.0   0.570   2.0   0.2
   3 1977  31  4600.  -1.1   3.2   0.570   5.0   0.0
   3 1977  32  4460.  -2.9   2.2   0.510   4.5   0.0
   3 1977  33  3300.  -1.0   2.1   0.580   6.5   0.0
   3 1977  34  1950.  -1.6   5.5   0.610   9.5   7.7
   3 1977  35  6180.   2.0   7.4   0.770   6.5   0.0
   3 1977  36  5510.   2.5   7.4   0.860   7.0   6.2
   3 1977  37  5990.   2.8   7.2   0.870   6.5   1.2
   3 1977  38  3850.   4.2   8.0   0.920  10.0   9.2
   3 1977  39  3180.   2.1   6.7   0.790   7.5   0.5
   3 1977  40  4470.  -0.6   6.6   0.670   2.5   0.0
   3 1977  41  3830.   2.7  10.7   0.840   8.0   8.4
   3 1977  42  5230.   4.6   7.8   0.870  11.0   2.7
   3 1977  43  3960.   4.1   8.1   0.830   3.0   0.0
   3 1977  44  1890.   2.7   6.9   0.800   2.0   0.3
   3 1977  45  7300.   2.9   7.9   0.810   3.0   0.0
   3 1977  46  1730.   1.9   3.4   0.720   4.0   0.0
   3 1977  47  3310.   2.0   4.0   0.730   4.0   0.2
   3 1977  48  5360.   0.0   7.0   0.780   5.5   7.4
   3 1977  49  6620.   5.2   8.6   0.910  10.0   9.0
   3 1977  50  7590.   5.3   7.7   0.810  10.0   0.2
   3 1977  51  1650.   2.3   8.0   0.790   8.0   4.6
   3 1977  52  4070.   1.9   7.9   0.840   5.5   7.2
   3 1977  53  9220.   4.4  10.3   0.840   5.5   0.0
   3 1977  54  3810.   2.6   8.5   0.860   4.5   2.1
   3 1977  55  5650.   3.0   9.9   0.890   2.5   0.2
   3 1977  56  1780.   2.2   5.8   0.750   5.0   0.7
   3 1977  57  9900.   0.9   4.2   0.500   5.0   0.5
   3 1977  58 10990.  -0.7   4.0   0.530   2.0   0.0
   3 1977  59  3850.  -1.1   4.5   0.550   3.0   0.0
   3 1977  60  5850.   0.4   4.9   0.580   4.5   0.0
   3 1977  61  4930.   3.9   8.8   0.950   6.5   0.7
   3 1977  62  6080.   5.8   9.9   0.970   8.5   1.4
   3 1977  63 10550.   6.6   9.4   0.860  10.5   0.0
   3 1977  64  7710.   5.3   8.6   0.850   8.0   0.0
   3 1977  65 11790.   2.3  11.2   0.790   2.5   0.0
   3 1977  66  8870.   4.5  13.6   0.830   6.5   1.0
   3 1977  67 11380.   3.9   9.8   0.960   7.0   0.8
   3 1977  68 11930.   3.1  16.0   0.990   6.0   0.0
   3 1977  69 12750.   6.1  11.1   0.890   6.5   0.0
   3 1977  70  4330.   3.9  11.0   0.990   6.0   2.7
   3 1977  71 10830.   1.4   9.6   0.870   4.5   0.0
   3 1977  72 11320.   0.4  12.0   0.840   4.0   0.4
   3 1977  73 11480.   4.4  10.0   0.890   9.5   6.4
   3 1977  74 11530.   4.7  10.4   0.910   7.0   0.4
   3 1977  75  3730.   7.7  13.0   1.030   7.0   5.0
   3 1977  76 14840.   6.3  11.5   0.990   7.5   0.0
   3 1977  77  9600.   5.4  11.1   0.930   5.5   2.2
   3 1977  78  7880.   3.6   9.9   0.880   4.5   0.6
   3 1977  79 14170.   3.6   9.5   0.890   4.5   0.4
   3 1977  80  7230.   6.0   8.8   0.810   6.5   0.0
   3 1977  81  2880.   4.6   7.2   0.830   5.0   0.4
   3 1977  82  2590.   4.8   7.6   0.890   5.5   0.3
   3 1977  83  9850.   5.7  12.6   1.020   4.0   0.0
   3 1977  84  6700.   1.7   8.3   0.760   3.0   0.0
   3 1977  85 13160.   1.2   8.5   0.790   3.5   0.0
   3 1977  86  5000.   1.0   5.7   0.720   5.0   6.6
   3 1977  87 10990.   0.5   4.2   0.510  10.0   1.1
   3 1977  88 12440.  -2.2   5.5   0.490   2.5   0.3
   3 1977  89 18940.  -2.8   4.6   0.430   4.5   0.0
   3 1977  90 17170.  -3.7   7.5   0.480   7.5   2.7
   3 1977  91  5330.   4.0   9.0   0.960  11.5   4.1
   3 1977  92  8400.   5.2   8.7   0.760  10.5   0.0
   3 1977  93  8410.   2.6   8.0   0.710   4.5   0.0
   3 1977  94 15740.   3.7   7.8   0.650   6.0   0.3
   3 1977  95  8640.   4.2   8.6   0.860   6.5   0.0
   3 1977  96  9010.   2.2   7.2   0.740   7.5   2.7
   3 1977  97 14920.   0.6   6.4   0.630   6.0   1.4
   3 1977  98 16270.  -0.1   5.3   0.550   6.5   1.8
   3 1977  99 18940.  -0.5   4.8   0.500   4.5   1.1
   3 1977 100 16600.  -3.8   6.2   0.540   3.5   0.6
   3 1977 101 13490.  -0.6   7.9   0.680   5.0   1.0
   3 1977 102  7650.   4.4  10.8   0.930   6.5   0.8
   3 1977 103 17280.   3.8  10.1   0.840   9.0   1.8
   3 1977 104 16400.   4.3   8.2   0.720  10.0   2.2
   3 1977 105 16280.   2.8   8.7   0.650   9.0   2.0
   3 1977 106 18800.   3.0   9.8   0.660   6.5   0.0
   3 1977 107  8840.   2.2   9.6   0.720   5.0   0.0
   3 1977 108 15170.   1.5   7.2   0.510   4.0   0.0
   3 1977 109 17210.  -1.1   8.2   0.570   3.0   0.1
   3 1977 110 17260.  -1.1  10.6   0.780   7.0   0.7
   3 1977 111  9850.   7.7  11.1   1.120   9.0   4.3
   3 1977 112  8780.   8.0  11.5   1.100  12.0   1.5
   3 1977 113 14440.   6.1  11.0   1.050   9.5   6.6
   3 1977 114 16120.   5.8   9.8   0.830   9.5   0.3
   3 1977 115  8630.   3.1  11.1   0.980   6.5   0.0
   3 1977 116 13580.   6.4  15.2   1.100   9.5   3.0
   3 1977 117 20380.   4.2  10.3   0.860   7.5   0.0
   3 1977 118 15590.   2.9  13.9   0.830   5.0   2.8
   3 1977 119 22630.   6.2  12.5   0.950   7.5   1.1
   3 1977 120 23140.   4.6  12.6   0.890   4.5   1.3
   3 1977 121  3730.   5.9  10.1   0.980   4.0  10.2
   3 1977 122 22170.   6.8  14.4   1.020   5.0   0.0
   3 1977 123  8630.   9.8  14.6   1.130   5.0   2.5
   3 1977 124  3740.   8.1  10.3   1.100   5.0   1.6
   3 1977 125  5930.   7.6   9.6   1.050   5.0   3.0
   3 1977 126 23790.   5.0  13.3   0.960   6.0   0.0
   3 1977 127 20030.   3.5  13.2   0.970   4.5   0.0
   3 1977 128 11890.   5.2  11.1   0.980   2.5   1.8
   3 1977 129 16190.   5.9  13.1   1.050   3.5   0.1
   3 1977 130  8310.   8.6  11.9   1.170   6.5   0.3
   3 1977 131 11150.   8.4  14.5   1.210   9.0   0.9
   3 1977 132 13230.   9.2  13.2   1.150   7.5   5.6
   3 1977 133 13960.   6.4  11.6   0.980   4.0   5.8
   3 1977 134 18810.   5.5  11.3   0.710   4.0   0.0
   3 1977 135 27190.   6.1  12.9   0.810   5.5   0.0
   3 1977 136  5670.   8.5  11.7   0.870   8.5   0.3
   3 1977 137 24700.   9.4  13.0   0.950   9.0   0.0
   3 1977 138 26430.   9.8  17.1   1.110   7.0   0.0
   3 1977 139 28170.  10.0  16.5   0.970   7.5   0.0
   3 1977 140 19060.   9.5  13.9   0.850  11.0   0.0
   3 1977 141 27290.   9.2  14.7   0.890   9.0   0.0
   3 1977 142 28210.   8.3  16.1   1.140   4.5   0.0
   3 1977 143 27720.   8.4  16.3   1.120   4.5   0.0
   3 1977 144 28130.  11.9  17.2   1.200   6.5   0.0
   3 1977 145 27630.  12.2  18.6   1.370   6.0   0.0
   3 1977 146 28690.  10.3  18.5   1.020   7.5   0.0
   3 1977 147 28130.  11.0  17.6   1.070   6.5   0.0
   3 1977 148 29060.   7.2  17.1   1.100   2.5   0.0
   3 1977 149 21270.   5.4  14.6   0.960   5.5   0.0
   3 1977 150 18910.   7.7  12.4   0.860   6.5   0.0
   3 1977 151 29100.   8.7  14.3   0.860   6.0   0.0
   3 1977 152 20410.   8.2  13.2   0.960   5.5   0.0
   3 1977 153 18490.  10.2  14.7   1.040   5.5   0.0
   3 1977 154 19980.  10.4  14.5   1.160   7.0   1.3
   3 1977 155 12890.   5.4  14.8   1.100   3.5   0.0
   3 1977 156  8700.   4.2  13.1   1.050   7.0   2.9
   3 1977 157  9290.   7.5  14.0   1.010   6.0   9.2
   3 1977 158 17830.   6.5  14.6   1.080   7.5   0.7
   3 1977 159 28860.   7.3  15.7   1.010   6.0   0.5
   3 1977 160  7760.  10.9  18.0   1.390   3.5   2.3
   3 1977 161 13980.   9.0  18.4   1.370   5.0   3.6
   3 1977 162 23150.   8.7  18.0   1.210   4.0   3.0
   3 1977 163 25470.   9.1  19.9   1.410   4.0   0.0
   3 1977 164 25900.  14.8  27.0   1.810   4.5   0.0
   3 1977 165 22690.  12.7  19.8   1.580   4.5   0.0
   3 1977 166 24560.  12.4  22.0   1.560   6.0   0.0
   3 1977 167 12390.  11.3  15.1   1.240   7.0   1.5
   3 1977 168  5650.  11.2  13.1   1.220   4.0   0.0
   3 1977 169  5510.  10.8  13.9   1.310   3.5   0.1
   3 1977 170  4210.  10.6  12.6   1.250   6.0   0.0
   3 1977 171  9850.  10.0  12.8   1.050   5.0   0.0
   3 1977 172  9640.  11.8  14.8   1.260   4.0   0.0
   3 1977 173 26740.  10.4  15.7   1.150   4.5   0.0
   3 1977 174  7370.  10.3  14.4   1.170   2.5   0.0
   3 1977 175 17820.   8.6  15.6   1.150   2.5   0.0
   3 1977 176 11780.   8.1  15.4   1.280   5.0   0.5
   3 1977 177 12260.   9.8  15.5   1.220   3.5   0.9
   3 1977 178 19360.   9.7  16.9   1.210   6.5   0.8
   3 1977 179 11100.   9.8  16.6   1.310   5.5   1.4
   3 1977 180 21800.   8.1  16.8   1.220   3.0   1.1
   3 1977 181 24650.   6.6  18.6   1.280   5.5   0.0
   3 1977 182  4870.  13.2  14.6   1.460   8.0   1.1
   3 1977 183 22550.   9.9  20.9   1.500   1.5   0.0
   3 1977 184 23580.  10.7  22.6   1.720   2.0   0.0
   3 1977 185 28020.  15.5  21.5   1.640   4.5   0.0
   3 1977 186 24890.  15.8  20.1   1.640   5.0   0.0
   3 1977 187 28030.  15.6  23.9   1.790   4.5   0.0
   3 1977 188 24560.  15.9  20.7   1.730   5.5   0.0
   3 1977 189 12690.  16.4  19.5   1.720   5.0   0.1
   3 1977 190 23510.  15.5  20.6   1.730   6.0   0.0
   3 1977 191 25690.  14.4  18.9   1.530   5.0   0.0
   3 1977 192  8800.  13.7  17.3   1.410   3.0   0.0
   3 1977 193  7990.  13.4  17.9   1.410   3.0   0.0
   3 1977 194 11640.  13.0  17.7   1.250   5.0   0.0
   3 1977 195 19750.  11.6  16.2   1.120   7.5   0.4
   3 1977 196 21290.  10.2  17.4   0.970   6.0   0.0
   3 1977 197 22030.   9.0  19.3   1.230   5.5   0.0
   3 1977 198 22560.  13.4  19.3   1.350   6.5   0.3
   3 1977 199 14680.  13.0  18.2   1.490   9.0  12.6
   3 1977 200 15150.  13.7  17.9   1.420   8.5   0.6
   3 1977 201 20710.  13.7  17.6   1.350   7.5   0.7
   3 1977 202 20900.  10.4  17.5   1.260   4.5   0.0
   3 1977 203 19020.  11.3  19.7   1.510   5.0   0.0
   3 1977 204 10010.  15.9  19.8   1.810   7.0   0.0
   3 1977 205 12400.  12.2  18.1   1.430  10.5   3.2
   3 1977 206 23150.  10.6  17.3   1.320   4.5   2.2
   3 1977 207 13520.  12.3  16.2   1.310   8.0   3.3
   3 1977 208 14100.  11.4  17.0   1.320   4.5   0.1
   3 1977 209 15400.   9.1  17.4   1.290   4.0   0.0
   3 1977 210  9130.  13.8  16.4   1.260   7.0   0.8
   3 1977 211 23370.  13.6  19.8   1.530   6.5   0.0
   3 1977 212 14910.  13.0  17.4   1.250   7.0   0.2
   3 1977 213 15910.  13.2  17.6   1.200   4.5   0.0
   3 1977 214 24960.  11.8  19.4   1.380   2.5   0.0
   3 1977 215 18450.   9.7  21.4   1.530   3.0   0.0
   3 1977 216 23040.  11.9  22.2   1.490   3.0   0.0
   3 1977 217 15980.  12.2  20.6   1.560   7.0   0.1
   3 1977 218  3430.  13.2  16.7   1.460   4.5   2.7
   3 1977 219 10080.  14.1  18.7   1.740   2.5   5.0
   3 1977 220 12850.  13.6  18.4   1.700   3.5   4.4
   3 1977 221  6290.  13.6  17.2   1.570   5.0   1.1
   3 1977 222  8300.  13.7  17.3   1.570   5.5   2.3
   3 1977 223 17970.  12.2  18.6   1.470   4.5   0.0
   3 1977 224  7600.  14.4  19.0   1.750   5.5   0.3
   3 1977 225 16870.  16.4  20.1   1.780   6.0   0.0
   3 1977 226 18680.  16.3  20.5   1.860   4.5   0.0
   3 1977 227 12260.  15.3  21.3   1.740   4.5   0.0
   3 1977 228 18820.  14.8  20.8   1.510   6.0   0.0
   3 1977 229  3090.  14.2  17.3   1.500   7.0   9.8
   3 1977 230  2550.  13.1  15.4   1.530   4.5  10.4
   3 1977 231 11690.  13.0  20.6   1.590   3.5   1.9
   3 1977 232 10400.  13.7  19.4   1.560   3.0  11.0
   3 1977 233  8250.  13.7  17.7   1.540   5.0   0.1
   3 1977 234  7380.  14.0  16.7   1.450   8.0   0.8
   3 1977 235  7720.   9.8  17.6   1.420   3.5   0.0
   3 1977 236 15560.   7.8  19.8   1.450   2.5   0.9
   3 1977 237 15240.  14.1  20.3   1.650   8.0   7.3
   3 1977 238 17660.  11.1  19.0   1.560   5.5   0.0
   3 1977 239 16500.   9.2  21.7   1.520   2.5   0.0
   3 1977 240 14600.   7.5  16.9   1.170   4.0   0.0
   3 1977 241 19870.   5.6  18.1   1.200   2.5   0.0
   3 1977 242 18200.   5.7  21.1   1.420   3.5   0.0
   3 1977 243  9640.  14.9  20.1   1.680   3.5   0.0
   3 1977 244 15730.   9.4  19.4   1.540   3.5   0.0
   3 1977 245 11110.  12.4  20.6   1.650   6.5   2.4
   3 1977 246 17210.   8.8  17.7   1.320   3.5   0.7
   3 1977 247 18480.   5.8  18.7   1.160   3.5   0.0
   3 1977 248  4320.  10.3  16.7   1.550   6.0   0.3
   3 1977 249  6350.  14.8  19.4   1.800   9.5   0.0
   3 1977 250  8020.  10.4  16.8   1.230   2.0   0.0
   3 1977 251  5520.   8.2  16.0   1.110   2.0   0.2
   3 1977 252 15590.   8.3  15.7   1.030   5.5   2.5
   3 1977 253  2120.  10.9  17.5   1.410   9.5   1.4
   3 1977 254 16770.  15.8  20.2   1.790   9.0   0.0
   3 1977 255 14570.  11.4  16.6   1.260   7.5   0.2
   3 1977 256 16800.   6.6  15.8   0.950   3.5   0.0
   3 1977 257 14470.   6.5  18.5   1.300   7.0   0.0
   3 1977 258  5800.  10.5  16.8   1.350   6.0   0.1
   3 1977 259  8690.  10.1  14.7   0.960   7.0   0.4
   3 1977 260 16060.   9.8  15.5   1.010   5.0   1.1
   3 1977 261 15880.   8.3  14.7   0.960   2.5   0.1
   3 1977 262 13980.   4.5  15.1   0.980   1.5   0.0
   3 1977 263  5430.   7.6  14.9   1.170   3.0   0.0
   3 1977 264  6930.  10.0  15.8   1.110   1.5   0.0
   3 1977 265  4340.  10.0  15.3   1.310   1.0   0.0
   3 1977 266  6150.  11.3  16.5   1.430   2.0   0.0
   3 1977 267 12530.  10.2  16.5   1.270   6.0   0.1
   3 1977 268  7960.   9.0  17.1   1.190   6.5   0.0
   3 1977 269  5200.  10.0  18.9   1.450   2.5   0.0
   3 1977 270  9240.   6.4  19.8   1.410   3.0   0.0
   3 1977 271  4230.  11.6  19.2   1.430   8.5   0.1
   3 1977 272  8600.  13.7  18.0   1.330   9.5   0.0
   3 1977 273  4480.  13.9  17.1   1.460  12.5   6.4
   3 1977 274  7870.   9.4  14.3   0.990  14.0   5.7
   3 1977 275  7280.   8.3  12.9   1.010  10.5  10.2
   3 1977 276 10240.   9.2  15.1   1.040   7.0   2.7
   3 1977 277  3340.  12.4  15.5   1.470  10.5   4.1
   3 1977 278  9700.  10.8  15.5   1.170   6.0   0.0
   3 1977 279  3970.  11.1  16.8   1.530   4.5   4.5
   3 1977 280  6780.  13.4  17.9   1.590   3.0   0.0
   3 1977 281  6400.  11.5  17.2   1.420   5.0   3.3
   3 1977 282  8200.  11.0  17.2   1.380   6.5   0.0
   3 1977 283  7460.  10.0  15.3   1.270   6.0   3.6
   3 1977 284  9960.   6.1  15.7   1.000   3.0   0.0
   3 1977 285  6740.   5.9  15.6   1.240   6.5   0.1
   3 1977 286 10980.   5.9  16.5   1.150   2.0   0.0
   3 1977 287  6290.   5.9  12.7   1.200   3.0   0.1
   3 1977 288  6580.   8.1  11.7   1.140   5.0   0.0
   3 1977 289  4700.   6.4  10.2   1.120   3.0   0.2
   3 1977 290  3930.   7.3  10.2   1.130   3.5   0.3
   3 1977 291  6910.   6.3  13.8   1.110   4.5   0.0
   3 1977 292  7930.   6.8  18.1   1.310   4.0   0.0
   3 1977 293  6030.  10.4  18.4   1.420   3.5   0.0
   3 1977 294  3540.   9.1  17.7   1.430   4.5   0.0
   3 1977 295  3020.  11.5  16.9   1.600   3.5   6.9
   3 1977 296  6710.   9.4  16.2   1.470   5.5   5.5
   3 1977 297  8430.   9.3  13.9   1.320   6.5   0.0
   3 1977 298  5630.   6.4  15.7   1.320   3.0   0.2
   3 1977 299  3550.   7.3  15.1   1.260   3.5   0.0
   3 1977 300  1050.   9.0  11.4   1.240   4.0   0.1
   3 1977 301  3080.   7.6  13.9   1.200   4.0   0.0
   3 1977 302  2780.   9.4  14.6   1.370   4.0   0.0
   3 1977 303  4030.   6.1  12.2   1.110   6.5   0.0
   3 1977 304  1460.   9.8  14.8   1.240  10.0   8.9
   3 1977 305  6520.   8.2  12.3   0.950   7.5   3.8
   3 1977 306  1030.   7.0  12.5   1.110   9.5  17.3
   3 1977 307  5470.  10.5  14.5   1.050  10.0   0.3
   3 1977 308  5390.   9.6  12.3   0.790  10.5   0.0
   3 1977 309  1180.   9.5  12.6   1.130   8.5   1.8
   3 1977 310  4740.   9.2  13.7   1.140   8.0  13.1
   3 1977 311  3310.  10.6  12.8   1.160  10.0   0.0
   3 1977 312  2650.  11.3  12.9   1.120   9.5   6.0
   3 1977 313  1140.  11.2  14.3   1.280   7.5   7.1
   3 1977 314  5140.  12.4  15.7   1.400   9.0   0.1
   3 1977 315  3230.  12.4  14.5   1.370  12.0   1.6
   3 1977 316  3180.   4.9  14.2   0.810  15.5   4.9
   3 1977 317  3310.   5.2   9.8   0.750  11.0   3.3
   3 1977 318   570.   5.7  11.3   0.950  15.5  15.0
   3 1977 319  2950.   4.4   8.9   0.790  14.0  11.0
   3 1977 320  2300.   3.2   9.1   0.790   7.5   4.1
   3 1977 321  1600.   3.5   7.3   0.790   4.5  11.2
   3 1977 322  3310.   3.7   8.8   0.740   6.5   4.4
   3 1977 323  1530.   4.8   9.0   0.860  11.0   1.8
   3 1977 324   840.   2.8   9.1   0.860  10.0  18.2
   3 1977 325  1430.   2.6   4.7   0.740   4.5   3.6
   3 1977 326  2940.   3.7   7.9   0.760   8.5   2.3
   3 1977 327  1700.   4.9   8.7   0.930   8.5  13.6
   3 1977 328  2200.   4.9   8.0   0.820  14.0   2.9
   3 1977 329  2070.   4.3   8.0   0.680  10.0   1.2
   3 1977 330  3300.   3.1   6.5   0.680   5.5   1.2
   3 1977 331  4000.   1.1   4.1   0.520   5.0   0.0
   3 1977 332  3880.  -2.9   6.0   0.520   1.5   0.0
   3 1977 333  1500.   1.3   7.3   0.790   2.0   0.9
   3 1977 334  2650.   2.9   8.7   0.870   1.5   1.2
   3 1977 335   970.   0.4   6.2   0.710   5.0   0.2
   3 1977 336  1640.  -2.2   4.7   0.660   1.0   0.0
   3 1977 337  4050.  -3.0   4.0   0.600   4.5   0.0
   3 1977 338  3720.   0.0   3.2   0.620   7.5   0.0
   3 1977 339  4840.  -2.8   1.2   0.520   5.5   0.0
   3 1977 340  1680.  -3.8  -0.6   0.470   8.0   0.0
   3 1977 341   390.  -1.5   5.4   0.610   7.5   2.7
   3 1977 342  1400.   2.7   9.1   0.900   7.0   2.0
   3 1977 343  2720.   1.4   6.8   0.810   4.0   0.0
   3 1977 344  1530.   3.2   6.1   0.850   7.0   0.0
   3 1977 345   410.   5.6   9.5   1.020   7.0   7.7
   3 1977 346  1670.   6.5   8.8   1.030   7.0   0.0
   3 1977 347  1940.   4.9   8.4   1.010   4.5   0.0
   3 1977 348   890.   5.5   9.0   1.040   4.5   0.2
   3 1977 349  2940.   2.6   9.7   0.940   2.5   0.2
   3 1977 350  1400.   0.8   7.0   0.870   3.0   0.0
   3 1977 351   400.   2.0   6.8   0.870   4.0   0.0
   3 1977 352  1060.   1.5   8.5   0.870   5.0   2.0
   3 1977 353   780.   5.9   8.4   0.990   2.0   0.0
   3 1977 354   940.   1.8   6.3   0.850   2.5   0.0
   3 1977 355  2850.   0.0   3.3   0.640   6.5   0.0
   3 1977 356   780.   3.2   8.7   0.940   6.5   1.5
   3 1977 357   620.   6.6  11.3   1.100  10.0   0.4
   3 1977 358  2270.   8.6  12.0   1.070  14.5   0.1
   3 1977 359  3110.   6.0   9.8   0.960   7.0   0.4
   3 1977 360  1990.   6.8   9.3   0.970   7.0   1.0
   3 1977 361  1030.   4.7   6.8   0.830   8.0  10.3
   3 1977 362  1420.   5.3   7.1   0.800   9.0   3.6
   3 1977 363   900.   3.0   7.3   0.800   8.5   1.7
   3 1977 364  2440.   2.4   7.5   0.700  14.0   4.6
   3 1977 365  2630.   4.6   7.2   0.690   9.5   0.2
