*---------------------------------------------------------------------------*
* Station name: De Kooy (Den Helder), Netherlands
* Year: 1983
* Author: Gon van Laar                      -99.000: NIL VALUE
* Source: K.N.M.I. - data invoer: Hennie de Ruiter
*
* Longitude: 4 45 E, latitude: 53 N, altitude: 3 m.
*
* Column  Daily value
* 1       station number
* 2       year
* 3       day
* 4       irradiation                   (kJ m-2 d-1)
* 5       minimum temperature           (degrees Celsius)
* 6       maximum temperature           (degrees Celsius)
* 7       early morning vapour pressure (kPa)
* 8       mean wind speed (height: 2 m) (m s-1)
* 9       precipitation                 (mm d-1)
*
** WCCDESCRIPTION=Netherlands, De Kooy
** WCCFORMAT=2
** WCCYEARNR=1983
*---------------------------------------------------------------------------*
   4.75  53.00     3.  -0.18 -0.55
   3 1983   1   830.   3.8   6.9   0.810   9.5   2.7
   3 1983   2  3250.   1.4   7.1   0.740   5.0   0.0
   3 1983   3   270.   3.4   9.1   1.010   9.5  10.0
   3 1983   4   820.   4.1  10.0   0.900  12.5  12.3
   3 1983   5  1630.   3.1  10.4   1.020   9.0   3.1
   3 1983   6  1850.   5.0  10.4   0.940  11.5   4.4
   3 1983   7  2800.   5.3   7.8   0.740  10.0   0.5
   3 1983   8  3280.   4.5   7.5   0.730   7.5   0.0
   3 1983   9  1850.   5.6   8.9   0.840   9.5   0.5
   3 1983  10  2070.   5.5   8.9   0.910   7.5   0.1
   3 1983  11  1920.   6.6   8.5   0.960   7.5   0.0
   3 1983  12  1260.   5.5   7.1   0.850   9.5   0.0
   3 1983  13   730.   2.1   7.1   0.700  11.0   2.6
   3 1983  14   510.   0.5   6.9   0.690  11.5  10.5
   3 1983  15  1520.   3.5   8.6   0.840  11.5   5.7
   3 1983  16  3110.   7.1   8.4   0.880  10.5   0.0
   3 1983  17   960.   6.6   8.0   0.870  11.0   0.0
   3 1983  18  3780.   0.7   8.4   0.600  16.0   2.2
   3 1983  19  2980.   1.5   5.4   0.600  11.0   1.6
   3 1983  20  2060.   3.0   5.6   0.660   8.0   0.0
   3 1983  21  2290.   5.1   7.4   0.820  11.0   0.0
   3 1983  22  1080.   4.3   6.6   0.730   5.5   0.0
   3 1983  23  4090.  -1.0   4.9   0.640   3.5   0.0
   3 1983  24  3930.  -1.5   5.9   0.650   5.5   3.4
   3 1983  25  1300.   5.4   7.2   0.950   6.5   2.5
   3 1983  26  4860.   5.1   7.8   0.960   7.5   0.0
   3 1983  27  2600.   7.5   9.8   0.970  10.5   0.0
   3 1983  28   740.   7.1   8.6   0.950  10.0   7.0
   3 1983  29  4820.   5.8   8.9   0.780  11.0   0.0
   3 1983  30  2040.   0.3   6.7   0.680  11.0   1.9
   3 1983  31  2400.   1.2   9.3   0.700  10.0   5.0
   3 1983  32  4180.   3.3   9.2   0.730  17.0   2.3
   3 1983  33  4520.   1.5   5.9   0.620  11.0   2.0
   3 1983  34  5380.   0.5   4.7   0.610   8.0   1.5
   3 1983  35  6440.  -0.4   5.1   0.600   5.0   0.0
   3 1983  36  3400.   0.0   5.4   0.640  11.0   5.2
   3 1983  37  3170.   0.6   4.3   0.660   4.5   2.3
   3 1983  38  4780.   0.4   2.6   0.590   8.0   0.8
   3 1983  39  3720.  -1.4   1.4   0.520  10.0   2.4
   3 1983  40  4460.  -2.0   0.0   0.510   7.5   0.3
   3 1983  41  4220.  -5.2  -1.8   0.440   2.5   0.0
   3 1983  42  4010.  -6.0   1.8   0.510   3.5   0.0
   3 1983  43  4510.  -1.8   0.5   0.500   6.5   1.6
   3 1983  44  8210.  -5.3  -0.7   0.400   5.0   0.0
   3 1983  45  7810.  -3.4   0.1   0.460   7.5   0.0
   3 1983  46  3500.  -1.5   0.6   0.510   8.0   0.0
   3 1983  47  8690.  -3.4  -0.5   0.430   7.5   0.0
   3 1983  48  8790.  -1.6   1.9   0.520   5.5   0.0
   3 1983  49  7060.  -2.7   2.1   0.510   2.0   0.0
   3 1983  50  2560.   0.9   2.9   0.520   2.0   0.0
   3 1983  51  2870.   0.0   4.1   0.580   3.0   0.0
   3 1983  52  9050.  -1.8   2.3   0.460   4.5   0.0
   3 1983  53  9940.  -3.2   1.1   0.410   5.5   0.0
   3 1983  54 10080.  -3.7   3.8   0.380   7.0   0.0
   3 1983  55  9630.  -3.3   5.3   0.460   4.0   0.0
   3 1983  56  4880.   1.5   5.4   0.620   4.5   2.9
   3 1983  57  2040.   1.4   5.1   0.780   3.5   0.7
   3 1983  58  2030.   3.7   5.4   0.810   7.0   5.9
   3 1983  59  8280.   2.0   6.2   0.710   7.5   0.0
   3 1983  60  2630.   1.8   4.8   0.710   3.5   0.0
   3 1983  61  6120.  -0.2   6.9   0.660   2.0   0.0
   3 1983  62 10130.   0.6   8.0   0.650   4.0   0.0
   3 1983  63  7620.  -0.3   6.8   0.710   3.5   0.2
   3 1983  64  9230.   1.5   7.3   0.780   7.5   0.0
   3 1983  65  8110.   4.8   7.6   0.840   8.0   0.5
   3 1983  66  6140.   4.1   7.7   0.830   5.5   0.0
   3 1983  67 11240.   2.2   8.3   0.800   6.0   0.0
   3 1983  68 10540.   3.4   7.3   0.800   6.0   0.0
   3 1983  69 10360.   4.4   8.2   0.870   7.0   0.0
   3 1983  70 12330.   0.2   7.4   0.640   5.0   0.0
   3 1983  71 13130.  -1.0   8.1   0.530   4.5   0.0
   3 1983  72 11600.   0.4  11.5   0.620   5.5   0.0
   3 1983  73  6230.   4.6  11.5   0.930   8.5   0.7
   3 1983  74 11890.  -0.7   9.4   0.760   3.0   0.0
   3 1983  75 13840.  -1.0  10.1   0.770   5.0   1.5
   3 1983  76  3180.   5.9   8.3   0.970   7.5   5.4
   3 1983  77  6880.   5.8   9.2   1.000   5.5   0.4
   3 1983  78  3590.   5.1   7.7   0.960   5.5   9.0
   3 1983  79  5210.   4.7   8.6   0.920   6.5   8.8
   3 1983  80  4530.   0.6   7.0   0.720  10.5   4.0
   3 1983  81  6310.   1.0   6.6   0.650  14.0   1.1
   3 1983  82  4380.   3.9   8.7   0.860   9.5  12.0
   3 1983  83  8890.   2.3   6.6   0.720  10.0   1.2
   3 1983  84  8330.   1.9   5.4   0.680   9.0   9.8
   3 1983  85 14270.   2.4   6.2   0.680   7.5   1.0
   3 1983  86  4160.   1.8   4.5   0.660   6.5   8.1
   3 1983  87 14270.   1.8   6.8   0.650   4.5   0.0
   3 1983  88 13230.   1.5   7.3   0.740   6.5   2.6
   3 1983  89 12760.   2.0   7.5   0.780   7.5   2.2
   3 1983  90 12140.   1.9   8.1   0.810   5.5   0.4
   3 1983  91 10940.   5.2   8.3   0.870   9.5   0.4
   3 1983  92 11010.   3.4   7.0   0.770   9.5   0.0
   3 1983  93 15240.  -0.4   6.6   0.640   6.0   0.0
   3 1983  94  7260.  -0.6   6.1   0.670   6.0   1.2
   3 1983  95 13050.   2.0   7.8   0.750   6.0   2.6
   3 1983  96 15650.   3.0   7.2   0.760   7.0   6.3
   3 1983  97 15460.   1.7   7.8   0.780   6.5   0.1
   3 1983  98  8240.   2.8   7.7   0.780   4.5   5.9
   3 1983  99 18760.   1.6   9.0   0.790   3.0   0.0
   3 1983 100  5350.   2.7  10.5   0.950   5.0   5.7
   3 1983 101  7710.   4.9   9.9   0.890   6.5   2.8
   3 1983 102 12670.   4.0   6.7   0.710   9.5   1.6
   3 1983 103 18460.   3.8   7.9   0.770   5.5   0.0
   3 1983 104 13620.   5.4   8.2   0.890   6.0   0.7
   3 1983 105 20690.   3.6   9.7   0.880   4.5   0.0
   3 1983 106 18440.   3.0  14.0   0.930   5.0   0.0
   3 1983 107  4620.   8.8  13.9   1.110   5.0   2.1
   3 1983 108  8950.   8.5  17.5   1.200   3.0   0.1
   3 1983 109  6300.   6.1  10.8   0.910   7.0   2.1
   3 1983 110 13870.   3.6  13.4   0.840   6.0   0.0
   3 1983 111  5410.   6.1  12.3   0.950   4.5   5.4
   3 1983 112 16040.   3.0  12.7   0.910   4.5   0.0
   3 1983 113 12510.   7.4  14.8   1.060   4.5   3.3
   3 1983 114 21530.   4.7  12.5   0.960   3.5   0.0
   3 1983 115  8340.   8.5  14.9   1.070   5.0   0.4
   3 1983 116 18910.   6.1  15.2   1.190   4.0   0.0
   3 1983 117  2410.   7.1  11.0   1.070   8.0   9.6
   3 1983 118 20660.   5.0  11.4   0.950   7.5   0.0
   3 1983 119 16700.   4.9  11.5   1.040   4.5   3.2
   3 1983 120 20590.   4.3  13.7   1.100   4.0   0.0
   3 1983 121  5160.   8.4  12.8   1.120   6.0  10.8
   3 1983 122 21480.   7.3  11.1   0.950   9.0   4.7
   3 1983 123  3790.   6.4   8.1   0.970   8.0   8.8
   3 1983 124 16870.   6.2  10.0   0.910   4.5   0.0
   3 1983 125 23140.   6.3  12.0   0.930   4.0   0.0
   3 1983 126 11040.   8.2  15.5   1.160   7.0   1.0
   3 1983 127 10690.   9.3  15.0   1.250   2.0   8.6
   3 1983 128 10080.   8.5  12.3   1.160   4.5   0.4
   3 1983 129 12920.   8.2  13.7   1.110   6.5   1.6
   3 1983 130 21050.   5.4  13.2   0.830   6.5   0.0
   3 1983 131  9380.   5.0  10.9   0.980   5.5   7.2
   3 1983 132  8620.   5.5  12.3   1.020   9.0   4.5
   3 1983 133 22640.   7.5  14.9   1.110   7.0   0.6
   3 1983 134 21500.   7.6  14.0   1.130   5.0   0.0
   3 1983 135 12410.   5.3  15.5   1.190   5.0   2.9
   3 1983 136  8510.   5.8  13.9   1.150   4.5   6.1
   3 1983 137 20720.   8.6  14.5   1.190   4.0   1.6
   3 1983 138 19410.   7.1  14.8   1.100   4.0   0.0
   3 1983 139 20910.   8.1  13.6   1.100   5.5   0.0
   3 1983 140 17060.   7.9  14.4   1.090   4.0   6.6
   3 1983 141  2860.   8.3  10.0   1.080   6.0   9.5
   3 1983 142 17970.   6.2  13.1   1.050   5.0   0.2
   3 1983 143 24470.   4.7  14.1   1.040   4.5   0.0
   3 1983 144  5510.   8.6  10.7   1.090   7.5   4.7
   3 1983 145  6270.   8.6  10.8   1.060   9.0   2.1
   3 1983 146  9270.   9.0  10.5   0.990  10.0   0.0
   3 1983 147 11640.   6.8  11.2   0.990   7.0   0.0
   3 1983 148  6680.   7.1  12.4   1.040   4.0   6.5
   3 1983 149 10130.   7.1  11.3   1.050   2.5   3.5
   3 1983 150 13320.   7.5  14.0   1.070   2.0   0.0
   3 1983 151 20210.  10.1  21.3   1.290   3.0   0.0
   3 1983 152 23640.  13.8  22.3   1.520   5.5  10.4
   3 1983 153 22010.  11.4  15.4   1.360   7.0   1.0
   3 1983 154 24120.  10.8  16.5   1.340   3.5   0.0
   3 1983 155 18440.  11.4  19.4   1.460   4.5   0.2
   3 1983 156 22770.   9.8  17.2   1.230   4.5   0.0
   3 1983 157 27390.   9.4  17.8   1.150   7.0   0.0
   3 1983 158 28430.  11.3  21.9   1.230   6.0   0.0
   3 1983 159 16820.  13.0  23.0   1.570   4.5   1.1
   3 1983 160 24410.  12.3  16.1   1.430   6.0   0.0
   3 1983 161 23820.  10.7  15.1   1.190   4.0   0.0
   3 1983 162 21090.  11.1  16.3   1.340   7.0   0.0
   3 1983 163 13740.  11.8  15.4   1.370   5.0   0.0
   3 1983 164 27140.   9.5  16.3   1.200   3.5   0.0
   3 1983 165 22210.   9.1  14.7   1.110   8.0   3.5
   3 1983 166 21560.   9.1  13.5   1.030   6.5   0.5
   3 1983 167 17820.   7.3  13.6   0.930   5.0   0.1
   3 1983 168 30200.   7.2  14.8   0.940   5.0   0.0
   3 1983 169 28860.  10.7  17.1   1.240   6.5   0.0
   3 1983 170 24570.  10.8  18.4   1.320   6.0   0.0
   3 1983 171 28920.  13.8  21.7   1.590   4.5   0.0
   3 1983 172 28400.  16.1  21.4   1.760   5.0   0.0
   3 1983 173 27110.  17.4  26.8   1.950   4.0   0.0
   3 1983 174 25870.  16.4  24.6   1.980   3.5  15.0
   3 1983 175 21030.  14.4  19.3   1.730   4.5   0.0
   3 1983 176 27370.  12.6  17.0   1.290   4.0   0.0
   3 1983 177 21750.  10.2  19.7   1.240   3.0   0.0
   3 1983 178 21190.  11.4  17.1   1.240   5.5   0.0
   3 1983 179 20670.  11.9  16.2   1.170   6.0   0.0
   3 1983 180  7010.  13.3  16.6   1.550   7.0   9.4
   3 1983 181 24630.  11.1  17.6   1.240   2.5   0.0
   3 1983 182 22130.  10.9  16.1   1.180   4.0   0.1
   3 1983 183  9510.   8.3  16.8   1.390   5.0   1.3
   3 1983 184 24590.   6.6  17.8   1.350   3.0   0.0
   3 1983 185 26880.   9.3  20.0   1.450   2.5   0.0
   3 1983 186 26120.  15.9  23.8   1.910   4.0   0.0
   3 1983 187 19720.  18.2  25.4   2.000   4.0   0.0
   3 1983 188 18470.  16.4  23.6   1.970   2.5   0.0
   3 1983 189 23400.  15.3  23.8   1.950   2.0   0.0
   3 1983 190 16530.  15.3  20.3   1.840   3.5   0.0
   3 1983 191 22020.  17.1  24.3   2.010   4.0   0.0
   3 1983 192 26520.  18.8  27.2   2.130   3.5   0.0
   3 1983 193 25580.  15.3  22.5   1.910   4.0   0.0
   3 1983 194  9710.  13.8  17.6   1.480   4.5   0.0
   3 1983 195 27290.  12.8  17.6   1.380   3.0   0.0
   3 1983 196 25040.  13.6  22.7   1.830   5.5   0.0
   3 1983 197 23990.  14.7  20.6   1.760   4.0   0.0
   3 1983 198 21570.  16.5  27.3   1.810   6.5   0.0
   3 1983 199 10640.  13.2  18.8   1.800   5.0   0.0
   3 1983 200 11260.  12.4  18.1   1.450   4.5   0.0
   3 1983 201 23700.  11.6  16.6   1.050   5.0   0.0
   3 1983 202 25800.  11.4  18.0   1.190   2.5   0.0
   3 1983 203 26300.  12.1  21.5   1.610   5.0   0.0
   3 1983 204 21190.  15.2  24.6   1.730   5.0   0.0
   3 1983 205 11250.  12.9  21.5   1.760   1.0   0.0
   3 1983 206 23850.  11.2  23.2   1.830   3.0   0.0
   3 1983 207  6780.  15.2  24.1   2.040   3.0   3.4
   3 1983 208 14410.  14.8  20.0   1.880   3.5   0.0
   3 1983 209 15770.  14.8  19.4   1.580   4.0   0.0
   3 1983 210 20620.  15.8  20.2   1.760   5.5   0.3
   3 1983 211 22510.  16.4  19.4   1.590   4.0   0.0
   3 1983 212 19010.  15.6  26.2   1.940   3.5   0.0
   3 1983 213  4760.  14.5  21.7   1.650   6.0   5.9
   3 1983 214 21740.  11.4  17.2   1.190   5.0   0.0
   3 1983 215 18780.  11.7  18.4   1.230   3.5   0.0
   3 1983 216 15240.  14.2  19.3   1.490   6.0   0.2
   3 1983 217 15790.  13.5  18.8   1.360   6.5   0.5
   3 1983 218  9990.  14.1  17.2   1.420   6.5   0.0
   3 1983 219 22320.  15.7  20.2   1.740   3.0   0.0
   3 1983 220 20790.  15.2  23.2   1.890   4.5   0.0
   3 1983 221 20350.  16.8  21.2   1.930   6.5   0.0
   3 1983 222 14750.  15.2  18.9   1.700   7.0   0.0
   3 1983 223 23900.  14.0  18.9   1.510   4.0   0.0
   3 1983 224 11240.  14.3  18.6   1.470   5.5   0.0
   3 1983 225 14240.  13.3  17.8   1.300   5.5   0.1
   3 1983 226 15260.  11.7  18.6   1.440   2.0   1.3
   3 1983 227 22680.  11.9  22.1   1.560   5.5   0.0
   3 1983 228 20580.  16.3  20.7   1.770   6.5   0.0
   3 1983 229  5410.  12.1  18.1   1.730   4.0   1.5
   3 1983 230 22160.   9.9  20.8   1.540   3.5   0.0
   3 1983 231 20850.  15.2  23.2   1.910   5.5   0.0
   3 1983 232 19430.  16.7  24.2   1.940   4.0   0.1
   3 1983 233 15350.  16.5  23.8   1.880   2.0   7.9
   3 1983 234 20670.  13.6  22.2   1.730   1.5   0.0
   3 1983 235 18840.  11.8  21.7   1.740   2.5   0.0
   3 1983 236 13300.  16.6  20.5   1.680   5.5   0.0
   3 1983 237 11830.  16.9  20.6   1.860   6.5   0.0
   3 1983 238 21140.  16.3  20.0   1.440   6.0   0.0
   3 1983 239  5920.  12.4  18.7   1.480   2.5   0.0
   3 1983 240  5670.  11.7  17.2   1.310   5.0   0.0
   3 1983 241 15160.  14.2  17.9   1.210   4.5   0.0
   3 1983 242 18910.   9.5  19.1   1.410   3.5   0.0
   3 1983 243 17590.  13.8  23.0   1.720   2.5   0.0
   3 1983 244  4170.  15.9  20.0   1.720   3.5   4.0
   3 1983 245 12060.  14.0  20.7   1.550   7.0   3.0
   3 1983 246  2720.  14.2  16.7   1.470  13.5  25.1
   3 1983 247  9540.  14.0  17.7   1.430  10.5   3.1
   3 1983 248  7110.  13.1  16.4   1.130  11.5   0.0
   3 1983 249 14450.  10.3  15.9   0.970   9.0   1.5
   3 1983 250 11400.   8.9  15.1   0.970   6.5   1.6
   3 1983 251 11100.   9.7  18.4   1.200   4.5   0.2
   3 1983 252  9040.  13.9  17.7   1.520   6.5   0.0
   3 1983 253  8480.  11.0  18.2   1.370   6.5   4.7
   3 1983 254  3700.   9.4  13.8   1.220   4.5  32.4
   3 1983 255  9010.  11.4  15.8   1.280   7.5  13.9
   3 1983 256  5210.   9.8  14.5   1.180   7.0   2.7
   3 1983 257  9460.  10.9  17.7   1.570   7.0  10.8
   3 1983 258  9470.  13.2  17.8   1.540   8.5  12.8
   3 1983 259  4260.  11.3  14.7   1.360   9.0  40.9
   3 1983 260 10350.  11.4  16.2   1.310   5.5   4.0
   3 1983 261  2460.  11.2  14.9   1.390   9.0  14.1
   3 1983 262 14610.  11.7  16.4   1.270   8.5   1.3
   3 1983 263 13150.  11.3  15.9   1.170   6.5   0.4
   3 1983 264  9640.  10.7  17.7   1.320   4.5   6.8
   3 1983 265 13450.   8.7  15.3   1.100   4.5   0.3
   3 1983 266 13730.   8.5  17.9   1.180   3.0   0.0
   3 1983 267 10640.  10.9  18.8   1.450   5.5   0.1
   3 1983 268 13450.   8.0  14.8   1.050   2.5   0.0
   3 1983 269 12480.   8.7  18.2   1.370   4.0   0.0
   3 1983 270  5550.  11.7  17.6   1.590   1.5   0.0
   3 1983 271  4730.  13.4  15.3   1.470   5.0   0.0
   3 1983 272 11140.  11.9  19.7   1.540   2.5   0.0
   3 1983 273 10840.   9.6  15.1   1.240   8.0   0.0
   3 1983 274 10330.   7.1  14.1   1.060   6.0   0.6
   3 1983 275  5030.  13.2  16.9   1.620   4.0   0.7
   3 1983 276  1810.  14.9  16.7   1.750   5.5   9.9
   3 1983 277 10970.  13.6  23.1   1.690   6.0   0.0
   3 1983 278  9850.  14.1  16.7   1.320  10.5   0.0
   3 1983 279  8660.  13.0  16.1   1.270   8.0   0.0
   3 1983 280  2960.  10.0  16.4   1.320   8.0   6.9
   3 1983 281  4090.   9.6  14.0   1.110  10.5  10.1
   3 1983 282  5830.   9.3  14.7   1.110   5.0   1.2
   3 1983 283  2000.  12.0  15.2   1.330   9.0  14.4
   3 1983 284  8130.   8.6  13.5   0.980  11.0   5.0
   3 1983 285  3890.  10.5  14.8   1.170   9.0   1.3
   3 1983 286  9660.   8.5  17.0   1.200   7.5   0.9
   3 1983 287  7250.   8.4  14.8   1.100   8.0   9.8
   3 1983 288  5840.   8.3  14.2   1.180   9.5   7.1
   3 1983 289  6340.   9.2  13.1   1.010  13.0   8.6
   3 1983 290  4900.   9.7  12.1   0.990  11.0   2.9
   3 1983 291  3690.   9.1  15.1   1.300   8.0   1.7
   3 1983 292  7070.  10.1  14.6   0.980   9.5   0.5
   3 1983 293  6080.   6.9  12.3   0.860   5.5   0.0
   3 1983 294  6890.   6.6  11.3   0.790   2.0   0.3
   3 1983 295  3680.   2.1  11.3   0.790   1.0   0.0
   3 1983 296  9100.   0.0  11.6   0.760   2.5   0.0
   3 1983 297  6620.   4.3  11.1   0.860   2.5   0.0
   3 1983 298  3800.   2.6  12.1   0.910   6.0   2.4
   3 1983 299  3910.  11.1  12.9   1.260   5.0   0.0
   3 1983 300  4300.  10.5  14.2   1.230   5.0   0.0
   3 1983 301  6870.   5.3  11.8   0.850   5.5   3.3
   3 1983 302  7030.   0.9   9.7   0.720   3.0   0.4
   3 1983 303  5020.   0.7  11.6   0.830   7.5   0.0
   3 1983 304  5350.   7.7  12.2   0.910   6.5   0.0
   3 1983 305  3680.  10.0  13.4   1.230   7.0   0.0
   3 1983 306  2530.   9.8  13.1   1.290   2.0   0.0
   3 1983 307  4350.   4.8  11.9   1.110   2.5   0.0
   3 1983 308  3090.   3.7  12.6   1.140   2.0   0.0
   3 1983 309  2650.   5.9  12.5   1.140   1.0   0.0
   3 1983 310  2270.   8.5  12.2   1.200   2.0   0.0
   3 1983 311  5120.   4.5  13.2   1.080   3.0   0.0
   3 1983 312  4910.   4.6  14.1   1.040   2.5   0.0
   3 1983 313  4230.   5.8  14.4   1.110   1.0   0.0
   3 1983 314  4410.   7.5  10.9   1.070   3.0   0.0
   3 1983 315  1670.   4.4   9.2   0.920   7.5   0.0
   3 1983 316  5150.   1.9   5.7   0.650   5.0   0.0
   3 1983 317  5480.  -0.6   4.1   0.510   8.0   0.0
   3 1983 318  5860.  -4.4   2.8   0.410   4.5   0.0
   3 1983 319  3200.   1.9   9.5   0.830   7.0   2.7
   3 1983 320  2830.   6.3   9.6   0.910   5.0   0.8
   3 1983 321  4580.  -0.1   7.9   0.750   4.0   0.0
   3 1983 322  2250.  -3.7   8.6   0.800   2.5   1.3
   3 1983 323  2010.   4.9   8.6   0.830   4.5   0.0
   3 1983 324  1150.   4.9   9.1   0.810   7.0   0.9
   3 1983 325  3950.   1.4   6.0   0.640   6.5   2.2
   3 1983 326  2080.   1.8   6.6   0.660   4.5   0.3
   3 1983 327  1610.   0.3   8.3   0.760   4.5   0.0
   3 1983 328  4130.  -1.8   3.5   0.600   4.5   0.3
   3 1983 329   700.   3.4  11.9   1.190   9.0   9.4
   3 1983 330   880.   9.8  12.1   1.250   9.0   4.6
   3 1983 331   500.   8.1  13.5   1.110  11.0  34.8
   3 1983 332   990.   6.7   9.0   0.910   5.5   3.7
   3 1983 333  2640.   3.8   8.8   0.740   6.5   0.7
   3 1983 334  2820.  -0.1   7.0   0.610   6.0   1.4
   3 1983 335  4380.  -3.1   0.8   0.460   2.5   0.0
   3 1983 336  3270.  -3.4  -0.3   0.460   3.5   0.0
   3 1983 337  3440.  -3.5   2.2   0.490   3.0   0.0
   3 1983 338  3210.  -1.4   8.3   0.750   4.5   0.0
   3 1983 339  2960.   6.7   9.3   0.950   5.0   2.7
   3 1983 340  2980.   4.4   7.4   0.700   4.5   1.3
   3 1983 341  1690.   2.6   6.6   0.660   2.5   0.2
   3 1983 342   300.   4.7   7.9   0.880   8.5  15.7
   3 1983 343   570.   5.5   7.3   0.900   9.0  10.4
   3 1983 344  2120.   0.1   6.5   0.610   5.5   2.8
   3 1983 345  4050.  -2.0   3.9   0.520   1.5   0.3
   3 1983 346  1250.  -1.9  -0.7   0.490   3.5   0.0
   3 1983 347  2730.  -2.7   5.3   0.570   3.5   0.0
   3 1983 348  3290.  -2.3   0.5   0.510   7.0   0.0
   3 1983 349  2680.  -1.2   3.4   0.560   6.0   0.0
   3 1983 350   910.  -2.4   1.2   0.510   5.0   0.0
   3 1983 351  1420.  -3.6   3.5   0.550   4.0   0.9
   3 1983 352  2380.   0.9   3.9   0.660   3.5   0.0
   3 1983 353  1530.   1.9   6.3   0.770   4.0   0.7
   3 1983 354  1230.   5.2   8.4   0.880   7.5   2.0
   3 1983 355  2760.   5.2   7.7   0.850   7.0   0.8
   3 1983 356  1240.   6.1   8.4   0.930   8.5   4.6
   3 1983 357   880.   2.5   9.1   0.910   6.0   2.6
   3 1983 358   320.   1.6  10.4   0.930   6.0   2.2
   3 1983 359  1390.   8.4   9.7   1.060   7.5   1.5
   3 1983 360  1400.   3.3   8.8   0.820   8.0   1.3
   3 1983 361   260.   3.5   9.8   0.980   8.5   2.0
   3 1983 362  1920.   8.1   9.7   1.050   8.0   0.1
   3 1983 363   700.   5.0   8.6   0.990   5.5   0.0
   3 1983 364  2940.   4.2   9.1   0.750   7.5   0.1
   3 1983 365  1390.   5.9   8.2   0.810  10.5   1.0
