*---------------------------------------------------------------------------*
* Station name: De Kooy (Den Helder), Netherlands
* Year: 1984
* Author: Gon van Laar                      -99.000: NIL VALUE
* Source: K.N.M.I. - data invoer: Hennie de Ruiter
*
* Longitude: 4 45 E, latitude: 53 N, altitude: 3 m.
*
* Column  Daily value
* 1       station number
* 2       year
* 3       day
* 4       irradiation                   (kJ m-2 d-1)
* 5       minimum temperature           (degrees Celsius)
* 6       maximum temperature           (degrees Celsius)
* 7       early morning vapour pressure (kPa)
* 8       mean wind speed (height: 2 m) (m s-1)
* 9       precipitation                 (mm d-1)
*
** WCCDESCRIPTION=Netherlands, De Kooy
** WCCFORMAT=2
** WCCYEARNR=1984
*---------------------------------------------------------------------------*
   4.75  53.00     3.  -0.18 -0.55
   3 1984   1   590.   7.8   9.5   0.950  11.5   7.0
   3 1984   2  2390.   6.2   9.4   0.850  11.5   9.1
   3 1984   3  2900.   3.0   9.4   0.650  15.5   4.5
   3 1984   4  1500.   1.1   7.2   0.650  10.0   3.8
   3 1984   5  1390.   3.0   7.1   0.730   7.5   4.5
   3 1984   6  1710.   5.4   7.0   0.830   5.5   0.0
   3 1984   7  2890.   3.4   7.7   0.750  11.5   5.1
   3 1984   8  2790.   3.0   7.0   0.650  10.0   1.3
   3 1984   9  2590.   1.2   5.2   0.630   3.5   0.5
   3 1984  10  1500.   0.5   6.8   0.760   7.5   0.4
   3 1984  11   410.   6.6   8.0   0.970  12.0  15.5
   3 1984  12  3300.   4.0   7.3   0.680  10.0   0.0
   3 1984  13  1040.   3.7  10.4   0.750  16.0   5.5
   3 1984  14  2050.   3.7   9.2   0.650  15.0   3.0
   3 1984  15  1980.   1.6   4.8   0.550  12.0   0.6
   3 1984  16  1790.   3.5   9.5   0.740  12.0  10.1
   3 1984  17   960.   3.0   8.2   0.620  16.5   0.9
   3 1984  18  3310.   3.3   5.3   0.610   9.5   1.1
   3 1984  19  4850.   0.8   5.5   0.620   4.5   0.7
   3 1984  20  4440.  -1.8   4.5   0.540   4.0   0.2
   3 1984  21  1640.  -1.8   1.5   0.520   6.5   0.0
   3 1984  22  1690.  -3.2  -1.6   0.430  10.0   4.9
   3 1984  23  1620.  -4.2  -1.1   0.450   7.5   3.3
   3 1984  24   840.  -2.2   3.0   0.560   6.0   1.1
   3 1984  25  3730.  -1.5   2.7   0.530   4.5   0.1
   3 1984  26  1470.  -2.2   1.4   0.530   8.0   1.6
   3 1984  27  2010.   0.8   3.1   0.620   5.5   0.0
   3 1984  28  1040.   1.7   4.5   0.690   3.5   1.2
   3 1984  29  1030.   2.1   4.9   0.750   6.0   3.0
   3 1984  30  4480.   1.0   6.3   0.730   7.0   1.9
   3 1984  31  3730.   0.0   5.5   0.700   8.5   1.6
   3 1984  32  1750.  -0.9   3.3   0.630   6.5   2.5
   3 1984  33  1920.   3.1   6.2   0.820   7.5   3.6
   3 1984  34  1310.   4.8   8.1   0.810  10.0   4.6
   3 1984  35  2490.   4.1   8.2   0.850   8.5   0.9
   3 1984  36  6190.   3.5   8.2   0.740   9.5   7.0
   3 1984  37  2570.   4.9   7.8   0.810  10.5  10.1
   3 1984  38  4400.   1.7   6.0   0.630  14.0   0.0
   3 1984  39  4380.   0.1   6.0   0.680  10.0   7.0
   3 1984  40  7940.   3.5   6.6   0.700   7.0   0.4
   3 1984  41  4460.   0.6   6.6   0.790   4.0   0.0
   3 1984  42  5220.   4.2   8.0   0.820   3.5   0.0
   3 1984  43  7550.   0.0   4.5   0.600   5.5   0.0
   3 1984  44  8980.  -1.1   4.7   0.490   3.5   0.0
   3 1984  45  3370.  -2.5   1.2   0.520   3.5   0.0
   3 1984  46  2260.  -2.4   0.3   0.510   3.0   0.0
   3 1984  47  7620.  -3.4   2.3   0.490   2.5   0.0
   3 1984  48  4160.  -4.8  -0.5   0.470   2.5   0.0
   3 1984  49  8290.  -4.3   1.3   0.450   6.0   0.0
   3 1984  50  8350.  -4.3   1.0   0.410   9.0   0.0
   3 1984  51  7220.  -3.6  -0.3   0.430   7.0   0.0
   3 1984  52  5980.  -0.8   6.7   0.670   7.5   2.3
   3 1984  53  4170.   0.4   3.6   0.650   4.0   1.4
   3 1984  54  4130.   0.2   2.0   0.580   7.0   0.1
   3 1984  55  7540.   0.5   2.6   0.530   5.0   0.0
   3 1984  56  4690.   0.1   1.6   0.520   9.5   0.0
   3 1984  57  1260.   0.3   1.6   0.620   6.5   0.4
   3 1984  58  1090.   1.0   2.1   0.640   7.0   0.0
   3 1984  59  2150.  -0.2   2.3   0.620   4.5   0.0
   3 1984  60  3940.  -1.5   1.6   0.580   2.0   0.0
   3 1984  61  2720.  -0.2   5.5   0.750   3.5   0.9
   3 1984  62  5030.   0.3   5.8   0.690   8.0  10.7
   3 1984  63  5060.   1.3   5.0   0.640   4.5   0.7
   3 1984  64  6660.   1.9   6.1   0.700   3.0   0.0
   3 1984  65  4490.   4.3   8.5   0.870   2.5   0.5
   3 1984  66  5830.   4.4   6.8   0.840   4.0   0.0
   3 1984  67 10250.   2.5   7.7   0.700   5.0   0.1
   3 1984  68 14540.   1.1   6.1   0.540   6.0   0.0
   3 1984  69 13880.   1.0   5.2   0.550   2.5   1.5
   3 1984  70  3740.   3.4   6.3   0.800   4.0   4.9
   3 1984  71  4500.   2.6   5.1   0.680   3.0   1.7
   3 1984  72 13260.   1.1   7.4   0.660   5.5   0.0
   3 1984  73  7970.   1.8   5.4   0.600   6.5   0.0
   3 1984  74 12310.   1.3   6.9   0.620   5.5   0.0
   3 1984  75 12670.   1.5   5.1   0.610   7.5   0.0
   3 1984  76  9050.   1.0   5.2   0.550   8.5   0.0
   3 1984  77 10980.   1.0   5.2   0.520   8.5   0.0
   3 1984  78 13430.   0.6   5.3   0.500   7.5   0.0
   3 1984  79 13450.  -0.9   5.2   0.480   6.0   0.0
   3 1984  80 14440.  -1.5   5.1   0.490   4.0   0.0
   3 1984  81 14470.  -1.3   5.5   0.510   4.0   0.0
   3 1984  82 14110.  -1.0   5.6   0.530   3.5   0.0
   3 1984  83 13190.  -0.3   5.9   0.570   3.5   0.0
   3 1984  84  3290.   2.2  10.9   0.620   8.5   3.3
   3 1984  85 11510.   1.4  10.2   0.730   6.0   2.4
   3 1984  86  4970.   5.8   9.5   0.840   6.5   1.4
   3 1984  87 14020.   5.0  10.1   0.830   7.5   8.2
   3 1984  88  9050.   4.5   8.5   0.830   6.5  11.8
   3 1984  89  5800.   2.9   6.8   0.710   5.0   3.4
   3 1984  90 15070.   1.9   7.3   0.660   3.0   4.9
   3 1984  91 12940.   1.6   6.4   0.580   4.0   1.1
   3 1984  92 15930.   1.5   5.3   0.540   9.0   0.5
   3 1984  93 13160.   1.9   6.5   0.510   8.0   0.0
   3 1984  94  7110.   0.9   4.3   0.570   5.0   0.3
   3 1984  95  4590.   2.5   5.0   0.630   2.5   0.0
   3 1984  96  1870.   3.3   5.5   0.750   4.5   4.7
   3 1984  97  8920.   2.2   8.3   0.680   4.5   0.0
   3 1984  98  7280.   3.4   7.1   0.760   2.5   6.1
   3 1984  99  4780.   2.7   6.4   0.720   4.0   0.0
   3 1984 100 11020.   3.3   8.0   0.770   4.5   0.7
   3 1984 101 14300.   2.2   8.3   0.720   2.0   0.0
   3 1984 102 12280.  -0.9   8.6   0.780   4.5   3.1
   3 1984 103 23230.   0.7   9.0   0.710   3.0   0.0
   3 1984 104 20560.   0.7  10.3   0.610   3.5   0.0
   3 1984 105 20680.   2.1  14.2   0.720   3.5   0.0
   3 1984 106 15260.   3.9  13.0   0.770   6.0   0.0
   3 1984 107 20800.   2.1   9.4   0.730   4.5   0.0
   3 1984 108 23060.  -0.2   9.6   0.700   3.0   0.0
   3 1984 109 23200.  -1.0  12.7   0.610   2.5   0.0
   3 1984 110 16310.   3.2  14.4   0.680   3.0   0.0
   3 1984 111 17580.   4.1  14.2   0.730   3.0   0.0
   3 1984 112 20780.   4.4  18.0   0.810   3.0   0.0
   3 1984 113 16790.   7.1  14.7   0.910   5.5   0.0
   3 1984 114 25460.   6.9  12.1   0.850   7.0   0.0
   3 1984 115 24450.   8.4  16.0   1.030   6.0   0.0
   3 1984 116 24280.   8.8  15.6   0.990   4.5   0.0
   3 1984 117 24740.   4.3  13.6   0.990   5.5   0.0
   3 1984 118 26310.   7.5  13.2   0.580   6.0   0.0
   3 1984 119 25780.   6.0  13.2   0.850   6.5   0.0
   3 1984 120 24910.   6.0  14.3   0.660   6.0   0.0
   3 1984 121 23210.   8.5  14.4   0.990   6.0   0.0
   3 1984 122 11660.   7.7  11.9   1.060   6.5   0.2
   3 1984 123 23490.   7.5  12.6   0.990   4.0   0.0
   3 1984 124 16190.   7.2  13.0   1.040   3.5   1.3
   3 1984 125 13010.   9.4  13.5   1.210   4.0   2.2
   3 1984 126  9920.   8.8  11.7   1.120   6.0   0.0
   3 1984 127 11700.   6.2  10.5   0.820   9.0   0.0
   3 1984 128 15580.   4.8  10.8   0.680   7.5   0.2
   3 1984 129 24850.   4.2  11.3   0.710   7.0   0.5
   3 1984 130 11810.   4.6   9.5   0.790   5.0   1.8
   3 1984 131 13390.   5.2   9.3   0.800   5.0   2.0
   3 1984 132 20210.   6.9  10.5   0.750  10.5   0.0
   3 1984 133 29070.   6.5  11.1   0.640  11.0   0.0
   3 1984 134 28670.   7.9  12.0   0.760   9.5   0.0
   3 1984 135 24420.   8.6  14.2   0.910   7.0   0.0
   3 1984 136 17000.  10.3  14.8   1.150   5.0   1.6
   3 1984 137 14780.   8.7  13.1   1.180   4.5   0.0
   3 1984 138  5710.   8.3  10.6   1.100   3.0   6.0
   3 1984 139 15550.   5.1  12.4   1.000   3.0   0.0
   3 1984 140 11760.   8.1  11.1   0.950   4.5   0.0
   3 1984 141  6280.   6.6  14.0   1.080   5.0   6.3
   3 1984 142  4050.   6.4  12.9   1.190   5.5  32.4
   3 1984 143  8500.   9.7  14.9   1.180   4.5   0.5
   3 1984 144  4660.   8.8  11.4   1.150   4.5  15.6
   3 1984 145 19440.   8.5  14.1   1.200   4.5   0.1
   3 1984 146  6840.   8.0  10.6   1.090   3.5   0.0
   3 1984 147  6200.   8.5  11.4   1.060   2.0   0.0
   3 1984 148  7050.  10.5  14.0   1.260   3.5  14.5
   3 1984 149  8570.   9.1  13.0   1.210   4.5   0.3
   3 1984 150  5700.   9.0  11.9   1.200   6.0   1.9
   3 1984 151 18720.  10.4  16.6   1.330   5.0   0.0
   3 1984 152 26170.   8.7  19.1   1.200   3.0   0.0
   3 1984 153 17450.   7.5  17.9   1.250   2.5   5.1
   3 1984 154 25360.   7.1  14.8   1.180   5.0   3.9
   3 1984 155  9640.  10.7  18.5   1.370   6.0   6.4
   3 1984 156 10950.   9.5  12.9   1.200   6.0  11.3
   3 1984 157 17930.   8.1  14.3   1.150   4.0   0.0
   3 1984 158 18870.   6.2  14.7   1.210   5.0   1.4
   3 1984 159  7320.  10.2  14.8   1.360   5.0   3.1
   3 1984 160 10710.  10.6  13.2   1.140   6.0   0.0
   3 1984 161 21760.   9.5  13.4   1.110   6.0   0.0
   3 1984 162 21730.   9.1  14.6   1.050   3.0   0.0
   3 1984 163 28960.   8.6  14.4   0.970   3.0   0.0
   3 1984 164 27540.   6.4  16.3   1.160   4.5   0.0
   3 1984 165 10220.  11.5  15.4   1.380   7.5   0.2
   3 1984 166 16080.  10.6  14.9   1.300   6.0   6.9
   3 1984 167 26510.   8.6  14.7   1.140   5.5   0.0
   3 1984 168 15500.  10.1  14.8   1.120   3.0   0.0
   3 1984 169 22270.  11.7  17.8   1.270   2.5   0.0
   3 1984 170 27490.  12.5  19.8   1.450   3.5   0.0
   3 1984 171 28020.  10.0  21.6   1.530   2.0   0.0
   3 1984 172 26420.  11.5  23.2   1.710   2.0   0.0
   3 1984 173 23550.   9.6  17.8   1.320   5.5   0.0
   3 1984 174  8290.  11.0  15.2   1.250   8.5   0.8
   3 1984 175 22000.  10.0  14.3   0.980   9.0   0.3
   3 1984 176 21040.   9.2  14.4   0.930   8.0   0.4
   3 1984 177 12100.  11.4  15.3   1.230   8.0   4.0
   3 1984 178 24890.  11.2  16.2   1.240   6.5   0.0
   3 1984 179 14110.   9.1  16.1   1.350   5.5   0.0
   3 1984 180 20520.   9.9  14.6   1.000   6.5   0.6
   3 1984 181 18920.   8.9  15.0   1.030   6.5   3.3
   3 1984 182 23060.   9.4  14.5   0.980   6.5   0.5
   3 1984 183 23050.  10.1  15.5   1.050   3.0   0.0
   3 1984 184 11180.  10.8  15.9   1.180   5.5   1.2
   3 1984 185 14840.  10.1  14.4   1.160   7.5   1.0
   3 1984 186 16290.  11.0  14.5   1.160   5.5   0.1
   3 1984 187  8570.  11.1  13.6   1.170   5.0   0.0
   3 1984 188 17070.  10.2  15.7   1.150   2.0   0.0
   3 1984 189 23410.   8.3  22.3   1.420   3.0   0.0
   3 1984 190 27710.  15.5  26.7   1.630   4.5   0.0
   3 1984 191 23990.  15.4  25.5   1.600   3.5  10.2
   3 1984 192 16910.  14.0  23.4   1.700   3.5   3.1
   3 1984 193 12490.  14.1  19.9   1.670   4.0   5.2
   3 1984 194 26380.  13.9  19.4   1.500   7.5   0.0
   3 1984 195 17500.  13.7  17.5   1.490   7.0   0.7
   3 1984 196  9660.  10.3  16.4   1.420   3.5   1.0
   3 1984 197  7250.   9.3  15.8   1.310   3.0   4.0
   3 1984 198 14630.  12.8  16.5   1.310   7.0   0.1
   3 1984 199 11400.  12.8  16.3   1.240   6.0   0.0
   3 1984 200  8260.  13.3  16.7   1.510   4.5   0.3
   3 1984 201 12140.  12.8  16.5   1.270   5.0   0.4
   3 1984 202 12250.  12.7  16.4   1.380   4.0   0.3
   3 1984 203  7900.  11.1  15.3   1.210   4.0   0.0
   3 1984 204 21220.   9.8  17.9   1.180   3.5   0.1
   3 1984 205 21440.  10.0  18.7   1.180   2.5   0.0
   3 1984 206 17190.   9.8  17.8   1.210   2.5   0.0
   3 1984 207  7020.   8.9  16.1   1.300   3.0   0.0
   3 1984 208 15150.  12.9  17.7   1.330   6.5   2.0
   3 1984 209 13830.  13.1  18.4   1.340   6.5   0.0
   3 1984 210  8890.  13.7  18.5   1.600   5.0   0.9
   3 1984 211 25700.  11.5  21.2   1.570   4.0   0.0
   3 1984 212 20330.  15.5  29.9   1.650   5.5   0.3
   3 1984 213 12680.  15.9  25.0   1.840   6.0   4.1
   3 1984 214 21180.  12.0  20.1   1.590   2.5   0.0
   3 1984 215  6110.  13.4  18.8   1.690   3.5   1.3
   3 1984 216 17680.  14.7  20.1   1.680   4.0   9.2
   3 1984 217 21180.  12.2  21.2   1.610   3.5   0.0
   3 1984 218 17080.  14.2  18.9   1.620   4.5   0.5
   3 1984 219 21940.  12.4  17.5   1.300   6.0   0.0
   3 1984 220 13090.  13.5  20.0   1.410   4.5   0.2
   3 1984 221 20990.  15.5  21.6   1.620   5.5   0.0
   3 1984 222 20570.  14.8  19.8   1.530   5.5   0.0
   3 1984 223 17110.  12.6  18.0   1.300   5.5   0.0
   3 1984 224 23100.  11.2  18.4   1.440   3.5   0.0
   3 1984 225 23000.  14.4  21.0   1.740   4.5   0.0
   3 1984 226 18650.  16.4  21.0   1.730   4.5   0.0
   3 1984 227 22180.  13.9  20.1   1.600   3.0   0.0
   3 1984 228  6730.  10.5  17.7   1.560   1.5   0.6
   3 1984 229 20560.  13.0  19.7   1.560   3.0   0.0
   3 1984 230 17970.  10.3  19.5   1.390   2.0   0.0
   3 1984 231 16560.  10.0  21.1   1.560   3.0   0.0
   3 1984 232 19810.  15.1  22.5   1.700   3.5   0.0
   3 1984 233 18740.  15.6  22.5   1.920   5.5   0.0
   3 1984 234 21910.  16.7  23.0   1.970   6.5   0.0
   3 1984 235 20340.  17.5  27.5   1.860   5.0   0.0
   3 1984 236 15900.  16.2  26.3   2.010   3.0   0.0
   3 1984 237 17180.  19.3  24.7   2.030   5.5   0.0
   3 1984 238 16170.  17.2  23.6   1.960   5.0   0.0
   3 1984 239 12580.  12.8  19.9   1.590   3.5   0.0
   3 1984 240 13120.  12.2  19.5   1.640   3.5   0.0
   3 1984 241 17550.   9.8  21.1   1.670   4.5   0.0
   3 1984 242 11700.  15.0  19.6   1.620   6.5   0.0
   3 1984 243 11600.  14.1  20.4   1.830   8.0   0.0
   3 1984 244 14760.  16.9  21.4   1.860   9.5   0.0
   3 1984 245 11360.  15.0  20.3   1.750   8.0   0.0
   3 1984 246 17870.  13.0  21.8   1.710   5.0   0.0
   3 1984 247 12520.  17.5  20.6   1.860   8.5   0.1
   3 1984 248  8130.  12.0  20.0   1.450  10.0   7.1
   3 1984 249 11260.  11.5  15.4   1.030   6.0   1.8
   3 1984 250 15850.  11.6  16.9   1.040   6.0   0.2
   3 1984 251  2220.  11.9  14.7   1.260   7.0  23.4
   3 1984 252  9220.   9.2  15.7   1.270   4.0   0.6
   3 1984 253  7900.  11.7  16.8   1.300   9.5   8.8
   3 1984 254  9980.  12.1  16.9   1.250  11.0  11.0
   3 1984 255  5240.  11.6  15.6   1.240   8.0   5.4
   3 1984 256  9600.  10.6  15.9   1.110   5.0   0.4
   3 1984 257 14330.   8.3  18.6   1.440   3.0   0.0
   3 1984 258  7340.  15.2  18.9   1.690   3.5   2.7
   3 1984 259  2810.  14.9  16.0   1.630   5.5   0.2
   3 1984 260 13510.  13.1  17.8   1.490   5.0   0.0
   3 1984 261  7560.  11.3  17.5   1.470   4.0  10.3
   3 1984 262  6580.  11.1  17.5   1.450   2.5   0.1
   3 1984 263  7600.  12.6  16.5   1.220   9.0   0.0
   3 1984 264  2820.  11.8  15.4   1.290   7.0  17.9
   3 1984 265  8340.  10.0  15.3   1.050   7.5   1.7
   3 1984 266  3100.   8.0  13.2   1.120   6.5  18.7
   3 1984 267 11460.   6.3  15.6   1.100   4.0   0.4
   3 1984 268 10780.   4.1  14.5   1.030   2.5   2.5
   3 1984 269  2670.   8.1  12.9   1.130   7.5  15.2
   3 1984 270 10010.   8.9  16.0   1.170   5.5   7.8
   3 1984 271 11410.   9.9  16.5   1.240   3.0   0.0
   3 1984 272  8520.  11.0  16.5   1.320   4.0   0.0
   3 1984 273  5350.  11.2  16.5   1.470   4.5   7.0
   3 1984 274  3150.   7.8  14.9   1.260   6.0   3.1
   3 1984 275  1950.   7.8  13.7   1.290   5.0   1.1
   3 1984 276  5210.   8.1  15.0   1.200   5.0   8.6
   3 1984 277 10520.   6.2  14.9   1.070   4.0   2.1
   3 1984 278 11990.   6.2  15.3   1.100   5.0   0.0
   3 1984 279  3350.   9.2  12.9   1.200   6.5   1.6
   3 1984 280  8500.   8.9  14.0   1.100   8.0   6.8
   3 1984 281  4830.  10.0  13.3   1.070   8.5   0.6
   3 1984 282  2650.  10.3  16.0   1.390   6.5   0.1
   3 1984 283  7750.   7.3  15.7   1.330   5.5   1.4
   3 1984 284  2740.   5.4  14.0   1.310   3.0   0.7
   3 1984 285  8850.  10.2  15.4   1.220   6.0   0.0
   3 1984 286  9020.   7.0  14.6   1.150   4.0   0.0
   3 1984 287  4730.   9.7  15.5   1.380   6.5   0.0
   3 1984 288  5680.  13.4  15.4   1.460   5.5   0.0
   3 1984 289  3770.  12.9  16.3   1.550   3.0   0.0
   3 1984 290  4180.  10.5  15.4   1.430   3.5   0.0
   3 1984 291  2490.  10.0  14.5   1.330   6.5   0.0
   3 1984 292  1790.  10.2  14.3   1.220  11.0   4.2
   3 1984 293  4760.  10.3  14.1   1.230   9.0   6.4
   3 1984 294  5370.   8.5  13.2   0.940  15.0   1.8
   3 1984 295  5520.  10.0  13.0   0.940   9.0   0.0
   3 1984 296  1040.  10.1  15.2   1.410  11.0  13.2
   3 1984 297  3860.   9.4  15.0   1.180   7.5   0.8
   3 1984 298  6140.   8.8  13.9   1.010   6.0   1.2
   3 1984 299  4510.  11.1  14.5   1.250  10.5   5.2
   3 1984 300  6560.   9.5  12.3   0.930   7.5   0.3
   3 1984 301  7790.   2.7  12.4   0.790   3.5   0.4
   3 1984 302  3260.   2.9  11.6   0.950   5.0   0.6
   3 1984 303  1820.  11.6  14.4   1.460   7.0   1.0
   3 1984 304  6960.   9.8  17.1   1.380   5.0   0.0
   3 1984 305  5790.   8.6  15.8   1.270   3.0   0.0
   3 1984 306  6490.   8.3  16.6   1.250   5.0   0.0
   3 1984 307  6680.   8.3  15.9   1.130   4.5   0.0
   3 1984 308  3690.   6.6  12.8   0.960   7.5   2.2
   3 1984 309  3250.   6.0  10.8   0.920   9.0   2.2
   3 1984 310  1760.   6.2  10.3   0.970   3.0   1.0
   3 1984 311  1210.   6.6  10.6   1.080   4.0   2.7
   3 1984 312  2660.   6.2  10.4   1.080   2.5   0.0
   3 1984 313  2800.   8.1  12.2   1.070   5.0   0.1
   3 1984 314  2750.   8.2  12.8   1.030   5.5   0.0
   3 1984 315  2690.   8.1  13.0   1.140   3.5   0.0
   3 1984 316  3740.   8.6  10.6   1.100   2.5   2.8
   3 1984 317  4930.   6.1  12.2   0.980   4.5   0.0
   3 1984 318  3350.   3.9  10.1   0.950   3.0   0.0
   3 1984 319  4010.   4.5   8.7   0.840   4.5   0.0
   3 1984 320  2960.   1.5   4.5   0.620   6.0   1.2
   3 1984 321  1890.   0.6   3.5   0.610   8.5   4.7
   3 1984 322  1050.  -0.3   1.4   0.560   7.5   4.9
   3 1984 323   910.   1.2   5.5   0.770   4.0   0.7
   3 1984 324  3690.   3.6   8.4   0.860   4.0   1.0
   3 1984 325  2010.   5.3  10.1   0.880   4.0   0.7
   3 1984 326  3200.   6.2  11.0   0.990   7.5   8.5
   3 1984 327  1260.   8.2  12.9   1.190   8.5  26.7
   3 1984 328  1600.   8.9  13.6   1.090  11.5  27.5
   3 1984 329  3540.   8.6  11.4   0.940  12.5   1.0
   3 1984 330  3610.   8.3  10.7   0.840   8.5   0.0
   3 1984 331  3010.   7.5  10.1   0.820   6.0   0.0
   3 1984 332  1280.   4.3   9.2   0.730   7.0   0.0
   3 1984 333   880.   6.1  10.3   0.920   9.5   2.9
   3 1984 334  1220.   7.4   9.9   1.030   6.0   0.0
   3 1984 335  3200.   5.4  10.5   0.810   6.0   0.0
   3 1984 336  2870.   2.7  12.1   0.770   6.0   0.0
   3 1984 337  2090.   1.0   8.1   0.810   3.5   0.0
   3 1984 338  3360.   2.1   6.4   0.740   5.5   0.0
   3 1984 339  2000.   1.6   7.7   0.790   4.5   0.0
   3 1984 340  1990.   6.7   9.6   0.940   5.5   0.0
   3 1984 341   560.   5.2   8.9   0.840   6.0   2.8
   3 1984 342  2510.   2.1   9.7   0.900   6.0   0.0
   3 1984 343   570.   0.4   9.0   0.810   5.0   0.4
   3 1984 344  2680.   6.8   9.5   0.830   6.5   0.8
   3 1984 345  1680.   8.6   9.9   0.990   7.5   0.0
   3 1984 346  1350.   6.3   9.9   0.950   2.5   0.0
   3 1984 347  1720.   5.5   7.0   0.840   4.0   0.0
   3 1984 348  2450.   2.7   6.3   0.780   5.0   0.0
   3 1984 349   790.   1.9   8.6   0.810   5.0   2.0
   3 1984 350  1520.   1.5   4.8   0.750   5.0   3.8
   3 1984 351   300.   1.1   3.8   0.710   6.5   2.7
   3 1984 352   740.   0.5   8.6   0.710   7.5   3.3
   3 1984 353  1680.   3.1   7.5   0.640   8.0   0.3
   3 1984 354   440.   4.8   9.4   0.930   9.5   3.7
   3 1984 355   390.   7.9  10.0   1.090   7.5  12.8
   3 1984 356  2360.   5.5   9.3   0.730  10.0   2.8
   3 1984 357  2410.   3.9   8.7   0.760   6.5   0.1
   3 1984 358   600.   4.1   6.5   0.850   8.5   0.7
   3 1984 359   580.   4.7   7.4   0.840   8.0   3.6
   3 1984 360  3230.   2.4   7.5   0.680   6.0   1.4
   3 1984 361  2630.   0.6   7.7   0.710   5.5   3.1
   3 1984 362  1940.  -1.2   3.7   0.660   2.5   0.0
   3 1984 363  1220.  -2.2   4.2   0.600   2.5   2.6
   3 1984 364  3250.  -3.0   5.3   0.620   1.5   0.0
   3 1984 365  1200.  -1.7   1.3   0.600   4.0   0.0
   3 1984 366   660.   0.0   8.1   0.720   7.0   3.1
