*---------------------------------------------------------------------------*
* Station name: De Kooy (Den Helder), Netherlands
* Year: 1982
* Author: Gon van Laar                      -99.000: NIL VALUE
* Source: K.N.M.I. - data invoer: Hennie de Ruiter
*
* Longitude: 4 45 E, latitude: 53 N, altitude: 3 m.
*
* Column  Daily value
* 1       station number
* 2       year
* 3       day
* 4       irradiation                   (kJ m-2 d-1)
* 5       minimum temperature           (degrees Celsius)
* 6       maximum temperature           (degrees Celsius)
* 7       early morning vapour pressure (kPa)
* 8       mean wind speed (height: 2 m) (m s-1)
* 9       precipitation                 (mm d-1)
*
** WCCDESCRIPTION=Netherlands, De Kooy
** WCCFORMAT=2
** WCCYEARNR=1982
*---------------------------------------------------------------------------*
   4.75  53.00     3.  -0.18 -0.55
   3 1982   1   620.   2.7   5.1   0.800   2.0   4.7
   3 1982   2   570.   3.2   8.4   0.900   5.0   4.8
   3 1982   3  1930.   6.5   9.5   1.020  10.5   1.8
   3 1982   4  2080.   7.0   8.6   0.990  10.0   0.7
   3 1982   5   630.  -0.4   8.0   0.910   9.5   9.7
   3 1982   6  2720.  -4.4  -0.3   0.420   7.0   0.8
   3 1982   7  2580.  -9.6  -1.5   0.420   5.5  14.0
   3 1982   8  2440.  -7.5  -4.1   0.320  10.5   0.3
   3 1982   9  3660.  -7.5  -5.5   0.300  10.0   0.0
   3 1982  10  4860.  -9.9  -5.4   0.270   4.5   0.0
   3 1982  11  3100.  -7.8   0.8   0.420   3.5   0.0
   3 1982  12  4940.  -9.0   2.5   0.460   1.0   0.0
   3 1982  13  5150. -11.2  -0.8   0.390   1.5   0.0
   3 1982  14  5030.  -8.4  -2.0   0.350   2.5   0.0
   3 1982  15  4000. -10.2   0.1   0.400   3.5   0.0
   3 1982  16  3940.  -2.0   3.8   0.540   3.5   0.0
   3 1982  17  4000.  -1.6   4.4   0.570   1.5   0.0
   3 1982  18  4170.  -2.6   4.0   0.600   2.0   0.0
   3 1982  19  4020.  -1.6   3.1   0.600   2.0   0.0
   3 1982  20  3210.   0.2   4.2   0.640   2.0   0.7
   3 1982  21  3940.  -0.1   5.0   0.720   4.0   0.8
   3 1982  22  4210.  -0.2   5.7   0.700   5.5   1.2
   3 1982  23  1190.   0.0   2.5   0.670   2.0   0.0
   3 1982  24  2110.  -0.5   4.7   0.720   4.0   0.0
   3 1982  25   740.   2.4   5.0   0.810   8.0   3.3
   3 1982  26  1820.   4.4   6.8   0.860   8.0   8.8
   3 1982  27  3930.   1.8   4.6   0.640   7.0   2.0
   3 1982  28  1490.   1.2   6.4   0.720   9.0   0.5
   3 1982  29  1140.   5.0   7.5   0.870   8.5   1.9
   3 1982  30  4110.   6.4   8.0   0.920  10.5   1.5
   3 1982  31  6060.  -0.8   7.2   0.700   3.5   0.1
   3 1982  32  4860.   0.0   5.6   0.610   4.0   0.0
   3 1982  33  6810.  -0.6   3.6   0.530   6.0   0.0
   3 1982  34  6150.  -1.4   2.5   0.500   7.0   0.0
   3 1982  35  4580.  -1.8   2.8   0.550   4.0   0.0
   3 1982  36  5030.   0.3   8.8   0.740   6.0   0.0
   3 1982  37  4140.   4.2   7.7   0.890   7.5   3.1
   3 1982  38  5450.   5.2   8.0   0.900   5.5  11.8
   3 1982  39  6490.   1.4   6.4   0.780   6.0   0.9
   3 1982  40   360.   5.0   7.9   0.870   9.0   0.1
   3 1982  41  3800.   3.6   8.4   0.790   5.5   0.0
   3 1982  42  5260.   4.2  12.5   0.880   7.0   2.6
   3 1982  43  7320.   1.3   8.5   0.830   6.0   0.0
   3 1982  44  5200.   5.2  10.5   0.900   6.5   0.5
   3 1982  45  7430.   0.6   7.1   0.790   3.5   0.0
   3 1982  46  1640.   1.5   3.5   0.710   7.5   0.0
   3 1982  47   860.   0.9   2.2   0.590   7.5   0.0
   3 1982  48   570.   0.2   2.1   0.580   7.0   0.0
   3 1982  49  5690.  -0.5   3.9   0.580   8.5   0.0
   3 1982  50  6850.  -3.1   0.1   0.490   8.5   0.0
   3 1982  51  8670.  -3.2   2.3   0.470   7.0   0.0
   3 1982  52 10160.  -2.0   3.0   0.500   5.5   0.0
   3 1982  53 10020.  -3.0   4.2   0.480   4.5   0.0
   3 1982  54  9430.  -2.2   1.8   0.520   5.0   0.0
   3 1982  55  2320.  -2.9  -1.6   0.470   2.5   0.0
   3 1982  56  5680.  -4.9   0.7   0.470   4.0   0.0
   3 1982  57  7530.  -5.7   3.6   0.430   4.5   0.0
   3 1982  58  2130.  -0.2   4.0   0.680   6.0   0.0
   3 1982  59  2750.   3.3   7.3   0.870   8.0   3.6
   3 1982  60  8330.   3.0   7.6   0.850  10.5  11.4
   3 1982  61 11810.   3.0   6.2   0.730   9.5   0.2
   3 1982  62  5200.   4.8   7.5   0.800  13.5   6.9
   3 1982  63  4770.   2.8   5.9   0.700   9.0   1.0
   3 1982  64 11430.  -1.4   6.9   0.670   5.5   0.2
   3 1982  65 13040.  -2.9   7.0   0.560   5.5   0.0
   3 1982  66 12230.  -0.8   5.0   0.530   5.0   0.0
   3 1982  67 11600.  -2.8   7.3   0.590   3.5   0.0
   3 1982  68  7230.  -2.8   7.2   0.600   5.5   0.0
   3 1982  69  2400.   2.0   7.2   0.800  11.0  12.3
   3 1982  70  9940.   2.6   6.0   0.650  11.5   2.1
   3 1982  71  5300.   3.6   6.7   0.710  11.0   5.2
   3 1982  72 11590.   2.4   6.2   0.690   7.5   1.4
   3 1982  73  7600.   3.6   7.6   0.840   9.5   0.0
   3 1982  74  7240.   6.3  10.0   0.750  11.5   0.0
   3 1982  75  6200.   3.3   9.1   0.770   9.5   6.3
   3 1982  76 12700.   3.7   7.7   0.800   7.0   0.3
   3 1982  77  6500.   0.3   6.9   0.750   5.0   1.7
   3 1982  78 11300.  -0.3   8.1   0.770   4.0   0.8
   3 1982  79  8840.   3.4   5.6   0.710   6.5   0.0
   3 1982  80  5410.   1.9   6.1   0.610   2.0   0.0
   3 1982  81  2830.   2.8   6.1   0.800   3.0   0.2
   3 1982  82  4300.   3.3   5.5   0.790   4.0   0.0
   3 1982  83  5180.   1.0   3.6   0.700   2.0   0.0
   3 1982  84 13500.   0.2   6.7   0.720   3.0   0.0
   3 1982  85 17020.   0.7  12.5   0.630   2.5   0.0
   3 1982  86 15160.   4.7  12.5   0.950   3.0   0.0
   3 1982  87  8240.   0.1   9.0   0.820   3.0   0.0
   3 1982  88  5340.  -0.3   6.7   0.780   4.5   1.0
   3 1982  89  8230.   4.5   7.8   0.680   8.5   0.0
   3 1982  90 17940.   4.2   7.5   0.680   8.5   0.0
   3 1982  91 16010.   3.1  13.1   0.810   5.5   0.0
   3 1982  92 11420.   5.9  14.5   0.940   4.0   0.9
   3 1982  93 12810.   3.0  11.1   0.900   4.0   0.0
   3 1982  94 13960.   2.6  13.4   0.950   4.0   0.0
   3 1982  95 16800.   7.0  17.6   0.890   4.5   0.0
   3 1982  96  6190.   6.8  13.7   1.030   5.0   0.4
   3 1982  97  5050.   7.7   9.6   1.080  10.0   7.6
   3 1982  98 14660.   1.8   8.3   0.660  10.0   2.6
   3 1982  99 11250.   1.6   5.9   0.580   9.5   0.7
   3 1982 100 18020.   1.4   7.7   0.670   8.5   2.8
   3 1982 101 15510.   1.1   6.2   0.600  10.0   2.3
   3 1982 102 17620.   0.8   7.2   0.620   9.0   1.9
   3 1982 103 16490.   1.1   7.9   0.620   6.0   0.5
   3 1982 104 18740.   0.6   8.1   0.580   2.0   0.0
   3 1982 105 20270.  -0.9  10.6   0.690   2.0   0.0
   3 1982 106 16340.   2.5  12.7   0.830   3.0   0.0
   3 1982 107 19020.   4.4   9.4   0.730   7.0   0.0
   3 1982 108 20220.   3.7  10.6   0.750   4.0   0.0
   3 1982 109 21160.   3.6   9.5   0.760   4.0   0.0
   3 1982 110 20590.   3.8   9.6   0.720   3.5   0.0
   3 1982 111 17970.   2.6  10.2   0.790   2.0   0.0
   3 1982 112 14560.   5.4  11.8   0.860   2.5   0.0
   3 1982 113 15310.  -0.2   9.7   0.830   5.0   0.0
   3 1982 114 22130.   5.4  10.5   0.770   7.5   0.0
   3 1982 115 17890.   4.6   9.8   0.870   4.5   0.0
   3 1982 116 16450.   6.1  11.2   0.950   7.5   0.0
   3 1982 117  8660.   5.9   9.9   0.910   6.0   0.0
   3 1982 118 13170.   4.6  10.9   0.950   5.0   0.0
   3 1982 119 15550.   4.2   9.3   0.690   9.5   1.1
   3 1982 120  4390.   2.7   9.3   0.810   8.0   3.1
   3 1982 121  9880.   5.7   9.3   0.790   9.0   3.1
   3 1982 122 20190.   2.0   9.9   0.690  10.0   2.7
   3 1982 123 23440.   5.5  11.4   0.870  11.5   3.0
   3 1982 124 25340.   2.6  10.8   0.790   9.0   0.0
   3 1982 125 13390.   3.0  11.0   0.770   3.0   0.0
   3 1982 126  8370.   4.7   9.6   0.860   4.5   7.6
   3 1982 127 19360.   3.0  10.1   0.850   6.0   2.6
   3 1982 128 14290.   3.2  10.2   0.810   6.0   0.7
   3 1982 129 24910.   1.9  11.5   0.790   3.5   0.0
   3 1982 130 24110.   0.7  14.0   0.790   2.0   0.0
   3 1982 131 25010.   1.4  14.5   0.920   3.0   0.0
   3 1982 132 26300.   6.7  13.6   0.980   5.0   0.0
   3 1982 133 27760.   6.3  13.1   0.920   6.0   0.0
   3 1982 134 27890.   8.0  14.2   1.030   6.0   0.0
   3 1982 135 22280.   7.2  16.4   1.330   5.0   0.0
   3 1982 136 20790.  11.6  21.6   1.340   3.0   0.0
   3 1982 137 23700.   9.8  19.7   1.420   3.0   0.0
   3 1982 138 11960.   9.6  14.6   1.350   3.5   0.6
   3 1982 139 22700.   9.0  15.6   1.230   3.5   0.0
   3 1982 140 12140.   9.6  17.2   1.440   3.0   0.5
   3 1982 141  9650.   9.1  15.0   1.380   2.5   0.0
   3 1982 142 10490.  11.0  13.6   1.330   7.5   0.4
   3 1982 143 19780.   9.1  14.2   1.250   7.0   0.0
   3 1982 144 25850.   8.9  14.5   1.220   6.5   0.0
   3 1982 145 17960.  10.9  16.1   1.310   7.5   0.0
   3 1982 146 24590.  13.4  21.7   1.600   4.0   0.0
   3 1982 147 15320.  11.1  20.1   1.480   5.0   0.6
   3 1982 148 24830.   9.5  14.8   1.170   5.0   0.0
   3 1982 149 28320.   7.0  17.4   1.110   3.5   0.0
   3 1982 150 28770.  11.6  21.3   1.250   6.0   0.0
   3 1982 151 28220.  13.0  22.0   1.480   5.0   0.0
   3 1982 152 25820.  15.4  26.0   1.860   2.5   0.0
   3 1982 153 22870.  17.1  22.7   2.010   3.5   4.7
   3 1982 154 23670.  16.1  26.5   2.000   3.5   0.0
   3 1982 155 15410.  14.2  26.0   1.880   3.5   5.0
   3 1982 156 26330.  12.7  22.9   1.800   3.0   0.0
   3 1982 157 24310.  13.7  24.0   1.980   2.0   0.2
   3 1982 158 24000.  15.4  22.6   1.890   3.0   0.0
   3 1982 159 24140.  12.8  19.5   1.650   4.5   0.0
   3 1982 160 20350.  11.7  17.9   1.290   4.5   0.0
   3 1982 161 17430.  11.9  20.1   1.280   5.0   0.0
   3 1982 162  8890.  13.7  16.9   1.500   6.0   0.7
   3 1982 163 18110.  11.2  15.8   1.340   8.0   1.2
   3 1982 164 16630.  10.0  15.3   1.210   7.5   6.1
   3 1982 165 20810.   9.3  14.2   1.000   7.5   0.6
   3 1982 166 23060.  10.2  15.0   0.850   4.0   0.0
   3 1982 167 19070.   7.9  16.0   1.060   4.0   7.0
   3 1982 168 18090.   7.7  15.7   1.060   3.5   0.0
   3 1982 169 12260.  10.0  16.6   1.250   6.0   3.7
   3 1982 170 10490.  12.7  15.6   1.430   6.0   0.6
   3 1982 171 22960.  10.2  15.7   1.150   4.0   0.0
   3 1982 172 14370.   7.8  15.8   1.240   2.5   0.4
   3 1982 173  9970.  12.2  17.3   1.470   7.5  52.6
   3 1982 174 24750.  13.7  18.1   1.600   6.5   3.6
   3 1982 175 21910.  11.3  18.4   1.540   4.0   0.0
   3 1982 176 18270.  11.9  20.9   1.660   5.5   1.1
   3 1982 177 28350.  13.2  19.3   1.570   5.5   0.0
   3 1982 178 22470.  13.0  18.2   1.570   5.5   3.4
   3 1982 179 16950.  13.5  17.7   1.530   8.0  19.2
   3 1982 180 25680.  13.6  17.5   1.360   9.0   0.0
   3 1982 181 24220.  12.4  17.1   1.350   7.0   0.0
   3 1982 182 10500.  11.8  17.2   1.560   5.0   1.5
   3 1982 183 23010.  14.3  23.8   1.810   4.0  18.0
   3 1982 184 14990.  13.5  17.1   1.490   5.5   0.0
   3 1982 185 20930.  12.8  17.3   1.380   9.5   1.3
   3 1982 186 21790.  12.0  16.9   1.390   7.5   0.2
   3 1982 187  8200.  11.3  16.7   1.470   4.0   0.1
   3 1982 188 28290.   9.3  20.1   1.390   2.0   0.0
   3 1982 189 24760.  12.0  22.7   1.770   3.5   0.0
   3 1982 190 27260.  17.1  28.7   1.830   6.5   0.0
   3 1982 191 27720.  15.7  20.7   1.730   5.5   0.0
   3 1982 192 25310.  16.6  21.4   1.810   7.0   0.0
   3 1982 193 21310.  17.7  21.7   1.910   8.5   0.0
   3 1982 194 26310.  17.2  23.5   2.050   6.5   0.0
   3 1982 195 23550.  17.1  28.6   2.110   5.0   0.4
   3 1982 196 14500.  16.7  26.4   1.950   4.5   5.0
   3 1982 197 27310.  11.9  19.0   1.380   6.0   0.1
   3 1982 198 27050.  10.3  20.1   1.270   2.5   0.0
   3 1982 199 14980.  11.7  20.7   1.410   1.5   0.0
   3 1982 200 18520.  15.7  19.7   1.500   5.5   0.1
   3 1982 201 25570.  15.0  20.6   1.530   6.5   0.0
   3 1982 202 13970.  14.3  18.4   1.490   6.0   0.0
   3 1982 203 10740.  13.8  18.1   1.470   4.5   0.0
   3 1982 204  9910.  14.2  18.2   1.530   4.0   0.0
   3 1982 205 14910.  12.3  18.5   1.440   3.0   0.0
   3 1982 206 13550.  12.6  17.2   1.390   4.0   0.0
   3 1982 207 19920.  12.1  18.3   1.350   5.5   0.1
   3 1982 208 15930.  13.0  18.3   1.450   6.5   0.0
   3 1982 209 25170.  15.5  19.3   1.690   7.0   0.0
   3 1982 210 24480.  16.5  20.8   1.880   7.5   0.0
   3 1982 211 23450.  17.5  25.3   1.940   6.5   0.0
   3 1982 212 21660.  18.7  25.9   1.860   5.5   0.0
   3 1982 213 20280.  18.5  23.3   2.000   4.0   0.0
   3 1982 214 24180.  19.4  26.6   2.060   5.0   0.0
   3 1982 215 23420.  19.9  26.4   1.980   5.0   0.0
   3 1982 216 18550.  17.0  27.5   2.040   2.5   0.0
   3 1982 217  5650.  17.5  20.1   2.010   3.5  10.1
   3 1982 218 14520.  15.3  22.0   1.970   2.5   0.0
   3 1982 219 11040.  17.2  20.3   1.830   3.0   0.0
   3 1982 220 12060.  16.5  19.9   1.810   4.5   0.0
   3 1982 221 17350.  14.9  19.1   1.770   4.5   2.9
   3 1982 222 21810.  11.0  18.3   1.500   6.0   4.6
   3 1982 223 21540.  11.8  22.4   1.620   5.5   0.0
   3 1982 224 17960.  14.4  24.1   1.650   5.0   4.2
   3 1982 225 19230.  14.6  19.7   1.450  10.5   3.5
   3 1982 226 21900.  12.2  18.0   1.280   4.5   0.0
   3 1982 227  8150.  11.9  19.3   1.630   6.5   4.1
   3 1982 228 11690.  15.9  19.6   1.650   9.0   0.5
   3 1982 229 18660.  15.0  18.5   1.460   7.0   2.0
   3 1982 230  3820.  13.7  18.8   1.680  11.5  16.6
   3 1982 231 19350.  10.9  16.9   1.200  10.5   3.7
   3 1982 232 15770.  10.9  16.1   1.200  12.0  10.6
   3 1982 233  6130.  13.5  15.9   1.320   9.0   0.4
   3 1982 234 12120.  14.9  18.8   1.610   8.0   0.4
   3 1982 235 16470.  13.0  17.9   1.450   6.0   1.0
   3 1982 236 11320.  10.7  17.4   1.440   5.5   5.3
   3 1982 237 15830.  11.3  17.0   1.290   7.0   0.0
   3 1982 238 14870.   9.4  18.1   1.340   4.0   0.2
   3 1982 239 11730.  10.1  16.7   1.330   4.5   9.1
   3 1982 240 16860.   9.2  18.5   1.300   2.5   0.0
   3 1982 241 18770.   7.7  19.1   1.340   5.0   0.0
   3 1982 242  9350.  12.5  18.9   1.530   5.5  10.9
   3 1982 243 11210.  11.5  16.5   1.400   5.0   3.1
   3 1982 244  5570.  11.2  16.3   1.310   5.5   1.4
   3 1982 245 18600.   9.5  17.2   1.230   5.5   0.0
   3 1982 246 17810.  12.6  19.4   1.430   8.0   0.0
   3 1982 247 14510.  11.1  18.9   1.660   5.5   0.0
   3 1982 248  9560.  12.9  20.1   1.700   7.0   1.3
   3 1982 249  2780.  13.9  18.6   1.670   5.0   0.0
   3 1982 250  7590.  13.4  18.4   1.650   6.0   0.3
   3 1982 251 16500.  10.5  18.0   1.380   6.0   0.0
   3 1982 252 11230.  11.7  20.2   1.440   2.5   0.0
   3 1982 253 15650.  12.3  23.8   1.620   2.0   0.0
   3 1982 254 12280.  11.1  17.7   1.400   3.5   0.0
   3 1982 255 15040.  11.2  19.4   1.560   4.5   0.0
   3 1982 256 12230.  10.4  18.8   1.430   2.5   0.0
   3 1982 257 12590.  11.2  18.7   1.420   1.5   0.0
   3 1982 258 13910.  10.0  22.3   1.620   2.0   0.0
   3 1982 259 14590.  11.4  19.2   1.620   2.5   0.0
   3 1982 260  7280.  13.9  18.1   1.760   3.0   0.0
   3 1982 261  9310.  14.1  21.7   1.810   1.5   0.0
   3 1982 262 13090.  12.2  24.1   1.810   3.5  17.4
   3 1982 263  9760.  16.3  22.2   1.940   7.0   0.5
   3 1982 264  3480.  12.0  18.4   1.430  11.0   4.0
   3 1982 265 13760.   7.2  14.8   0.870   4.5   0.0
   3 1982 266  9970.   6.6  16.3   1.100   6.0  13.9
   3 1982 267 12670.   9.9  17.2   1.270   6.0   0.0
   3 1982 268  3650.  12.7  16.6   1.530   5.5   4.5
   3 1982 269  4950.  12.1  17.7   1.500   7.0   3.3
   3 1982 270 11880.  10.8  17.8   1.310   8.5   2.3
   3 1982 271  9820.  11.3  16.6   1.280   5.5   4.7
   3 1982 272  9160.  11.3  19.9   1.480   4.0   1.6
   3 1982 273  4450.  10.9  15.8   1.450   3.0   4.1
   3 1982 274 11310.   8.5  17.3   1.300   2.5   0.0
   3 1982 275 11070.  10.4  19.0   1.400   4.0   0.0
   3 1982 276  5110.  10.0  17.0   1.460   2.0   0.0
   3 1982 277 11850.  11.4  15.7   1.330   4.5   0.2
   3 1982 278  2860.   9.1  13.2   1.280   4.5   0.9
   3 1982 279  5080.   9.4  15.3   1.290   3.5   1.8
   3 1982 280  1520.  10.8  14.0   1.360   4.5  18.1
   3 1982 281  5750.  10.6  15.1   1.270   3.5  22.5
   3 1982 282  4570.   9.3  12.8   1.180   2.5   7.9
   3 1982 283  3880.   8.0  13.6   1.210   4.0   8.7
   3 1982 284  4340.   9.0  12.7   1.180   4.0   0.5
   3 1982 285  8250.   7.5  15.0   1.170   2.5   0.3
   3 1982 286  4980.   8.5  14.6   1.130   7.0  14.9
   3 1982 287  5850.   9.0  13.9   1.150   6.0   9.4
   3 1982 288  5040.   9.6  13.4   1.070   7.0  10.0
   3 1982 289  5670.   8.6  12.3   1.030   5.5   0.0
   3 1982 290  6570.   9.1  14.0   1.130   7.0   1.0
   3 1982 291  7020.   9.1  16.0   1.260   5.5   2.9
   3 1982 292  7070.   8.5  15.0   1.260   7.0   0.1
   3 1982 293  1670.  11.4  14.5   1.390  10.0   1.5
   3 1982 294   870.  10.8  13.3   1.330   2.5   9.4
   3 1982 295  7400.  10.0  17.6   1.360   5.0   2.0
   3 1982 296   770.   9.9  12.3   1.190   5.0   2.5
   3 1982 297  7370.   6.4  12.8   0.990   4.5   0.0
   3 1982 298  1900.   7.6  12.0   1.110   5.5   1.8
   3 1982 299  2550.   8.5  14.1   1.290   6.5   0.4
   3 1982 300  7500.   3.1  13.5   0.970   3.0   0.0
   3 1982 301  6360.   2.2  13.2   1.120   3.0   0.0
   3 1982 302  2520.   8.0  10.1   1.150   4.0   0.0
   3 1982 303  1090.   7.0   9.8   1.020   3.5   0.0
   3 1982 304  2120.   6.1  12.4   1.010   5.0   0.0
   3 1982 305  2660.  12.0  14.4   1.380   8.5   4.2
   3 1982 306  1500.  11.2  13.8   1.310   2.0   0.6
   3 1982 307  1310.  10.6  13.4   1.320   2.0   0.0
   3 1982 308  1340.  10.8  13.4   1.320   1.5   0.0
   3 1982 309  2100.   6.8  11.0   1.030   6.5   0.0
   3 1982 310  6050.   3.8   7.7   0.730   8.5   0.0
   3 1982 311  5080.   2.0   7.3   0.580   8.0   0.0
   3 1982 312  4360.   6.8  15.0   1.110   9.5   7.6
   3 1982 313  2630.   7.3  13.3   1.150   7.5   1.0
   3 1982 314  1030.   8.0  12.4   1.220   8.0   1.1
   3 1982 315  3690.   8.3  13.6   1.240   6.5   0.0
   3 1982 316  1610.   9.0  13.3   1.110   9.0   8.0
   3 1982 317  3210.   4.5  10.2   0.780   5.5   2.1
   3 1982 318  3930.   4.1   8.9   0.750   4.0   4.3
   3 1982 319  3930.   3.3   9.3   0.780   3.5   4.4
   3 1982 320   520.   4.3  10.2   0.820  11.0  15.9
   3 1982 321  1960.   3.8   9.6   0.830  12.0  16.8
   3 1982 322  1180.   8.8  12.4   1.130  10.0   3.9
   3 1982 323  4150.   7.4  10.2   0.710  15.5   0.0
   3 1982 324  3870.   5.6  10.6   0.810  11.5   0.0
   3 1982 325  2740.   5.4   9.8   0.910   9.5   2.7
   3 1982 326  2760.   6.9  10.3   0.940  10.0   6.4
   3 1982 327   850.   3.8  12.0   1.010   8.0   5.0
   3 1982 328  1450.   5.5  11.8   0.890  10.0   0.8
   3 1982 329   980.   6.4   9.3   0.940  10.0   2.8
   3 1982 330  1450.   4.0   7.9   0.870   5.5   3.1
   3 1982 331  2370.   2.5   6.6   0.770   3.5   0.0
   3 1982 332  3480.   2.3   8.0   0.740   6.0   0.0
   3 1982 333  3600.  -0.7   8.4   0.720   2.5   0.0
   3 1982 334  2070.  -2.0   2.8   0.650   3.5   0.0
   3 1982 335  2140.   0.7   2.8   0.610   7.0   0.0
   3 1982 336  1300.   0.1   1.3   0.620   3.5   0.0
   3 1982 337   770.   1.3   3.2   0.670   2.0   0.0
   3 1982 338   390.   1.3   3.4   0.700   5.0   0.0
   3 1982 339   790.   1.7   7.5   0.790   7.0   5.8
   3 1982 340  2360.  -0.9   8.0   0.750   2.0   0.0
   3 1982 341  1480.  -1.8   8.9   0.700   5.5   4.8
   3 1982 342  2480.   5.7  10.8   0.850   9.5   0.8
   3 1982 343   650.   3.3   8.1   0.820   8.0  11.8
   3 1982 344  2170.   6.0  10.6   0.780  13.0   1.2
   3 1982 345  1920.   4.4   7.7   0.750  10.0  10.1
   3 1982 346  1200.   0.0   5.6   0.650   3.5   0.0
   3 1982 347  1200.  -1.3   0.4   0.600   1.5   0.0
   3 1982 348  1530.  -0.2   6.2   0.710   7.0   1.3
   3 1982 349   510.   4.5  11.4   1.080  14.5   3.6
   3 1982 350  1100.   3.8   9.4   0.630  15.0   1.9
   3 1982 351  1440.   0.0   5.2   0.580   6.5   2.8
   3 1982 352   810.  -0.9   3.9   0.600   3.0   3.2
   3 1982 353  2080.   0.2   7.4   0.650  11.5   6.5
   3 1982 354  2330.   5.8   7.5   0.700  12.5   1.0
   3 1982 355  1390.   4.6   7.2   0.760  10.5   3.8
   3 1982 356  1330.  -1.5   5.4   0.590   3.5   0.8
   3 1982 357  1250.  -0.8   4.4   0.580   3.5   3.5
   3 1982 358   290.  -0.3   7.6   0.750   8.5   2.1
   3 1982 359  1400.   0.4   7.8   0.900   4.0   0.1
   3 1982 360  1830.   6.8   8.1   1.000   6.5   0.0
   3 1982 361  2880.   5.7   8.9   0.860  10.5   0.9
   3 1982 362  1420.   3.4   7.2   0.710   9.0   0.3
   3 1982 363  2860.  -0.7   6.9   0.720   2.0   0.0
   3 1982 364   530.   1.7   4.7   0.770   5.5   0.0
   3 1982 365   530.   0.5   5.8   0.760   6.5   0.4
