*---------------------------------------------------------------------------*
* Station name: De Kooy (Den Helder), Netherlands
* Year: 1980
* Author: Gon van Laar                      -99.000: NIL VALUE
* Source: K.N.M.I. - data invoer: Hennie de Ruiter
*
* Longitude: 4 45 E, latitude: 53 N, altitude: 3 m.
*
* Column  Daily value
* 1       station number
* 2       year
* 3       day
* 4       irradiation                   (kJ m-2 d-1)
* 5       minimum temperature           (degrees Celsius)
* 6       maximum temperature           (degrees Celsius)
* 7       early morning vapour pressure (kPa)
* 8       mean wind speed (height: 2 m) (m s-1)
* 9       precipitation                 (mm d-1)
*
** WCCDESCRIPTION=Netherlands, De Kooy
** WCCFORMAT=2
** WCCYEARNR=1980
*---------------------------------------------------------------------------*
   4.75  53.00     3.  -0.18 -0.55
   3 1980   1  2980.   0.8   4.1   0.540   7.5   3.1
   3 1980   2  1970.  -1.1   3.8   0.550   4.5   1.1
   3 1980   3   880.  -3.9   0.6   0.540   5.0   1.5
   3 1980   4   480.  -0.2   5.6   0.680   7.5   9.5
   3 1980   5  2050.   1.0   6.2   0.790   6.0   3.2
   3 1980   6  1800.   3.6   6.7   0.820   3.5   0.9
   3 1980   7   660.   1.7   3.9   0.710   4.0   0.0
   3 1980   8   500.  -1.9   2.1   0.550   5.5   0.0
   3 1980   9   580.  -1.7   0.2   0.540   4.0   0.0
   3 1980  10  2090.  -2.8   0.0   0.510   3.5   0.0
   3 1980  11  2420.  -3.7   0.0   0.470   3.5   0.0
   3 1980  12  4360.  -4.3  -1.8   0.400   5.5   0.0
   3 1980  13  4420.  -8.7  -1.6   0.160   4.0   0.0
   3 1980  14  1650.  -8.2   2.3   0.450   5.0   0.0
   3 1980  15  2730.  -3.9   3.8   0.540   2.5   0.0
   3 1980  16  2830.  -4.1   1.5   0.520   2.0   0.1
   3 1980  17  5030.  -5.3  -0.7   0.450   3.5   0.0
   3 1980  18  1810.  -6.2  -2.7   0.400   5.5   0.0
   3 1980  19  4070.  -5.1  -0.6   0.440   5.0   0.0
   3 1980  20  1230.  -5.7   1.4   0.520   5.0   0.0
   3 1980  21  1250.  -0.6   4.2   0.630  10.0   5.6
   3 1980  22  3100.   3.0   5.2   0.710  12.5   0.3
   3 1980  23  1930.   0.9   4.9   0.700   7.5   1.2
   3 1980  24  2440.   0.2   5.8   0.730   5.0   6.4
   3 1980  25  2480.   0.1   5.1   0.700   4.5   0.3
   3 1980  26  3130.  -0.3   4.8   0.610   6.0   1.6
   3 1980  27  4660.  -0.7   5.0   0.620   4.5   0.7
   3 1980  28   610.  -0.3   2.4   0.610   4.5   6.5
   3 1980  29   540.   0.1   4.5   0.690   5.0   0.9
   3 1980  30  3900.   3.8   7.3   0.850   9.5   1.3
   3 1980  31  4320.   1.5   7.7   0.850   7.5   6.6
   3 1980  32  5040.   0.0   3.8   0.510   7.5   0.3
   3 1980  33   570.  -0.8   5.7   0.680   7.0  10.1
   3 1980  34   770.   1.0   4.8   0.690   4.5   5.1
   3 1980  35  4120.   0.0   2.7   0.580   7.0   5.3
   3 1980  36  1770.   0.8   7.4   0.890   5.0   6.5
   3 1980  37  1290.   2.0   5.8   0.830   2.5   0.9
   3 1980  38  2190.   4.4   8.1   0.870   6.0   2.8
   3 1980  39   980.   3.9   9.6   0.910   7.5  10.8
   3 1980  40  5520.   5.5  10.0   0.910   6.0   0.2
   3 1980  41  6410.   4.6  10.3   0.880   7.0   0.6
   3 1980  42  4340.   0.6   7.0   0.820   4.5   0.0
   3 1980  43  4400.   0.7   7.6   0.840   3.5   0.1
   3 1980  44  3840.   2.9   8.6   0.820   4.0   0.0
   3 1980  45  4040.  -0.5   7.5   0.740   4.5   0.0
   3 1980  46  1390.   3.4   6.5   0.840   5.5   1.2
   3 1980  47  1940.   2.3   6.6   0.850   2.0   0.0
   3 1980  48  4720.   3.2   8.2   0.860   4.0   0.0
   3 1980  49  2370.   1.9   8.4   0.820   4.5   0.0
   3 1980  50  8770.   0.0   5.6   0.570   6.5   0.0
   3 1980  51  8380.   0.3   7.3   0.610   6.5   0.0
   3 1980  52  9270.   0.7   8.8   0.610   5.5   0.0
   3 1980  53  9580.  -0.8  10.0   0.620   5.5   0.0
   3 1980  54  4160.   2.5   6.5   0.690   3.5   0.0
   3 1980  55  7720.   1.4   7.9   0.690   4.0   0.0
   3 1980  56  3880.   0.2   3.5   0.660   3.0   0.0
   3 1980  57  4720.   0.4   4.7   0.710   2.5   0.0
   3 1980  58  2980.   2.3   4.5   0.620   3.5   0.0
   3 1980  59  3100.   2.3   5.6   0.710   4.0   0.0
   3 1980  60  3590.   4.3   7.5   0.900   5.0   0.0
   3 1980  61 11370.   3.4   8.6   0.800   6.0   0.0
   3 1980  62  5170.   1.8   7.6   0.700   7.0   0.3
   3 1980  63  9690.   1.4   5.6   0.630   7.5   0.6
   3 1980  64  4570.   1.2   7.2   0.730   5.0   1.1
   3 1980  65 11060.  -0.7   8.6   0.710   5.5   0.1
   3 1980  66  2490.   1.3   7.1   0.820   7.0   5.4
   3 1980  67  3660.   4.0   7.3   0.870   7.5   7.3
   3 1980  68  7320.   2.2   8.5   0.820   4.0   6.1
   3 1980  69  2960.   1.9   5.7   0.780   2.5   0.0
   3 1980  70  5830.   4.0   8.2   0.810   4.0   1.4
   3 1980  71  3700.   4.2   5.7   0.790   3.5   0.0
   3 1980  72  1670.   3.2   8.6   0.910   8.0  14.6
   3 1980  73  2450.   5.4   7.4   0.870   5.0   4.5
   3 1980  74  3910.   2.1   5.8   0.680   7.5   0.8
   3 1980  75  2950.   2.2   3.8   0.640   7.5   0.0
   3 1980  76  8420.   3.2   5.6   0.710   5.5   0.0
   3 1980  77  2960.   3.5   6.1   0.750   3.0   0.0
   3 1980  78  2540.  -0.1   4.6   0.610   9.0   0.3
   3 1980  79 13660.  -1.7   3.2   0.490  10.0   0.0
   3 1980  80 15130.  -3.2   2.2   0.410   8.0   0.0
   3 1980  81 11960.  -3.0   1.8   0.440   6.5   0.0
   3 1980  82  5040.  -2.6   4.2   0.550   3.0   1.3
   3 1980  83 13140.  -3.5   4.3   0.590   3.0   0.0
   3 1980  84 14240.   0.6   9.7   0.680   5.0   0.0
   3 1980  85 10770.   1.4  10.4   0.770   4.0   3.4
   3 1980  86 12030.   1.1   9.9   0.840   4.0   0.0
   3 1980  87  3170.   4.9  12.8   1.040   7.5   0.4
   3 1980  88  6450.   4.8  14.3   0.990   7.5   2.0
   3 1980  89  2460.   4.7   8.0   0.830  12.5   7.5
   3 1980  90 15450.   1.8   8.2   0.790   7.0   0.9
   3 1980  91 11350.   0.1  10.7   0.820   3.5   0.0
   3 1980  92  7430.   6.0  10.5   1.010   4.5   6.3
   3 1980  93 13140.   4.9   8.6   0.810   9.5   0.3
   3 1980  94 11570.   4.8   8.3   0.700   9.5   0.2
   3 1980  95 12310.   4.2   7.5   0.640   7.0   0.0
   3 1980  96 15810.   3.7   8.5   0.790   4.0   0.0
   3 1980  97 17970.   4.3   8.5   0.800   4.0   0.0
   3 1980  98 10780.   3.7   8.0   0.790   4.0   0.0
   3 1980  99 10600.   2.9   8.2   0.700  10.0   1.8
   3 1980 100 11310.   4.0   8.1   0.680   8.0   0.3
   3 1980 101 10500.   2.4   8.6   0.830   4.5   0.0
   3 1980 102 12900.   5.0  12.6   0.820   2.5   0.0
   3 1980 103 19690.   2.8  15.1   0.770   5.5   0.0
   3 1980 104 19630.   5.3  20.5   0.810   6.0   0.0
   3 1980 105 19430.   6.3  21.0   0.880   3.5   0.0
   3 1980 106 19760.   9.5  19.6   1.080   3.0   0.0
   3 1980 107 19140.   7.3  18.0   1.050   2.5   0.0
   3 1980 108 16810.   4.2  12.5   0.910   5.5   0.0
   3 1980 109  4400.   4.4  10.2   0.960   6.5   0.8
   3 1980 110 14520.   1.1   9.5   0.710  12.0   1.1
   3 1980 111 14770.   3.0   8.3   0.710  12.0   4.3
   3 1980 112 15860.   3.0   8.8   0.690   7.5   0.1
   3 1980 113 11440.   2.1   7.8   0.630   3.0   0.0
   3 1980 114 12970.   2.4   8.9   0.780   4.0   0.0
   3 1980 115 18810.   4.1   9.7   0.780   8.5   0.5
   3 1980 116  5800.   4.7   8.3   0.850   7.0   0.1
   3 1980 117 11330.   6.1  10.7   0.910   3.5   3.4
   3 1980 118 20560.   5.3  11.4   0.960   4.5   0.0
   3 1980 119  5570.   5.1   9.0   0.840   5.5   0.0
   3 1980 120  7910.   6.5   8.5   0.890   5.0   1.1
   3 1980 121 19430.   6.6  14.5   1.010   6.5   0.0
   3 1980 122 21060.   8.2  13.1   1.120   6.5   0.0
   3 1980 123 21880.   6.4  13.2   0.870   9.0   0.0
   3 1980 124 25510.   4.0  11.8   0.790   9.5   0.0
   3 1980 125 20450.   5.7  10.8   0.880   6.5   0.0
   3 1980 126 19400.   4.4  10.2   0.780   7.0   0.0
   3 1980 127 21790.   6.2  13.6   0.960   5.5   0.2
   3 1980 128  9480.   7.2  12.0   1.010   4.0   0.1
   3 1980 129 13150.   5.7   9.8   0.770   6.0   0.0
   3 1980 130 24050.   4.9   9.5   0.680   4.5   0.0
   3 1980 131 27500.   2.5  13.2   0.890   4.5   0.0
   3 1980 132 26870.   6.8  18.3   0.910   5.5   0.0
   3 1980 133 26000.   9.3  21.7   0.940   7.0   0.0
   3 1980 134 26570.   9.6  19.7   0.770   8.5   0.0
   3 1980 135 27090.   9.0  18.1   0.800   7.5   0.0
   3 1980 136 26690.   7.8  14.8   0.900   5.5   0.0
   3 1980 137 25470.   8.8  16.8   0.990   4.5   0.0
   3 1980 138 23400.   8.0  16.6   1.070   3.5   0.0
   3 1980 139 26000.   8.7  18.6   1.200   4.0   0.0
   3 1980 140 27430.   9.1  17.4   1.170   3.5   0.0
   3 1980 141 25950.  12.2  20.2   1.160   3.5   0.0
   3 1980 142 25960.   9.6  16.0   1.210   7.0   0.0
   3 1980 143 26730.   6.5  11.4   0.790   7.0   0.0
   3 1980 144 13640.   3.0  12.9   1.020   5.0   0.0
   3 1980 145  9270.   9.0  11.3   1.120   5.5   0.7
   3 1980 146 17130.   7.0  13.7   1.110   4.5   0.7
   3 1980 147 23580.   8.8  15.6   1.170   3.5   0.0
   3 1980 148 12740.  10.4  16.2   1.310   3.0   0.9
   3 1980 149 23360.  10.5  17.2   1.210   3.0   0.0
   3 1980 150 13210.   8.7  15.5   1.180   3.0   2.5
   3 1980 151 23090.   5.0  13.4   0.970   6.0   0.0
   3 1980 152 12980.   5.5  17.1   1.020   3.5   4.5
   3 1980 153 24790.   7.2  16.0   1.040   4.0   0.7
   3 1980 154 28590.   6.7  15.1   1.190   4.0   0.0
   3 1980 155 16850.   7.7  17.9   1.460   4.0   0.5
   3 1980 156 24890.   9.1  20.2   1.560   2.5   0.0
   3 1980 157 23630.  13.0  20.3   1.700   3.0   0.0
   3 1980 158 24790.  12.4  24.1   1.620   4.0   0.0
   3 1980 159 12330.   9.4  16.7   1.390   4.5   3.2
   3 1980 160 24870.   6.8  17.3   1.280   2.5   0.0
   3 1980 161 19480.   9.8  20.5   1.430   4.5   0.0
   3 1980 162 10560.  13.5  18.8   1.640   4.5   0.0
   3 1980 163 13570.  11.1  18.4   1.550   3.0   0.7
   3 1980 164 22920.  10.3  17.5   1.490   4.5   0.0
   3 1980 165 20270.  14.7  22.5   1.720   4.0   1.9
   3 1980 166 17680.  14.6  27.7   1.770   6.0   0.9
   3 1980 167 27650.  11.6  19.0   1.400   7.0   0.0
   3 1980 168 12450.  10.6  18.3   1.400   5.5   3.3
   3 1980 169 20000.  11.3  17.6   1.340   7.0   0.0
   3 1980 170 24610.   8.1  17.2   1.330   4.0   0.0
   3 1980 171  5760.  10.0  16.5   1.350   6.0   2.0
   3 1980 172 13320.  10.4  14.3   1.120   9.5   1.8
   3 1980 173 23380.  10.3  16.2   1.160   7.5   0.0
   3 1980 174 23740.   8.8  16.9   1.170   5.5   0.0
   3 1980 175 18120.   8.6  15.9   1.210   6.0  18.4
   3 1980 176 17480.  10.1  16.1   1.300   5.5   0.7
   3 1980 177 23780.   8.8  16.4   1.200   4.0   0.1
   3 1980 178 16960.   8.9  15.8   1.180   3.5  10.2
   3 1980 179 18050.   9.9  15.2   1.120   6.0   3.3
   3 1980 180  7030.   9.9  14.3   1.210   4.0   7.6
   3 1980 181 14560.   9.7  15.1   1.230   8.0   2.6
   3 1980 182 10070.  11.2  14.3   1.210   7.0   7.2
   3 1980 183  6880.  10.6  14.4   1.360   5.5  21.7
   3 1980 184 14240.  13.0  16.4   1.460   7.0   0.1
   3 1980 185  9400.   9.3  14.7   1.270   4.5   0.0
   3 1980 186  8240.   8.3  15.6   1.380   5.0   2.1
   3 1980 187 24030.  11.6  16.0   1.380   5.0   0.0
   3 1980 188 23830.  10.5  17.9   1.360   3.0   4.0
   3 1980 189 13780.  12.1  17.0   1.510   3.5   2.6
   3 1980 190  7230.  13.1  16.8   1.520   2.5   3.2
   3 1980 191 14370.  13.4  18.0   1.540   4.5   1.6
   3 1980 192  7350.  13.6  16.7   1.570   6.5   2.4
   3 1980 193 15790.  11.6  15.6   1.250   5.5   0.0
   3 1980 194 21270.  11.1  16.1   1.300   6.0   0.6
   3 1980 195 22240.  10.7  16.4   1.230   4.5  10.7
   3 1980 196  6370.  10.4  16.6   1.450   5.5   9.8
   3 1980 197 21070.  11.9  16.5   1.270   7.5   1.2
   3 1980 198 12030.  10.7  14.8   1.180   9.0   2.0
   3 1980 199 15620.  10.5  18.0   1.170   5.5   1.0
   3 1980 200 13050.  13.6  17.0   1.570   7.5   3.6
   3 1980 201  4860.  14.0  15.4   1.640   6.5  11.8
   3 1980 202  9370.  13.1  16.1   1.420   5.5   0.7
   3 1980 203 13070.   9.2  14.8   1.250   9.5   0.9
   3 1980 204 26150.   8.6  18.7   1.360   3.5   0.0
   3 1980 205 21690.  11.1  23.1   1.360   3.0   0.0
   3 1980 206 26360.  11.6  19.7   1.540   3.0   0.0
   3 1980 207 25450.  13.8  23.6   1.760   3.5   0.1
   3 1980 208 22780.  15.4  26.9   1.890   4.0   0.0
   3 1980 209 23550.  14.6  21.9   1.720   3.0   0.0
   3 1980 210 21090.  12.7  20.7   1.930   3.0   0.0
   3 1980 211 18550.  17.7  23.5   2.050   5.5   0.0
   3 1980 212  7100.  12.4  20.2   1.750   5.5  47.7
   3 1980 213 25070.  12.4  22.5   1.490   2.5   0.0
   3 1980 214 16360.  16.3  23.9   1.640   3.0   1.1
   3 1980 215 22030.  15.1  22.6   1.770   3.5   0.0
   3 1980 216 17140.  16.5  25.8   1.950   5.5  66.3
   3 1980 217 15260.  16.0  19.9   1.770   9.0   0.0
   3 1980 218 13380.  15.5  19.4   1.660  10.0   0.0
   3 1980 219 15440.  15.6  18.4   1.610   7.5   0.3
   3 1980 220 10640.  16.2  19.1   1.740   4.0   0.0
   3 1980 221 11850.  12.5  17.0   1.430   5.0  50.4
   3 1980 222 18890.  10.7  17.8   1.220   2.0   0.0
   3 1980 223 20490.  13.5  19.2   1.360   2.0   0.0
   3 1980 224  8180.  13.6  22.1   1.650   4.5   4.5
   3 1980 225 15960.  14.2  17.0   1.430   7.5   1.9
   3 1980 226 12040.  12.5  18.6   1.520   4.0   0.0
   3 1980 227  6830.  16.1  21.0   1.890   4.0   0.1
   3 1980 228 20060.  15.9  25.0   1.730   4.5   0.6
   3 1980 229  9210.  16.1  21.5   1.890   2.0   0.0
   3 1980 230 16970.  15.9  21.3   1.700   3.0   0.1
   3 1980 231 17870.  13.4  19.6   1.680   3.5   0.3
   3 1980 232 16300.  12.0  18.3   1.460   4.5   0.0
   3 1980 233 13480.  15.1  20.7   1.610   8.5   0.0
   3 1980 234 17960.  12.7  18.8   1.280  11.5   1.3
   3 1980 235 14320.  11.5  16.0   1.080  10.0   2.0
   3 1980 236 11840.  10.4  14.5   1.060   7.5   2.4
   3 1980 237 13520.  10.8  16.2   1.050   6.0   1.9
   3 1980 238 19480.  10.3  16.5   1.070   3.0   0.0
   3 1980 239 20670.  10.4  19.8   1.230   3.5   0.0
   3 1980 240 19320.  12.1  22.3   1.410   2.0   0.0
   3 1980 241  4600.  12.1  17.7   1.700   5.0   1.5
   3 1980 242  9270.  14.3  19.4   1.770   5.0  11.8
   3 1980 243 13760.  14.0  18.0   1.550   9.0   2.9
   3 1980 244 10710.  12.6  17.0   1.370   7.5   1.3
   3 1980 245 14720.  11.5  17.5   1.220   2.5   0.0
   3 1980 246 16970.   7.9  18.8   1.250   3.5   0.0
   3 1980 247 18600.   9.1  21.7   1.270   3.5   0.0
   3 1980 248 15660.  10.7  19.6   1.520   3.0   0.0
   3 1980 249  5220.  11.0  18.0   1.460   4.5   2.9
   3 1980 250 16560.  14.8  18.0   1.510   7.0   0.4
   3 1980 251 17840.  13.6  21.6   1.490   5.5   0.0
   3 1980 252 15660.  12.6  19.5   1.520   4.5   0.0
   3 1980 253 14820.   9.3  16.4   1.200   6.5   0.4
   3 1980 254  3930.  10.4  17.3   1.410   9.5   0.3
   3 1980 255 13580.  13.4  17.1   1.380   8.0   3.3
   3 1980 256 13330.  14.3  18.1   1.450  11.5   0.8
   3 1980 257 10210.  10.9  15.8   1.200  13.5   5.3
   3 1980 258  8640.  13.5  16.9   1.350  10.5   1.4
   3 1980 259 12000.  11.9  17.5   1.490   3.5   0.4
   3 1980 260  9630.  14.7  20.0   1.590   4.5   0.0
   3 1980 261 12190.  13.4  16.9   1.430   7.0   0.7
   3 1980 262 11970.  13.0  18.5   1.460   4.0   0.4
   3 1980 263  7990.  13.4  19.9   1.630   4.0   0.0
   3 1980 264 12020.  16.0  24.1   1.860   3.0   0.0
   3 1980 265  7840.  15.4  20.9   1.730   3.0   0.0
   3 1980 266  6020.  14.1  19.9   1.720   3.0   0.0
   3 1980 267 13000.  12.1  19.6   1.550   4.0   0.0
   3 1980 268  7340.   9.0  17.0   1.380   3.0   2.2
   3 1980 269  8420.   7.5  17.0   1.200   1.5   0.0
   3 1980 270 13400.   5.2  17.7   1.170   2.5   0.0
   3 1980 271  9560.   9.5  18.2   1.430   3.0   0.0
   3 1980 272  8300.   9.7  18.0   1.520   1.5   0.0
   3 1980 273  7490.  13.4  16.5   1.450   3.5   2.9
   3 1980 274 12020.  10.7  16.5   1.210   6.0   0.2
   3 1980 275  8040.   9.4  17.2   1.290   7.0   1.0
   3 1980 276  9850.   9.7  15.7   1.030   6.0   0.0
   3 1980 277  7570.   5.0  15.1   1.000   3.0   0.0
   3 1980 278  4750.   6.0  15.2   1.050   6.0   0.2
   3 1980 279  9010.   9.4  14.9   0.960   6.0   0.0
   3 1980 280  4290.  12.2  14.8   1.220  10.5  14.2
   3 1980 281  8180.   7.4  15.4   0.980  14.5  11.1
   3 1980 282  9380.   9.6  13.0   0.900  10.5   1.5
   3 1980 283  4800.   7.6  12.2   0.900   8.5   7.7
   3 1980 284  7900.   7.0  13.0   0.910   6.0   1.3
   3 1980 285  5400.   6.9  10.5   0.890   9.5   0.0
   3 1980 286  6780.   5.5  12.5   0.970   3.0   0.0
   3 1980 287  9890.   3.5  13.3   0.930   1.5   0.0
   3 1980 288  9090.   1.1  12.6   0.850   1.5   0.0
   3 1980 289  7990.   2.4  11.3   0.860   2.0   0.9
   3 1980 290  1910.   4.8  10.9   1.050   5.5   8.3
   3 1980 291  5070.  10.4  14.4   1.250   8.0   1.5
   3 1980 292  6840.   6.5  11.3   0.890  11.0   2.7
   3 1980 293  3760.   5.5  10.7   0.790   8.0   8.0
   3 1980 294  8060.   6.4  11.0   0.790   4.0   0.3
   3 1980 295  4680.   7.6  12.3   1.120   5.5   7.8
   3 1980 296  2070.   7.7  12.4   1.180   5.5   5.5
   3 1980 297  4630.  10.9  13.4   1.190   9.0   2.6
   3 1980 298  6490.   9.8  11.9   1.010  10.0   0.7
   3 1980 299  6300.   4.5  10.7   0.810   6.0   2.1
   3 1980 300  3340.   5.2  11.0   0.990   5.0   6.5
   3 1980 301  3950.   9.8  15.4   1.490  10.5   2.9
   3 1980 302  2070.  10.8  15.3   1.400   9.5  11.6
   3 1980 303  2760.   9.0  12.8   0.980  13.0   1.1
   3 1980 304  6700.   3.6  10.9   0.740   4.5   0.4
   3 1980 305  6130.   1.9   8.4   0.750   4.0   0.0
   3 1980 306  7110.   0.8   5.3   0.580   8.5   0.0
   3 1980 307  7630.  -2.1   1.7   0.470   8.5   0.0
   3 1980 308  7040.  -2.3   1.7   0.450   7.5   0.0
   3 1980 309  2690.  -2.2   2.7   0.530   4.5   0.0
   3 1980 310  5310.  -1.1   2.8   0.540  11.5   0.0
   3 1980 311  5750.   0.3   5.3   0.570  11.0   0.2
   3 1980 312  3840.   0.2   1.2   0.610   7.0  14.7
   3 1980 313  1920.  -2.1   2.4   0.590   3.0   0.0
   3 1980 314  4430.  -0.6   8.6   0.700   3.5   0.8
   3 1980 315  3620.   2.3   7.4   0.730   3.0   0.7
   3 1980 316  1310.   5.1   7.8   0.770   8.0   4.1
   3 1980 317  3950.   3.1   8.0   0.720   5.5   3.3
   3 1980 318  2780.   4.6   8.9   0.860   8.0   0.3
   3 1980 319   820.   6.2   9.2   0.900  11.0  10.5
   3 1980 320   760.   7.6  12.3   1.150  11.0  13.4
   3 1980 321  2220.   9.5  11.5   1.190   9.0   1.8
   3 1980 322  1540.   9.5  13.1   1.210  12.5   4.4
   3 1980 323  1450.   5.8  10.6   0.840  14.5   3.5
   3 1980 324  1650.   5.6  10.3   0.950   6.5   6.0
   3 1980 325  2320.   9.0  12.0   1.090   9.0   0.3
   3 1980 326  2220.  10.0  11.1   1.140  10.5   0.2
   3 1980 327   860.  10.2  11.3   1.200  11.0   7.2
   3 1980 328   650.  10.4  11.5   1.250   8.5   3.6
   3 1980 329  1430.  10.3  11.6   1.260   9.0   1.7
   3 1980 330  2860.   7.3  11.0   0.890   7.0   0.0
   3 1980 331  3420.   2.4   7.4   0.670   5.0   3.5
   3 1980 332   750.   5.0   8.2   0.770   9.0   2.1
   3 1980 333  2000.   2.0   6.6   0.650  10.0   6.9
   3 1980 334  2220.   0.4   4.1   0.490  12.0   1.4
   3 1980 335  4250.  -3.0   2.2   0.480   8.0   0.0
   3 1980 336  4690.  -5.0   4.7   0.530   5.0   0.0
   3 1980 337  1480.   3.9   7.2   0.760   7.5   7.5
   3 1980 338  2830.   0.3   5.7   0.550   8.5   2.6
   3 1980 339  2130.   0.8   5.2   0.610   6.5   6.3
   3 1980 340   320.   0.0   7.0   0.700   7.0  13.8
   3 1980 341  2930.  -1.6   1.5   0.570   6.0   4.0
   3 1980 342  2310.  -6.2   0.8   0.520   2.5   1.5
   3 1980 343  3640.  -2.8   4.3   0.560   5.5   0.5
   3 1980 344  2090.   2.9   7.1   0.700  12.0   0.0
   3 1980 345   850.   4.9   8.5   0.830  11.5   2.2
   3 1980 346  1010.   6.4   9.8   1.010  10.0   4.4
   3 1980 347   600.   5.5   7.4   0.930   8.0   0.2
   3 1980 348   520.   6.3   9.5   0.940  12.0   1.9
   3 1980 349   720.   7.1   9.9   0.990  11.0   3.7
   3 1980 350  2440.   3.0   7.8   0.780   8.5   9.3
   3 1980 351  3080.   0.8   6.7   0.690   5.0   0.5
   3 1980 352   700.   1.4   5.4   0.750  10.5  19.5
   3 1980 353  2260.   3.4   7.4   0.710   7.0   1.5
   3 1980 354  1980.   0.8   5.0   0.680   7.0   1.9
   3 1980 355   490.   0.1   1.6   0.610   8.5  10.1
   3 1980 356   660.   0.3   5.2   0.680   4.0   5.2
   3 1980 357   820.   0.3   7.9   0.860   5.5   0.9
   3 1980 358  2920.   6.5   9.8   1.010   8.0   1.5
   3 1980 359  2320.   6.5   8.8   0.990  10.0   0.0
   3 1980 360  2410.   4.2   8.3   0.850   9.5   1.4
   3 1980 361  1660.   1.7   6.0   0.670   8.0   4.4
   3 1980 362  3680.  -0.4   6.3   0.640   3.0   1.0
   3 1980 363  1730.   1.1   6.8   0.810   7.5   0.6
   3 1980 364   710.   6.2   7.7   0.940   8.0   0.0
   3 1980 365  1130.   6.9   8.2   0.930   8.5   0.0
   3 1980 366  1000.   4.6   8.4   0.870  13.0   0.9
