*---------------------------------------------------------------------------*
* Station name: De Kooy (Den Helder), Netherlands
* Year: 1978
* Author: Gon van Laar                      -99.000: NIL VALUE
* Source: K.N.M.I. - data invoer: Hennie de Ruiter
*
* Longitude: 4 45 E, latitude: 53 N, altitude: 3 m.
*
* Column  Daily value
* 1       station number
* 2       year
* 3       day
* 4       irradiation                   (kJ m-2 d-1)
* 5       minimum temperature           (degrees Celsius)
* 6       maximum temperature           (degrees Celsius)
* 7       early morning vapour pressure (kPa)
* 8       mean wind speed (height: 2 m) (m s-1)
* 9       precipitation                 (mm d-1)
*
** WCCDESCRIPTION=Netherlands, De Kooy
** WCCFORMAT=2
** WCCYEARNR=1978
*---------------------------------------------------------------------------*
   4.75  53.00     3.  -0.18 -0.55
   3 1978   1   880.   6.2   8.1   0.900   6.5   0.8
   3 1978   2   750.   5.1   7.9   0.770   7.5   0.2
   3 1978   3   690.   2.0   7.4   0.690  14.5   9.5
   3 1978   4  2590.   1.0   5.7   0.560   9.5   2.7
   3 1978   5  1120.  -2.3   6.8   0.640   7.5   1.5
   3 1978   6   620.   6.2   7.6   0.830   6.5   0.0
   3 1978   7  2550.  -0.2   6.7   0.680   5.5   0.0
   3 1978   8  2340.  -2.7   4.3   0.650   2.5   0.0
   3 1978   9   490.   2.9   6.9   0.830   7.0   2.5
   3 1978  10  3100.   3.4   6.2   0.740  11.0   4.4
   3 1978  11   660.   3.9   5.2   0.810   8.0  10.1
   3 1978  12  3190.   3.2   5.1   0.640  13.5   3.5
   3 1978  13  4200.   0.4   6.7   0.700   4.0   0.4
   3 1978  14  1160.   4.4   6.6   0.860   4.5   1.0
   3 1978  15  2370.  -0.7   4.5   0.700   5.0   0.2
   3 1978  16  1500.   0.6   4.1   0.680   5.0   0.1
   3 1978  17  1540.   1.8   6.0   0.770   4.5   1.4
   3 1978  18  2390.  -1.3   6.2   0.700   4.0   0.1
   3 1978  19  1720.  -1.3   3.4   0.620   6.5   0.5
   3 1978  20  1000.   1.6   4.6   0.750   6.5   0.8
   3 1978  21  1990.   2.2   5.9   0.760   6.5   1.9
   3 1978  22  4660.   0.3   2.8   0.610   6.5   0.9
   3 1978  23  4410.   0.5   5.4   0.680   8.0   3.8
   3 1978  24  1170.   2.6   6.4   0.860   9.0   9.5
   3 1978  25   850.   3.3   5.8   0.760   9.0   3.0
   3 1978  26  3430.   2.4   6.6   0.730   7.0   1.8
   3 1978  27  2630.   2.3   5.8   0.740   9.5   4.9
   3 1978  28  1480.   2.6   7.0   0.750  10.0   0.9
   3 1978  29   910.   2.8   5.0   0.760   5.5   1.3
   3 1978  30  3130.   1.5   6.0   0.720   6.0   1.8
   3 1978  31  4850.   0.4   5.0   0.590   6.5   3.7
   3 1978  32  1110.   0.3   2.1   0.660   7.5   6.3
   3 1978  33  1170.   0.5   3.0   0.620   6.5   0.2
   3 1978  34  3400.   1.6   4.9   0.660   2.5   0.7
   3 1978  35  2820.   1.0   3.4   0.630   4.0   0.0
   3 1978  36   780.   0.0   1.5   0.640   6.5   7.1
   3 1978  37  1650.   0.8   1.7   0.660   3.5   0.0
   3 1978  38   800.  -1.3   0.9   0.550   5.0   0.0
   3 1978  39  5510.  -1.6   1.0   0.490   6.0   0.0
   3 1978  40  6430.  -3.3  -0.9   0.430   7.0   0.0
   3 1978  41  7790.  -4.1  -1.0   0.390   5.5   0.0
   3 1978  42  2900.  -3.5  -0.6   0.420   3.5   1.1
   3 1978  43  3960.  -1.9   3.0   0.550   2.0   1.5
   3 1978  44  5790.  -3.3   3.4   0.540   4.5   1.5
   3 1978  45  3480.  -1.8   0.0   0.520   2.0   0.0
   3 1978  46  6180.  -2.6   2.2   0.510   3.0   0.0
   3 1978  47  7090.  -4.7   1.0   0.460   4.5   0.0
   3 1978  48  6230.  -6.5   0.0   0.380   3.0   0.5
   3 1978  49  9390.  -9.3   4.3   0.430   2.0   0.0
   3 1978  50  9320.  -5.8  -0.9   0.380   7.0   0.0
   3 1978  51 11050.  -6.6  -0.2   0.330   6.0   0.0
   3 1978  52  5370.  -5.8   1.7   0.450   5.0   3.6
   3 1978  53  2180.   1.7   4.4   0.760   4.5   1.9
   3 1978  54  2080.   1.1   0.2   0.760   7.0   0.3
   3 1978  55  8890.   2.5  12.2   0.890   7.0   0.0
   3 1978  56  4250.   2.8  11.9   1.000   6.0   0.3
   3 1978  57 10740.   5.6  12.8   0.920   8.0   0.1
   3 1978  58  7290.   6.3  12.8   1.000   7.0   4.6
   3 1978  59  8170.   4.0  12.1   0.920   5.5   0.0
   3 1978  60 10490.   3.8  14.2   0.920   5.0   0.2
   3 1978  61  7490.   3.8  11.0   0.840   5.0   0.4
   3 1978  62  3210.   4.4   7.3   0.850   2.5   0.6
   3 1978  63  2300.   3.2   4.6   0.790   4.0   0.0
   3 1978  64 12400.   0.4   7.2   0.670   6.5   0.0
   3 1978  65 11530.  -0.9   7.5   0.630   2.5   0.1
   3 1978  66  7820.  -1.6   7.6   0.750   4.5   0.0
   3 1978  67  1960.   2.9   6.8   0.820   8.0   3.2
   3 1978  68 10710.   3.8  10.2   0.770   5.5   0.0
   3 1978  69  3620.   5.2   8.1   0.920   4.5   0.0
   3 1978  70  4440.   5.0   9.8   0.970   3.0   0.1
   3 1978  71  1970.   5.2  10.0   1.060   5.0   8.1
   3 1978  72  9650.   3.5   8.1   0.850   8.0   0.9
   3 1978  73  4150.   5.9   9.7   0.880  13.5   2.2
   3 1978  74 11060.   5.1   9.4   0.810  12.0   0.9
   3 1978  75  4740.   2.2   7.8   0.730   9.5  12.9
   3 1978  76 11230.   0.8   5.5   0.530   7.0   0.3
   3 1978  77  9460.   1.5   6.6   0.640   7.0   0.9
   3 1978  78  5400.   1.3   8.1   0.770   7.5  10.8
   3 1978  79 12980.   4.6   7.9   0.750   8.0   0.1
   3 1978  80  4810.   1.8   5.3   0.700   6.5   7.3
   3 1978  81 10000.   1.7   8.9   0.790   9.0   2.5
   3 1978  82  6070.   3.4   7.7   0.730  12.0   3.1
   3 1978  83  9430.   3.3   8.2   0.730   6.5   0.0
   3 1978  84 11380.   4.1  10.0   0.850  10.5   8.1
   3 1978  85 10850.   4.4   7.7   0.660  12.0   0.0
   3 1978  86  4500.   5.0   8.9   0.920   8.5   4.4
   3 1978  87  5010.   5.2  12.0   1.000   9.5   2.6
   3 1978  88 16520.   6.0  11.5   0.920  10.0   0.2
   3 1978  89  7740.   3.4   9.2   0.810   2.0   0.0
   3 1978  90  8640.  -0.8   8.9   0.830   3.0   0.0
   3 1978  91 11530.   5.0  13.8   0.940   4.5   0.0
   3 1978  92  6250.   3.4   8.2   0.940   4.5   0.0
   3 1978  93  5240.   4.9   7.8   0.890   6.5   0.0
   3 1978  94  9150.   4.2   8.3   0.810   8.0   0.0
   3 1978  95 20040.   3.9   8.2   0.600   8.5   0.0
   3 1978  96 20520.   2.2   8.3   0.540   6.5   0.0
   3 1978  97 12830.   3.4   8.3   0.670   5.5   0.0
   3 1978  98  6600.   4.3   7.7   0.770   5.0   0.0
   3 1978  99  8170.   2.8   7.2   0.770   3.0   0.0
   3 1978 100  7200.   3.3   6.9   0.670   5.0   0.2
   3 1978 101  6720.   0.1   4.9   0.580   8.0  10.8
   3 1978 102  5120.   1.2   4.3   0.640   6.5   8.0
   3 1978 103 17570.  -0.3   7.8   0.570   2.5   0.0
   3 1978 104 16820.   2.8   7.6   0.580   6.0   0.1
   3 1978 105 19080.   2.5   8.6   0.590   5.5   0.0
   3 1978 106 19430.   1.3   9.0   0.620   5.0   0.9
   3 1978 107 20440.   1.8   9.3   0.610   2.5   0.0
   3 1978 108 18350.   2.1  13.0   0.640   5.0   0.0
   3 1978 109 17790.   4.4  16.0   0.800   4.5   0.0
   3 1978 110 11510.   6.1  15.9   0.950   5.5   2.2
   3 1978 111 22110.   2.3  13.2   0.870   3.0   0.0
   3 1978 112 20830.   1.8  12.7   0.870   2.5   0.0
   3 1978 113 19060.   5.3  13.0   0.990   4.0   0.0
   3 1978 114 16810.   4.7  10.0   0.860   4.0   0.0
   3 1978 115 16320.   5.3  10.8   0.660   5.0   0.0
   3 1978 116 15680.   4.4  13.3   0.770   7.0   0.0
   3 1978 117 12000.   4.3  12.3   0.800   6.0   0.6
   3 1978 118 16020.   3.5  11.3   0.830   3.0   0.2
   3 1978 119 22780.   3.2  12.8   0.910   4.0   0.0
   3 1978 120  5700.   0.6  11.6   1.090   5.0   5.9
   3 1978 121 14680.   8.0  11.7   1.100   5.5   0.1
   3 1978 122 16480.   7.5  11.2   0.950   7.5   0.0
   3 1978 123  6970.   6.3  13.5   0.980   5.0   0.0
   3 1978 124 20410.   7.5  14.9   1.180   3.0   0.0
   3 1978 125 15370.  10.3  20.7   1.300   4.0   3.3
   3 1978 126  8290.  10.7  15.9   1.340   3.5   7.3
   3 1978 127  5530.  10.0  12.8   1.160   6.0   0.0
   3 1978 128 16120.  10.2  13.3   1.060   6.0   0.0
   3 1978 129 26380.   6.5  14.7   1.010   5.0   0.0
   3 1978 130 16580.   5.8  12.5   0.920   6.0   0.0
   3 1978 131 24030.   5.7  10.2   0.600   4.0   0.3
   3 1978 132 14740.   6.1  10.6   0.870   8.5   4.9
   3 1978 133 13310.   5.7   9.9   0.790   2.5   0.0
   3 1978 134 16160.   4.0  12.3   0.920   2.5   0.2
   3 1978 135 16360.   7.3  13.3   1.060   2.0   0.6
   3 1978 136 19570.   5.5  13.3   1.060   2.5   0.0
   3 1978 137 25490.   9.0  13.1   0.960   4.5   0.0
   3 1978 138 26570.   8.7  14.0   0.980   6.0   0.0
   3 1978 139 23210.   9.9  15.5   1.220   5.5   0.0
   3 1978 140 12430.   9.5  12.6   1.130   5.5   0.0
   3 1978 141  8670.   8.5  11.0   1.000   3.0   0.0
   3 1978 142 23060.   8.7  14.3   1.040   3.0   0.0
   3 1978 143  9110.   8.6  11.0   1.110   8.5   0.0
   3 1978 144  6290.   9.0  11.4   1.160   8.0   0.0
   3 1978 145  4170.   8.1   9.9   1.000   7.5   0.1
   3 1978 146 24140.   8.2  13.5   1.070   4.0   0.0
   3 1978 147 19790.   8.6  13.7   1.190   3.5   0.0
   3 1978 148 27860.   9.7  16.3   1.190   4.5   0.0
   3 1978 149 22800.   9.9  16.1   1.330   4.0   0.0
   3 1978 150 26440.  13.1  19.9   1.560   4.5   0.0
   3 1978 151 25830.  14.5  24.5   1.550   3.5   0.0
   3 1978 152 23330.  14.2  27.9   1.620   2.5   0.0
   3 1978 153 26100.  11.3  20.9   1.420   2.5   0.0
   3 1978 154 25250.   9.0  21.9   1.520   3.5   0.0
   3 1978 155 24790.  14.6  22.9   1.710   3.5   0.0
   3 1978 156 17600.  13.8  18.5   1.500   3.0   0.0
   3 1978 157 17010.  14.1  22.0   1.760   3.0   2.5
   3 1978 158 21010.  12.6  18.6   1.440   4.5   0.5
   3 1978 159 24740.  11.8  15.5   1.250   6.5   4.1
   3 1978 160 27160.  11.8  14.6   1.020   7.0   0.1
   3 1978 161 17320.  10.8  13.6   1.040   8.0   0.0
   3 1978 162 21810.   9.5  15.2   1.070   7.5   0.0
   3 1978 163 18510.   9.8  13.7   0.990   8.5   0.1
   3 1978 164 14550.  10.0  13.4   0.940   5.0   0.0
   3 1978 165 12170.  10.5  14.0   1.050   3.5   0.0
   3 1978 166 26850.   9.5  16.8   1.220   4.5   0.0
   3 1978 167 10160.  13.3  17.3   1.350   4.5   1.8
   3 1978 168 29990.  13.4  18.6   1.150   8.0   0.0
   3 1978 169 29890.  11.8  17.6   1.010   5.0   0.0
   3 1978 170 30060.   7.9  19.2   1.240   2.5   0.0
   3 1978 171 28080.   7.7  19.7   1.140   2.0   0.0
   3 1978 172 24140.   8.1  17.7   1.290   6.5   0.0
   3 1978 173 13200.  12.5  16.6   1.340   8.0   1.9
   3 1978 174 17040.  11.7  15.6   1.210   8.0   5.5
   3 1978 175 16120.  10.7  14.6   1.070   9.0   0.6
   3 1978 176 11440.  11.2  14.5   1.180   8.5  10.0
   3 1978 177  8040.   9.7  13.0   1.080   7.5   1.9
   3 1978 178 13180.   7.3  13.7   0.990   5.5   0.3
   3 1978 179  9590.   7.9  13.6   1.330   4.5   3.1
   3 1978 180  9940.  11.8  16.8   1.540   5.0   3.2
   3 1978 181 15810.  11.7  16.6   1.390   5.5   5.2
   3 1978 182 20860.  10.5  16.2   1.280   5.5   0.0
   3 1978 183  4520.  13.1  15.0   1.530   6.5  15.4
   3 1978 184 16560.   7.8  15.8   1.350   6.0   4.6
   3 1978 185 17150.   7.2  14.3   1.150   4.5   8.1
   3 1978 186 17470.   7.0  16.6   1.170   4.0   3.2
   3 1978 187 10310.  10.8  13.5   1.240   9.0   5.2
   3 1978 188 10800.  10.1  14.6   1.150   7.5   3.5
   3 1978 189  8980.  11.1  14.6   1.150   7.0   6.5
   3 1978 190 10910.  11.1  14.8   1.230   6.5   0.9
   3 1978 191 23610.   9.7  16.3   1.290   5.0   0.2
   3 1978 192 29080.   6.5  17.8   1.300   3.5   0.0
   3 1978 193 27160.  11.0  16.8   1.290   3.5   0.0
   3 1978 194 21320.   8.6  16.0   1.160   3.0   0.0
   3 1978 195 11570.  11.7  15.9   1.210   5.0   0.1
   3 1978 196 13530.  10.5  14.5   1.030   5.0   0.0
   3 1978 197 11200.  11.1  15.6   1.150   6.0   0.1
   3 1978 198 26360.   8.9  15.4   1.020   2.5   0.0
   3 1978 199  9180.   9.3  17.1   1.270   3.5   0.1
   3 1978 200 13850.  12.5  16.2   1.310   6.0   0.0
   3 1978 201 18540.  11.0  16.0   1.260   8.0   4.4
   3 1978 202 18410.   7.0  15.5   1.080   5.5   0.6
   3 1978 203 22940.   5.2  18.0   1.340   6.0   0.0
   3 1978 204 23860.  14.0  20.8   1.440   7.0   0.0
   3 1978 205 16120.  12.3  18.8   1.590   5.0   0.4
   3 1978 206 21770.  10.9  20.0   1.400   1.5   0.0
   3 1978 207 12670.  12.2  23.3   1.630   6.0   0.0
   3 1978 208 25510.  11.1  20.4   1.600   3.5   0.0
   3 1978 209 19220.  13.1  25.1   1.690   3.0   0.0
   3 1978 210 22920.  14.9  23.5   1.990   3.0   0.0
   3 1978 211 20890.  18.0  28.8   2.170   5.0   0.0
   3 1978 212 17790.  14.3  27.5   2.070   1.5   0.0
   3 1978 213  6400.  16.4  20.8   1.850   2.0   0.2
   3 1978 214 14920.  13.5  24.6   1.690   4.0   0.9
   3 1978 215 12140.  13.4  19.1   1.610   6.5   0.5
   3 1978 216  5930.  14.8  17.4   1.530   6.5   0.2
   3 1978 217 11040.  12.5  18.6   1.600   6.0   0.9
   3 1978 218 10030.  10.7  19.6   1.500   5.0   1.9
   3 1978 219 17510.  11.6  17.7   1.530   5.0   2.0
   3 1978 220 19110.  12.8  18.3   1.460   5.0   0.0
   3 1978 221 18250.  11.2  19.0   1.390   3.5   0.0
   3 1978 222 19390.  13.8  19.5   1.380   5.0   5.2
   3 1978 223  8960.  13.8  16.8   1.210   4.5   0.0
   3 1978 224 13660.  12.4  18.7   1.350   4.0   0.0
   3 1978 225 17210.  12.9  21.7   1.420   3.0   0.0
   3 1978 226  8800.  12.9  18.8   1.530   6.5   1.0
   3 1978 227 20510.  12.3  24.4   1.520   7.5   0.0
   3 1978 228 19830.  14.2  19.3   1.470   7.5   0.7
   3 1978 229 18720.  11.6  18.0   1.260   6.5   0.3
   3 1978 230 22570.   9.6  20.0   1.160   2.5   0.0
   3 1978 231 20700.   9.8  23.1   1.330   4.0   0.0
   3 1978 232 18740.  12.0  24.6   1.460   2.5   0.0
   3 1978 233 16050.  11.6  19.3   1.600   3.0   0.0
   3 1978 234 18530.  14.0  21.2   1.710   5.0  18.3
   3 1978 235 19120.  12.8  18.9   1.400   4.0   0.0
   3 1978 236 14500.  10.1  18.1   1.250   4.0   0.0
   3 1978 237 15710.  13.3  18.2   1.210   7.0   0.0
   3 1978 238 10220.  13.0  16.9   1.050   7.5   0.0
   3 1978 239 16530.  12.2  15.6   1.070   8.5   1.5
   3 1978 240 12790.  12.1  16.4   1.150   6.0   0.0
   3 1978 241  6560.  12.5  16.8   1.440   6.0   6.0
   3 1978 242 11810.  11.1  15.6   1.100   7.5   6.5
   3 1978 243  9530.  11.7  15.2   1.170   7.0   1.4
   3 1978 244  9270.  11.8  16.0   1.200   5.0   5.7
   3 1978 245 11510.  11.9  15.9   1.100   7.5   0.8
   3 1978 246 14910.  11.8  16.0   1.120   7.0   1.9
   3 1978 247 14710.  11.8  15.8   1.020   5.5   0.0
   3 1978 248 16110.   9.9  15.3   1.000   3.0   0.0
   3 1978 249 15170.  10.7  16.9   1.330   3.0   0.3
   3 1978 250 13040.  10.8  20.3   1.530   3.5   0.1
   3 1978 251 16200.  12.0  17.9   1.450   5.5   0.2
   3 1978 252 14530.  15.8  18.0   1.600   8.5   8.5
   3 1978 253  9500.  16.1  20.4   1.760  11.5   0.0
   3 1978 254  9520.  12.4  18.5   1.480  13.0   2.0
   3 1978 255 13620.  12.1  16.5   1.110  10.0   0.6
   3 1978 256 12120.  13.9  19.0   1.570   8.5   0.0
   3 1978 257  5550.  12.3  16.7   1.360   7.5  18.5
   3 1978 258  9260.  13.7  18.0   1.290  10.0   0.0
   3 1978 259 11750.  13.1  18.6   1.520   8.5   0.0
   3 1978 260  9220.  12.1  16.6   1.160   8.0   0.0
   3 1978 261 12850.  12.6  15.6   1.090   7.0   0.0
   3 1978 262 11510.  10.4  14.7   1.030   8.0   1.3
   3 1978 263 11360.   9.8  15.7   1.070   6.0   0.0
   3 1978 264  8250.  13.3  16.6   1.470   6.5   0.0
   3 1978 265  3610.  14.5  16.2   1.530   7.5   3.6
   3 1978 266  7780.  14.5  17.4   1.550   5.5   0.0
   3 1978 267 11040.  15.4  18.5   1.660   7.0   0.0
   3 1978 268  6680.  12.2  16.5   1.290   6.5   1.4
   3 1978 269  9040.  11.0  16.5   1.080   6.5   0.4
   3 1978 270  8140.   9.0  14.9   1.080   6.5   9.7
   3 1978 271  6170.  10.0  13.4   1.070   5.0   6.5
   3 1978 272  7530.  10.2  15.4   1.240   9.0   7.0
   3 1978 273  3740.   8.8  13.5   1.110   7.5  27.5
   3 1978 274 11500.  10.2  13.3   1.080   8.5   0.0
   3 1978 275  3340.   7.6  10.4   1.080   2.0   0.0
   3 1978 276  8720.   6.6  13.5   1.090   4.0   0.0
   3 1978 277 11160.   7.8  14.2   1.000   5.5   0.0
   3 1978 278  6280.  10.2  16.1   1.290  10.0   0.0
   3 1978 279  6670.  10.1  16.2   1.430   6.0   0.0
   3 1978 280  8070.   8.0  18.1   1.340   3.0   0.1
   3 1978 281 11080.   3.2  20.1   1.270   3.5   0.0
   3 1978 282  3930.  10.3  16.6   1.490   4.0   1.4
   3 1978 283  8090.  12.3  20.3   1.560   4.0   0.0
   3 1978 284 10600.  10.7  22.4   1.480   3.0   0.0
   3 1978 285 10600.   7.2  20.6   1.360   3.0   0.0
   3 1978 286  9090.   4.8  20.5   1.270   2.0   0.0
   3 1978 287  5090.   4.3  15.4   1.260   1.0   0.0
   3 1978 288  1040.  11.5  14.0   1.370   2.5   0.0
   3 1978 289  4200.   9.1  14.4   1.000   9.0   5.6
   3 1978 290  8190.   6.1  11.5   0.860   5.0   0.3
   3 1978 291  8820.   7.8  13.4   0.920   3.5   0.9
   3 1978 292  7390.   7.7  13.7   1.050   2.5   0.0
   3 1978 293  2490.   8.7  13.5   1.100   6.5   0.6
   3 1978 294  7020.   7.1  11.3   0.900   4.5   1.8
   3 1978 295  3880.  10.6  14.0   1.150   7.5   3.8
   3 1978 296  6990.   9.7  13.2   1.030   5.5   0.0
   3 1978 297  6300.  11.9  15.1   1.340   9.5   0.0
   3 1978 298  4180.   9.1  14.3   1.050   6.0   1.9
   3 1978 299  4070.   9.1  13.3   1.070   1.5   0.1
   3 1978 300  1520.   7.5  13.1   1.200   3.5   0.7
   3 1978 301  1680.  11.2  12.9   1.110   4.0   0.0
   3 1978 302  2270.  11.8  13.7   1.170   4.0   0.0
   3 1978 303  1230.  11.2  13.0   1.180   4.5   0.0
   3 1978 304  5230.   7.9  12.9   1.000   5.0   0.0
   3 1978 305  3340.   7.1  14.6   1.190   3.5   0.0
   3 1978 306  1400.   6.0  13.0   1.190   6.5   4.7
   3 1978 307  2760.   7.3  13.7   1.310   4.0   0.1
   3 1978 308  6020.   7.8  15.1   1.270   5.0   0.0
   3 1978 309  4190.  11.3  15.0   1.370   4.5   0.0
   3 1978 310  3460.   7.0  13.3   1.130   3.5   0.0
   3 1978 311  5960.   3.9   9.8   0.890   5.5   0.0
   3 1978 312  4900.   2.7  12.4   0.990   4.5   0.0
   3 1978 313  1680.   6.2  12.9   1.240   3.5   0.0
   3 1978 314  4350.   4.2   8.5   0.880   3.5   0.0
   3 1978 315  2100.   0.4   5.9   0.750   4.5   0.0
   3 1978 316  2930.   0.1   9.0   0.730   6.0   0.0
   3 1978 317  3620.   8.8  11.6   0.940   7.0   3.2
   3 1978 318  2150.  11.1  13.2   1.190  11.0   0.0
   3 1978 319  3310.  10.1  12.6   1.100  13.5   0.6
   3 1978 320  4500.   8.1  11.6   0.830  12.0   0.2
   3 1978 321  2140.  11.0  12.6   1.140   9.0   0.3
   3 1978 322   600.  10.6  12.7   1.240  12.0   1.5
   3 1978 323  1280.   9.7  13.0   1.180  12.5   6.8
   3 1978 324  4460.   7.8  10.6   0.750   7.5   0.0
   3 1978 325  1630.   9.3  12.8   1.150   9.5   1.2
   3 1978 326  2700.  11.6  12.7   1.230   9.0   0.0
   3 1978 327  1430.  10.7  12.0   1.200   8.0   0.5
   3 1978 328   480.   7.7  11.7   1.150   8.5  10.6
   3 1978 329  3730.   3.7   8.2   0.720   5.5   2.3
   3 1978 330  2020.   1.2   6.5   0.660   6.0   7.8
   3 1978 331  2230.   1.1   5.8   0.580   9.0   6.0
   3 1978 332  3560.   0.2   6.3   0.570   8.5   1.9
   3 1978 333  4530.  -2.2   4.7   0.570   2.0   0.1
   3 1978 334  3870.  -2.7   3.8   0.600   2.0   0.0
   3 1978 335  2560.  -5.3   0.2   0.510   3.0   0.1
   3 1978 336   950.  -1.8   0.9   0.590   6.5   0.0
   3 1978 337  3510.  -0.8   0.8   0.580   5.5   0.2
   3 1978 338   850.   0.4   2.2   0.610   7.5   3.1
   3 1978 339  3180.  -2.7   0.5   0.480   5.5   0.0
   3 1978 340  3890.  -3.2  -0.6   0.440   7.0   0.0
   3 1978 341  3280.  -4.4  -2.2   0.400   8.5   0.0
   3 1978 342   630.  -3.2   7.6   0.570   8.5   5.9
   3 1978 343  3070.   6.2   9.7   1.000   8.0   0.1
   3 1978 344   950.   5.7   9.0   1.050   4.5   0.9
   3 1978 345  2710.   6.2   9.9   1.000   5.5   0.8
   3 1978 346  1370.   6.6  10.6   1.010   8.0   3.7
   3 1978 347  1560.   5.3   8.8   0.900  11.0   5.8
   3 1978 348  1430.   5.2   7.4   0.830   7.0   4.5
   3 1978 349  1130.   4.0   7.5   0.870   4.0   9.2
   3 1978 350  1870.  -0.9   4.2   0.630   7.0   2.0
   3 1978 351  1250.  -3.6   1.7   0.550   3.5   0.0
   3 1978 352  2690.  -5.6  -1.8   0.440   3.0   0.0
   3 1978 353  3490.  -6.0   0.0   0.440   5.0   0.3
   3 1978 354   730.  -4.1  -1.5   0.430   6.0   0.0
   3 1978 355  1250.  -4.2  -0.2   0.530   6.0   0.0
   3 1978 356   510.  -1.2   0.4   0.550   3.0   0.0
   3 1978 357   420.  -1.7  -0.4   0.520   3.5   0.0
   3 1978 358   650.  -1.4   1.7   0.590   8.0  12.1
   3 1978 359  3430.   1.1   8.0   0.880   6.0   0.6
   3 1978 360   500.   3.3   8.1   0.940   6.0   2.6
   3 1978 361   560.   2.2   5.6   0.810   5.0   8.8
   3 1978 362   610.   4.4   8.7   1.010   7.0   8.6
   3 1978 363   470.  -3.7   7.9   0.680   6.0  15.8
   3 1978 364  1950.  -9.1  -3.6   0.310   8.0   0.9
   3 1978 365  2670.  -9.2  -5.4   0.280  10.0   1.6
