*---------------------------------------------------------*
*   Country: Philippines
*   Station: IRRI wet station site
*      Year: 1986
*    Source: Agroclimate Service Unit of IRRI.
*    Author: Daniel van Kraalingen
* Longitude: 121 15 E
*  Latitude: 14 11 N
* Elevation: 21 m.
*  Comments: Original name of data used in IRRI: ORWET.
*
*  Columns:
*  ========
*  station number
*  year
*  day
*  irradiation (kJ m-2 d-1)
*  minimum temperature (degrees Celsius)
*  maximum temperature (degrees Celsius)
*  vapour pressure (kPa)
*  mean wind speed (m s-1)
*  precipitation (mm d-1)
** WCCDESCRIPTION=Philippines, IRRI wet station site
** WCCFORMAT=2
** WCCYEARNR=1986
*---------------------------------------------------------*
 121.25  14.18    21. -0.25 -0.45
   1 1986   1 15480.  21.5  30.8   2.360   1.2   0.0
   1 1986   2  8100.  23.3  26.7   2.410   2.1   0.0
   1 1986   3  8640.  22.9  27.5   2.470   1.5   1.3
   1 1986   4 10440.  22.7  29.0   2.660   1.2   1.4
   1 1986   5 11160.  22.9  26.7   2.460   2.4   0.0
   1 1986   6 15120.  21.5  27.2   2.150   2.5   0.0
   1 1986   7  9540.  20.0  26.2   2.150   2.9   0.0
   1 1986   8  8280.  21.5  24.9   1.960   4.2   0.0
   1 1986   9  8640.  20.8  24.4   1.740   2.7   0.0
   1 1986  10  7740.  20.8  26.2   2.070   2.3   0.0
   1 1986  11  5580.  20.0  25.0   2.040   2.3   0.0
   1 1986  12  6840.  22.1  26.2   2.370   2.1   1.8
   1 1986  13 10620.  21.9  27.6   2.500   2.0   0.2
   1 1986  14  8820.  21.8  27.3   2.410   2.0   0.1
   1 1986  15 15840.  21.4  28.7   2.370   2.0   0.0
   1 1986  16  9000.  20.3  26.4   2.300   2.5   0.2
   1 1986  17 15480.  21.4  27.5   2.150   2.5   0.0
   1 1986  18  9540.  19.1  26.5   2.050   1.7   0.0
   1 1986  19  9360.  19.0  27.4   2.130   1.6   0.0
   1 1986  20  5400.  22.0  25.7   2.250   2.2   0.0
   1 1986  21  3240.  22.0  24.7   2.300   2.4   0.0
   1 1986  22 10440.  21.7  25.6   2.180   2.7   0.0
   1 1986  23  5940.  21.0  24.4   2.110   2.1   0.0
   1 1986  24  8640.  20.4  25.5   2.090   2.4   0.0
   1 1986  25  7920.  21.6  25.6   2.170   2.1   0.4
   1 1986  26  5220.  21.0  24.3   2.300   2.3   0.0
   1 1986  27  6480.  21.6  24.4   2.330   2.1   3.8
   1 1986  28  8280.  21.5  26.7   2.580   1.2   2.2
   1 1986  29 12960.  22.3  28.9   2.630   1.6   1.0
   1 1986  30 11340.  23.2  31.0   2.670   1.1   0.1
   1 1986  31 18720.  21.2  32.4   2.450   1.3   0.0
   1 1986  32 18000.  20.5  32.0   2.460   1.3   0.0
   1 1986  33 17100.  21.8  31.3   2.470   1.5   0.0
   1 1986  34 17820.  21.1  31.1   2.490   1.2  29.8
   1 1986  35 16020.  22.2  30.0   2.590   1.7   0.0
   1 1986  36 10620.  23.2  28.0   2.540   1.8   0.0
   1 1986  37 19800.  19.6  29.8   2.210   1.0   0.0
   1 1986  38 10440.  20.3  26.7   2.350   1.6   0.0
   1 1986  39  8640.  21.4  26.1   2.310   1.7   6.0
   1 1986  40 18000.  20.6  27.8   2.170   1.9   0.0
   1 1986  41 12960.  19.9  27.1   2.350   1.3   0.0
   1 1986  42  8820.  21.6  25.6   2.360   2.4   0.5
   1 1986  43  9720.  21.1  26.0   2.300   2.7   0.0
   1 1986  44 18720.  20.0  27.9   2.150   2.1   0.0
   1 1986  45 17640.  19.6  29.9   2.250   1.2   0.0
   1 1986  46 20520.  18.5  30.7   2.060   1.0   0.0
   1 1986  47 18360.  20.0  29.0   2.140   2.3   0.7
   1 1986  48 10800.  21.1  27.1   2.310   1.7   0.5
   1 1986  49 20880.  20.1  29.4   2.320   1.1   0.0
   1 1986  50 20520.  20.9  30.6   2.340   1.4   0.0
   1 1986  51 20700.  19.9  31.4   2.210   1.1   0.0
   1 1986  52 17280.  22.1  28.9   2.450   2.2   0.0
   1 1986  53  8640.  22.5  25.4   2.340   1.8   0.0
   1 1986  54 19800.  20.0  27.9   2.220   2.1   0.0
   1 1986  55 21420.  19.6  28.0   2.170   2.2   1.1
   1 1986  56 11160.  19.5  25.7   2.170   1.8   2.3
   1 1986  57 11340.  20.0  27.6   2.180   2.2   2.0
   1 1986  58 10440.  19.3  26.6   2.150   1.6   1.2
   1 1986  59  9720.  19.4  26.1   2.250   1.2   6.0
   1 1986  60 13860.  19.7  26.3   2.260   1.8   5.0
   1 1986  61 14940.  20.4  27.4   2.250   1.8   0.6
   1 1986  62 11340.  20.7  25.5   2.260   2.7   0.0
   1 1986  63  9180.  21.0  25.6   2.130   2.3   0.0
   1 1986  64 15120.  19.4  26.6   2.090   2.3   0.0
   1 1986  65 12960.  19.9  27.3   2.200   2.4   0.0
   1 1986  66  8100.  21.7  26.1   2.330   2.5   0.4
   1 1986  67 20160.  22.0  27.8   2.220   2.7   0.0
   1 1986  68 18900.  20.2  28.1   2.220   2.4   0.0
   1 1986  69 20520.  21.5  29.5   2.400   2.0   0.0
   1 1986  70 16740.  22.9  30.8   2.750   1.7   0.0
   1 1986  71 13860.  22.5  30.1   2.620   1.6   2.2
   1 1986  72 22680.  23.2  30.1   2.720   2.3   0.0
   1 1986  73 18900.  23.4  31.0   2.530   1.8   0.0
   1 1986  74 17100.  21.6  32.6   2.460   1.4   0.0
   1 1986  75 20520.  21.6  31.5   2.580   1.7   0.0
   1 1986  76 21780.  22.5  30.8   2.540   1.8   0.0
   1 1986  77 21960.  20.5  31.7   2.330   1.4   0.0
   1 1986  78 21960.  20.2  31.8   2.520   1.5   0.0
   1 1986  79 21240.  22.9  31.1   2.670   2.1   0.0
   1 1986  80 22680.  23.3  34.0   2.480   1.7   0.0
   1 1986  81 21600.  21.4  32.6   2.320   1.3   0.0
   1 1986  82 20160.  20.5  31.5   2.130   1.4   0.0
   1 1986  83 22500.  20.5  30.5   2.250   1.9   0.0
   1 1986  84 22680.  20.0  31.1   2.230   1.6   0.0
   1 1986  85 11160.  21.5  30.6   2.450   1.1   0.0
   1 1986  86 15840.  22.0  31.2   2.540   1.6   0.0
   1 1986  87 21780.  23.0  31.4   2.630   1.4   0.0
   1 1986  88 20880.  22.5  31.6   2.510   1.4   0.0
   1 1986  89 22680.  21.3  31.0   2.420   1.7   0.0
   1 1986  90 21600.  20.6  32.9   2.450   1.1   0.0
   1 1986  91 20340.  22.2  31.5   2.570   1.7   0.0
   1 1986  92 11880.  23.9  30.2   2.820   1.6   0.7
   1 1986  93 20880.  23.6  31.2   2.700   1.7   0.0
   1 1986  94 22500.  22.4  31.4   2.550   1.6   0.0
   1 1986  95 16560.  21.7  30.2   2.500   1.8   0.0
   1 1986  96  8280.  24.5  28.5   2.650   1.9   0.2
   1 1986  97  9900.  23.7  28.9   2.740   2.0   3.8
   1 1986  98 10080.  22.6  28.0   2.630   1.6   0.6
   1 1986  99 16560.  23.3  31.5   2.720   1.4   0.0
   1 1986 100 20700.  22.5  31.4   2.500   1.7   0.0
   1 1986 101 18540.  21.5  31.5   2.510   1.6   0.0
   1 1986 102 13680.  21.5  29.9   2.580   1.6   0.0
   1 1986 103 23220.  21.9  31.2   2.490   2.2   0.0
   1 1986 104 21960.  22.2  31.5   2.500   1.9   0.4
   1 1986 105 16560.  23.2  31.4   2.830   1.5   0.0
   1 1986 106 22500.  23.4  31.5   2.720   2.1   0.0
   1 1986 107 15660.  22.5  31.0   2.700   1.7   1.5
   1 1986 108 22680.  22.5  32.7   2.570   2.0   0.0
   1 1986 109 24660.  22.3  32.1   2.540   1.8   0.0
   1 1986 110 24480.  21.6  32.1   2.550   1.8   0.0
   1 1986 111 21600.  22.8  32.5   2.620   1.8   0.0
   1 1986 112 20880.  23.3  32.6   2.650   1.8   0.0
   1 1986 113 18540.  24.5  32.1   2.440   2.1   0.0
   1 1986 114 20160.  23.2  31.6   2.740   1.7   0.0
   1 1986 115 24300.  22.2  31.9   2.470   2.1   0.0
   1 1986 116 23400.  20.7  32.5   2.400   1.7   0.0
   1 1986 117 23220.  22.5  32.1   2.450   1.8   0.0
   1 1986 118 22860.  22.5  32.1   2.400   1.8   0.0
   1 1986 119 20340.  23.0  32.1   2.470   2.1   0.0
   1 1986 120 22140.  23.1  32.0   2.660   2.1   1.2
   1 1986 121 20160.  24.0  31.6   2.800   1.5   0.0
   1 1986 122 20160.  23.5  32.1   2.710   1.6   0.2
   1 1986 123 22860.  23.0  33.1   2.720   1.9   0.0
   1 1986 124 21960.  24.2  34.0   2.860   1.5   0.0
   1 1986 125 18540.  24.1  34.0   2.760   0.9   0.2
   1 1986 126 19800.  24.0  34.1   2.720   1.0   0.0
   1 1986 127 19080.  23.0  34.0   2.760   0.9   6.6
   1 1986 128 19080.  24.0  33.8   2.910   1.2   0.0
   1 1986 129 21060.  23.1  35.0   2.700   1.0   6.2
   1 1986 130 17640.  25.0  34.0   2.890   1.0   0.0
   1 1986 131 22860.  23.5  34.4   2.680   1.0   0.0
   1 1986 132 17280.  24.4  32.7   2.840   0.7   0.0
   1 1986 133 17100.  23.1  34.0   2.620   1.1   8.7
   1 1986 134 11340.  23.8  32.6   2.680   1.5   0.4
   1 1986 135 18360.  23.2  32.1   2.730   0.8   0.0
   1 1986 136 12600.  22.9  32.2   2.770   1.3  15.6
   1 1986 137 10980.  23.5  31.4   2.850   1.5  63.0
   1 1986 138 12060.  23.8  31.5   2.880   1.3  15.3
   1 1986 139 18180.  23.0  33.1   2.830   0.9  18.4
   1 1986 140 19980.  22.6  32.7   2.620   0.8   6.0
   1 1986 141 22500.  22.0  33.5   2.450   1.1   0.0
   1 1986 142 20520.  22.9  33.6   2.480   1.4   0.0
   1 1986 143 20340.  23.1  33.5   2.600   1.7   0.0
   1 1986 144 10980.  24.2  31.5   2.720   1.5   3.6
   1 1986 145 14760.  23.5  32.2   2.650   1.7   0.6
   1 1986 146 12240.  24.0  31.0   2.660   1.2   0.0
   1 1986 147  9180.  24.2  28.5   2.690   0.7   4.6
   1 1986 148 16740.  22.8  32.7   2.630   1.2   6.0
   1 1986 149 19440.  22.8  33.2   2.680   1.0   0.0
   1 1986 150 20160.  22.2  33.7   2.630   1.3   0.0
   1 1986 151 15480.  22.2  32.0   2.580   0.8   0.0
   1 1986 152 17280.  22.5  34.0   2.500   1.0   0.0
   1 1986 153 16200.  22.0  32.0   2.600   0.7   0.0
   1 1986 154 18540.  22.5  31.5   2.690   1.1   1.7
   1 1986 155 19260.  23.0  31.6   2.720   0.9  16.8
   1 1986 156 21240.  22.3  32.1   2.630   1.2   0.0
   1 1986 157 23220.  22.0  32.6   2.540   1.1   0.0
   1 1986 158 21960.  22.0  32.6   2.520   1.1   0.0
   1 1986 159 21960.  22.4  32.8   2.700   1.3   0.0
   1 1986 160 18360.  22.5  33.5   2.630   0.9   0.0
   1 1986 161 21420.  22.7  32.2   2.850   1.4   0.0
   1 1986 162 16560.  23.3  32.6   2.840   0.9   0.7
   1 1986 163 17640.  23.5  33.4   2.760   0.8   0.1
   1 1986 164 16740.  24.9  32.0   2.960   1.2   0.8
   1 1986 165 19080.  24.1  32.5   2.910   1.3   2.8
   1 1986 166 19620.  24.0  32.8   2.940   1.2   0.0
   1 1986 167 16740.  22.7  32.0   2.610   1.2  52.4
   1 1986 168 13140.  23.0  30.6   2.820   0.7   6.6
   1 1986 169 13860.  23.5  31.0   2.830   0.9  15.8
   1 1986 170 14040.  23.6  31.5   2.880   1.1  21.0
   1 1986 171 18720.  22.7  32.0   2.770   0.8  14.0
   1 1986 172 15480.  23.0  32.1   2.770   0.7   3.8
   1 1986 173 14400.  23.6  31.5   2.830   1.0  36.2
   1 1986 174 12060.  23.1  30.7   2.710   0.9   3.8
   1 1986 175 11700.  23.7  30.2   2.750   0.9   0.0
   1 1986 176 16200.  24.4  31.8   2.700   1.1   4.4
   1 1986 177 22860.  22.5  33.1   2.500   0.9   0.0
   1 1986 178 22860.  22.6  33.5   2.550   0.9   1.3
   1 1986 179 20520.  22.6  32.0   2.630   0.9   0.0
   1 1986 180 19260.  22.9  31.7   2.580   1.0   1.0
   1 1986 181  9900.  23.3  31.8   2.750   0.9   0.0
   1 1986 182 13320.  23.5  32.0   2.730   1.2   0.6
   1 1986 183 15840.  24.0  31.8   2.690   1.9   0.0
   1 1986 184 21420.  23.0  33.0   2.660   1.6   6.0
   1 1986 185 18180.  23.0  31.5   2.690   0.9   0.0
   1 1986 186 20160.  23.3  32.0   2.810   1.0   0.0
   1 1986 187 20700.  22.9  33.0   2.660   1.2   0.1
   1 1986 188 15660.  24.0  32.0   2.840   2.2   1.4
   1 1986 189  5220.  24.2  29.0   2.700   4.2  65.6
   1 1986 190  2880.  23.5  29.2   2.600   4.0  77.8
   1 1986 191  2700.  23.1  26.5   2.740   1.3   6.6
   1 1986 192 15120.  22.7  31.0   2.760   1.2   6.0
   1 1986 193 19080.  22.6  33.0   2.580   0.7  13.0
   1 1986 194 12420.  23.2  30.1   2.700   1.2  30.9
   1 1986 195  1260.  21.8  25.5   2.670   0.7 111.2
   1 1986 196 13860.  22.0  30.2   2.650   0.7  10.2
   1 1986 197 21060.  22.2  32.4   2.520   1.1   0.0
   1 1986 198 16380.  23.2  32.6   2.690   0.9   0.0
   1 1986 199 14580.  22.6  30.2   2.690   0.8  40.7
   1 1986 200 15300.  22.6  31.4   2.640   0.8  17.1
   1 1986 201 18180.  22.4  31.4   2.640   1.1  13.8
   1 1986 202 15300.  22.0  31.1   2.610   0.8  13.4
   1 1986 203 21420.  22.0  31.0   2.600   1.4   0.8
   1 1986 204 15840.  24.0  30.0   2.760   1.1   9.8
   1 1986 205 19080.  23.3  31.5   2.720   1.3  29.0
   1 1986 206 23580.  22.5  32.5   2.370   0.8   0.0
   1 1986 207 23580.  22.2  33.0   2.380   1.5   3.2
   1 1986 208 24120.  22.5  33.0   2.560   1.1   0.0
   1 1986 209 22140.  23.1  32.2   2.660   0.8   0.4
   1 1986 210 16740.  23.4  31.6   2.640   1.2   3.4
   1 1986 211 10080.  22.6  31.3   2.690   0.9  16.6
   1 1986 212 10080.  22.4  31.0   2.580   1.1  15.5
   1 1986 213 10800.  23.6  29.6   2.650   2.0  14.0
   1 1986 214  8280.  24.0  28.5   2.600   2.2  16.0
   1 1986 215 16380.  23.6  31.6   2.680   1.2   0.0
   1 1986 216 17280.  23.6  29.7   2.800   1.1   0.6
   1 1986 217 13500.  23.2  30.5   2.780   0.9   5.0
   1 1986 218 14580.  23.2  31.0   2.800   0.9   3.6
   1 1986 219  8820.  24.0  29.5   2.820   0.7  19.4
   1 1986 220  9900.  23.0  29.5   2.750   1.2  27.8
   1 1986 221 14040.  23.0  30.5   2.640   1.6   0.0
   1 1986 222 17280.  22.9  33.0   2.720   0.9   2.1
   1 1986 223 18900.  23.0  32.1   2.620   1.4  68.1
   1 1986 224 12600.  23.0  30.1   2.700   1.3  27.2
   1 1986 225 17820.  22.2  31.7   2.690   1.1  10.2
   1 1986 226 16200.  23.7  32.5   2.790   0.9   0.0
   1 1986 227 10440.  24.0  30.5   2.870   0.9  18.4
   1 1986 228  1980.  24.0  26.6   2.730   0.9  50.8
   1 1986 229  9000.  23.4  29.0   2.650   1.1   0.6
   1 1986 230 17460.  22.8  31.5   2.630   1.2   1.4
   1 1986 231 17100.  23.3  32.0   2.690   0.9   0.0
   1 1986 232 14400.  23.5  32.3   2.710   1.7   0.1
   1 1986 233  7920.  24.5  30.5   2.700   1.4   0.0
   1 1986 234 18360.  23.6  32.0   2.630   2.2   0.0
   1 1986 235 22500.  24.0  32.7   2.750   2.4   0.8
   1 1986 236  5940.  24.5  30.0   2.700   1.4  35.2
   1 1986 237  8640.  23.3  29.0   2.570   2.0  34.6
   1 1986 238  9180.  22.5  29.9   2.470   3.3  10.3
   1 1986 239 18000.  24.1  31.2   2.550   4.7   3.4
   1 1986 240  7380.  25.5  29.5   2.680   2.2   6.4
   1 1986 241  4320.  24.0  26.8   2.710   1.3  17.0
   1 1986 242 18540.  21.6  31.6   2.350   1.6   0.0
   1 1986 243 18000.  24.4  31.6   2.550   2.2   0.0
   1 1986 244  9720.  25.0  30.5   2.710   3.1   4.5
   1 1986 245  7740.  24.0  29.5   2.630   3.4  86.6
   1 1986 246  4500.  22.3  27.3   2.430   2.5  15.0
   1 1986 247 11700.  22.5  30.6   2.530   1.3   5.6
   1 1986 248 16380.  21.7  31.6   2.660   1.0   5.8
   1 1986 249 12780.  22.5  30.1   2.640   0.7  12.3
   1 1986 250 21240.  23.3  31.5   2.630   1.5   0.0
   1 1986 251 14400.  23.0  30.8   2.750   1.0   0.8
   1 1986 252 12960.  23.5  30.1   2.710   0.9   0.1
   1 1986 253 19080.  23.3  31.5   2.700   1.3   0.0
   1 1986 254 17820.  21.5  32.0   2.850   0.9   1.0
   1 1986 255 18720.  23.0  31.2   2.760   1.3   0.0
   1 1986 256 18000.  22.7  32.1   2.570   0.8   0.6
   1 1986 257  8640.  22.1  29.7   2.520   0.8   5.8
   1 1986 258 20700.  21.7  31.5   2.490   1.2   0.0
   1 1986 259 12420.  22.7  31.3   2.530   2.3   0.0
   1 1986 260  8460.  26.0  29.3   2.580   2.9   0.1
   1 1986 261  9000.  25.2  29.5   2.520   2.2  13.0
   1 1986 262  4320.  23.6  28.6   2.710   1.6   3.6
   1 1986 263 10080.  23.0  29.5   2.650   0.9   0.7
   1 1986 264 12060.  22.6  30.6   2.730   0.6   8.4
   1 1986 265  9360.  23.1  30.4   2.730   0.6   2.5
   1 1986 266 16020.  22.3  31.5   2.680   0.8   0.6
   1 1986 267 15300.  22.5  31.1   2.630   0.8   8.5
   1 1986 268 20880.  22.3  31.8   2.650   1.2   0.0
   1 1986 269 19620.  22.5  32.0   2.690   1.1   0.0
   1 1986 270 20340.  22.6  31.9   2.690   1.0  38.0
   1 1986 271 19260.  22.4  32.0   2.560   1.2   0.0
   1 1986 272 16920.  22.2  31.6   2.480   0.9   7.4
   1 1986 273 17100.  22.3  32.1   2.490   1.0   0.0
   1 1986 274 17100.  22.8  31.0   2.550   1.7   0.8
   1 1986 275 16200.  22.9  30.8   2.550   1.5   0.6
   1 1986 276 10620.  23.5  29.5   2.720   1.2   6.8
   1 1986 277  7596.  23.2  27.8   2.740   1.2  34.4
   1 1986 278   900.  22.6  25.5   2.550   4.3 292.8
   1 1986 279  4860.  22.5  26.6   2.540   1.4  17.1
   1 1986 280 10620.  22.6  31.0   2.710   0.9  20.2
   1 1986 281  8280.  22.8  35.5   3.180   1.2  22.2
   1 1986 282 14220.  23.0  31.0   2.800   0.7  46.2
   1 1986 283 18900.  21.7  31.7   2.610   0.9   1.8
   1 1986 284  6840.  23.2  28.5   2.720   2.2  92.8
   1 1986 285  4500.  22.9  27.7   2.660   3.4   5.1
   1 1986 286 13680.  24.2  29.8   2.620   1.6   3.8
   1 1986 287 14580.  24.2  31.9   2.720   1.6   2.4
   1 1986 288 18540.  22.2  32.5   2.520   0.8   0.0
   1 1986 289 15840.  22.2  30.9   2.610   0.8  13.4
   1 1986 290 13320.  21.9  30.5   2.530   0.7   2.3
   1 1986 291 15300.  22.5  30.5   2.560   1.1   4.1
   1 1986 292  2520.  23.2  29.4   2.790   3.2 153.2
   1 1986 293 17460.  21.6  30.5   2.470   1.8   0.0
   1 1986 294 15840.  21.0  32.0   2.420   0.8   3.3
   1 1986 295 12600.  23.5  29.5   2.650   1.1   0.6
   1 1986 296 14940.  23.6  30.0   2.870   1.1  17.0
   1 1986 297  8820.  24.0  29.0   2.680   1.6  12.8
   1 1986 298 21060.  23.7  30.5   2.620   1.9   2.2
   1 1986 299 13500.  21.9  29.6   2.430   1.2   0.0
   1 1986 300 14580.  23.2  31.2   2.690   1.1   0.0
   1 1986 301 15840.  23.0  31.0   2.670   1.1   0.6
   1 1986 302 13140.  23.5  31.0   2.690   1.5  21.0
   1 1986 303  5580.  23.0  27.6   2.560   0.0  13.4
   1 1986 304  9720.  22.7  28.5   2.610   1.0   0.7
   1 1986 305 16200.  22.9  32.0   2.790   0.8   0.0
   1 1986 306 17280.  23.0  31.6   2.600   0.9   0.0
   1 1986 307 17640.  22.7  31.3   2.570   1.1   1.1
   1 1986 308 19980.  22.5  30.7   2.390   1.2   0.0
   1 1986 309 18180.  21.0  31.2   2.350   1.2   1.4
   1 1986 310 14040.  23.3  30.1   2.610   1.1  15.2
   1 1986 311  2520.  23.8  27.0   2.680   1.4 119.1
   1 1986 312 10584.  23.3  29.0   2.600   3.1   0.0
   1 1986 313 13680.  24.5  29.5   2.710   2.7   0.6
   1 1986 314 11196.  24.2  31.4   2.600   0.9   0.0
   1 1986 315 12600.  23.3  30.7   2.640   1.4  10.3
   1 1986 316 12780.  22.7  30.0   2.560   1.6  56.2
   1 1986 317  2340.  22.1  26.2   2.490   2.4  60.8
   1 1986 318  7380.  22.5  27.5   2.550   2.4   4.6
   1 1986 319 14940.  23.0  32.0   2.660   1.5   0.1
   1 1986 320 12420.  22.0  30.7   2.550   0.8   0.2
   1 1986 321 16020.  21.5  31.2   2.480   0.6   0.0
   1 1986 322 16020.  22.6  31.5   2.560   1.2   0.4
   1 1986 323 10260.  23.2  29.3   2.620   0.8  14.1
   1 1986 324 10980.  22.3  30.4   2.600   0.9   0.1
   1 1986 325 12780.  23.5  31.1   2.700   0.8   0.0
   1 1986 326 13320.  23.0  31.6   2.670   0.9   0.0
   1 1986 327 11160.  24.0  30.3   2.690   1.5   5.7
   1 1986 328  9180.  23.8  29.2   2.740   0.9   5.2
   1 1986 329 15120.  23.0  30.2   2.530   2.1  28.8
   1 1986 330  9900.  22.5  28.1   2.500   2.9   0.6
   1 1986 331 12600.  23.5  28.2   2.510   1.7  21.6
   1 1986 332 14220.  22.1  29.4   2.490   1.6  11.8
   1 1986 333  7920.  23.0  29.0   2.570   1.2  16.5
   1 1986 334  9000.  23.6  28.9   2.700   1.6  41.2
   1 1986 335  6120.  23.2  27.7   2.640   1.2  21.6
   1 1986 336 16200.  23.0  30.6   2.500   1.8   2.8
   1 1986 337  9900.  22.9  27.9   2.500   1.0   6.0
   1 1986 338 13500.  21.9  29.7   2.410   1.6   0.3
   1 1986 339 10080.  21.5  29.0   2.370   2.0   0.0
   1 1986 340 16740.  21.5  28.5   2.140   2.0   0.0
   1 1986 341 12960.  19.2  27.8   1.980   1.7   0.0
   1 1986 342  9900.  19.5  27.5   2.110   1.7   1.4
   1 1986 343 14400.  20.8  27.5   2.070   1.7   0.0
   1 1986 344 17280.  18.0  28.0   1.880   1.7   0.0
   1 1986 345 14220.  19.5  28.2   1.970   1.6   0.0
   1 1986 346 12420.  19.0  28.1   2.100   1.0   0.0
   1 1986 347 11340.  20.6  29.4   2.360   0.9   0.0
   1 1986 348  7740.  22.5  28.0   2.580   0.7   3.4
   1 1986 349 17820.  21.9  30.2   2.230   1.8   0.4
   1 1986 350  8640.  21.5  28.0   2.430   1.1   4.0
   1 1986 351  8820.  21.4  28.1   2.350   1.7   0.7
   1 1986 352 12780.  19.8  29.0   2.220   1.5   0.0
   1 1986 353 16740.  19.6  29.8   2.120   1.3   1.7
   1 1986 354  6840.  21.1  26.5   2.340   1.6   2.0
   1 1986 355 13140.  20.5  27.0   1.960   3.3   0.2
   1 1986 356  4320.  21.2  24.7   2.350   2.3  51.8
   1 1986 357 12240.  21.8  31.0   2.340   1.2   0.0
   1 1986 358 12240.  20.9  30.7   2.310   1.4   0.0
   1 1986 359 13860.  21.2  30.0   2.360   1.6   0.2
   1 1986 360 15660.  22.1  29.8   2.290   2.2   1.2
   1 1986 361 16740.  21.5  29.5   2.250   1.8   0.0
   1 1986 362 14580.  19.4  29.2   2.100   2.3   0.6
   1 1986 363  6660.  21.5  26.5   2.270   1.7   0.5
   1 1986 364 13320.  19.5  28.0   2.030   1.6   0.0
   1 1986 365 10620.  18.5  28.0   2.030   1.6  10.0
