*---------------------------------------------------------*
*   Country: Philippines
*   Station: IRRI wet station site
*      Year: 1980
*    Source: Agroclimate Service Unit of IRRI.
*    Author: Daniel van Kraalingen
* Longitude: 121 15 E
*  Latitude: 14 11 N
* Elevation: 21 m.
*  Comments: Original name of data used in IRRI: ORWET.
*
*  Columns:
*  ========
*  station number
*  year
*  day
*  irradiation (kJ m-2 d-1)
*  minimum temperature (degrees Celsius)
*  maximum temperature (degrees Celsius)
*  vapour pressure (kPa)
*  mean wind speed (m s-1)
*  precipitation (mm d-1)
** WCCDESCRIPTION=Philippines, IRRI wet station site
** WCCFORMAT=2
** WCCYEARNR=1980
*---------------------------------------------------------*
 121.25  14.18    21. -0.25 -0.45
   1 1980   1 14004.  20.5  29.5   2.790   0.6   0.0
   1 1980   2 12528.  21.5  29.5   2.970   0.3   0.5
   1 1980   3 17136.  21.0  29.7   2.630   0.6   0.0
   1 1980   4 18360.  19.5  29.9   2.650   0.6   0.2
   1 1980   5 13140.  20.8  28.9   2.990   1.0   0.0
   1 1980   6 20448.  20.0  29.0   2.370   0.8   1.5
   1 1980   7 12528.  18.0  29.6   2.830   0.8   2.5
   1 1980   8 19836.  20.8  28.5   2.240   1.0   0.0
   1 1980   9 17748.  20.5  28.5   2.550   0.3   0.0
   1 1980  10 20448.  20.5  28.7   2.540   0.7   0.0
   1 1980  11 21492.  19.5  28.7   2.340   0.7   0.0
   1 1980  12 12528.  23.0  27.9   3.000   0.1   0.0
   1 1980  13 12960.  24.0  29.7   3.370   0.2   0.0
   1 1980  14  9396.  23.5  27.5   2.740   0.4   0.0
   1 1980  15  8784.  23.5  27.5   2.680   0.6   0.0
   1 1980  16 16704.  22.5  28.3   2.660   0.9   0.0
   1 1980  17 13140.  23.3  28.5   3.110   0.2   6.9
   1 1980  18 10008.  22.7  26.0   2.870   0.7   0.2
   1 1980  19 15048.  19.5  28.1   2.650   0.9   0.0
   1 1980  20 17316.  22.0  29.2   3.120   0.7   0.0
   1 1980  21 17748.  22.5  28.5   2.610   1.0   0.0
   1 1980  22 10440.  23.5  27.0   2.840   0.6   0.0
   1 1980  23  8136.  21.5  26.3   2.490   0.9   0.2
   1 1980  24  7920.  21.5  26.0   2.560   0.7   0.2
   1 1980  25 11268.  22.5  27.5   2.660   1.0   0.0
   1 1980  26 10656.  23.3  27.3   2.680   0.6   0.0
   1 1980  27  9180.  23.1  27.1   2.870   0.6   0.0
   1 1980  28 16920.  22.4  29.9   2.790   0.2   0.0
   1 1980  29 17964.  21.4  31.9   3.080   0.4   0.0
   1 1980  30 13572.  23.0  29.2   2.870   0.0   0.5
   1 1980  31 17136.  21.5  28.3   2.740   0.7   0.0
   1 1980  32 17748.  22.5  28.5   2.610   0.7   0.0
   1 1980  33 23580.  22.5  30.0   2.940   0.5   0.0
   1 1980  34 16272.  23.4  28.9   3.300   0.4   0.0
   1 1980  35 18360.  23.5  29.5   3.120   0.3   0.0
   1 1980  36 22536.  20.6  29.5   2.840   0.1   1.0
   1 1980  37  9612.  21.8  26.1   2.770   0.2   3.3
   1 1980  38 14616.  20.5  27.1   2.560   0.9   0.0
   1 1980  39 15048.  21.3  27.5   2.630   0.6   0.0
   1 1980  40 11484.  21.6  27.1   2.410   1.1   0.0
   1 1980  41 10656.  21.6  27.5   2.290   0.9   0.0
   1 1980  42 17748.  20.5  27.8   2.390   1.4   0.5
   1 1980  43 14616.  22.5  27.6   2.490   2.6   0.5
   1 1980  44  6480.  21.6  24.5   2.690   0.8  10.7
   1 1980  45 10008.  20.3  27.5   2.850   0.8   0.8
   1 1980  46 12744.  21.6  27.5   2.510   0.9   0.5
   1 1980  47 16920.  21.2  28.0   2.750   1.6   0.0
   1 1980  48 22752.  22.1  28.9   2.550   2.4   0.0
   1 1980  49 13356.  21.3  28.1   2.550   0.0   0.0
   1 1980  50 23580.  21.8  29.9   2.710   0.0   0.0
   1 1980  51 24444.  21.2  29.3   2.640   1.7   0.0
   1 1980  52 21708.  20.5  29.3   2.740   1.7   0.0
   1 1980  53 21492.  20.6  34.0   2.870   1.4   0.0
   1 1980  54 21924.  20.5  28.6   2.600   1.6   0.0
   1 1980  55 24228.  20.6  30.4   2.870   0.8   0.0
   1 1980  56 20664.  21.5  29.6   2.690   1.0   0.0
   1 1980  57 17964.  20.8  29.5   2.820   0.2   0.0
   1 1980  58 24444.  19.0  30.1   2.780   0.4   0.0
   1 1980  59 20664.  20.2  31.0   2.890   1.2   0.0
   1 1980  60 19836.  21.8  30.6   2.650   1.3   0.0
   1 1980  61 18576.  22.3  31.5   2.940   1.2   0.0
   1 1980  62 17316.  21.6  31.1   2.720   1.3   0.0
   1 1980  63 21924.  21.5  30.7   2.430   1.4   0.0
   1 1980  64 21708.  21.0  31.3   2.520   0.6   0.0
   1 1980  65 21096.  20.5  29.5   2.530   0.8   0.0
   1 1980  66 21312.  20.2  30.5   2.660   1.2   0.0
   1 1980  67 18360.  21.6  30.1   2.670   0.4   0.0
   1 1980  68 21096.  21.8  32.8   2.940   0.7   0.0
   1 1980  69 17532.  21.5  33.3   2.990   0.2  17.3
   1 1980  70 19224.  20.7  31.0   3.010   1.1   0.0
   1 1980  71 22140.  22.5  30.0   2.700   1.4   0.0
   1 1980  72 15444.  22.3  29.5   2.670   1.4   0.0
   1 1980  73 21708.  22.3  30.0   2.760   1.6   0.0
   1 1980  74 23184.  22.5  30.0   2.570   1.4   0.0
   1 1980  75 22140.  21.5  29.9   2.540   1.5   0.0
   1 1980  76 16920.  22.1  29.3   2.510   1.3   0.0
   1 1980  77 21924.  22.0  30.0   2.890   1.8   0.0
   1 1980  78 20664.  21.0  29.5   2.520   1.3   0.0
   1 1980  79 12096.  22.3  28.6   2.640   1.2   0.0
   1 1980  80 25488.  22.3  29.8   2.330   2.0   0.0
   1 1980  81 22968.  20.0  29.8   2.140   1.5   0.0
   1 1980  82 22752.  21.5  30.1   2.360   1.5   0.5
   1 1980  83 11052.  23.1  28.5   2.820   2.0  11.2
   1 1980  84  2916.  22.5  25.8   2.840   1.6  82.8
   1 1980  85  6480.  19.8  26.3   2.770   0.2   5.6
   1 1980  86 16272.  22.7  30.5   3.240   0.5   0.0
   1 1980  87 13788.  24.0  30.0   2.990   0.5   4.3
   1 1980  88 16704.  23.7  28.5   2.640   1.3   0.8
   1 1980  89 13572.  24.0  29.9   3.140   0.4   1.3
   1 1980  90 18792.  21.0  30.2   2.990   1.5   1.3
   1 1980  91 25056.  23.5  30.2   2.840   1.7   0.0
   1 1980  92 20448.  22.5  30.1   2.670   1.5   0.0
   1 1980  93 19008.  22.5  29.5   2.590   2.1   0.2
   1 1980  94 23184.  22.6  29.7   2.480   2.2   0.0
   1 1980  95 21312.  22.5  30.0   2.600   2.3   1.3
   1 1980  96 21492.  22.0  29.9   3.090   1.8   0.5
   1 1980  97 22968.  21.6  30.2   2.440   1.2   1.0
   1 1980  98 12096.  22.4  29.3   3.210   1.1   4.6
   1 1980  99 17748.  20.7  29.7   2.820   1.4   0.0
   1 1980 100 24840.  21.7  31.2   2.670   0.9   0.0
   1 1980 101 25884.  22.5  31.0   2.750   1.3   0.0
   1 1980 102 24228.  24.1  32.7   3.020   0.9   0.0
   1 1980 103 17532.  22.5  31.4   2.710   0.8   0.0
   1 1980 104 17316.  22.6  32.4   3.080   0.9   0.0
   1 1980 105 25668.  21.1  33.2   2.780   0.9   0.0
   1 1980 106 24228.  24.4  34.5   3.180   1.1   0.0
   1 1980 107 25056.  23.9  32.5   2.910   1.0   0.0
   1 1980 108 15876.  24.1  29.9   2.820   1.1   0.0
   1 1980 109 18360.  23.0  32.5   2.840   0.9   0.0
   1 1980 110 18360.  23.5  31.8   3.010   0.8   0.0
   1 1980 111 16920.  23.2  32.3   2.770   1.1   0.0
   1 1980 112 20880.  24.5  32.5   3.000   0.7   0.0
   1 1980 113 24840.  23.2  33.5   2.750   0.8   0.0
   1 1980 114 22140.  23.4  32.4   2.820   0.3   0.0
   1 1980 115 23400.  23.5  32.0   2.730   0.7   0.0
   1 1980 116 24624.  20.3  32.3   2.530   0.7   0.0
   1 1980 117 20664.  23.2  31.9   2.730   1.0   0.0
   1 1980 118 24012.  24.1  32.5   2.690   0.6   0.0
   1 1980 119 18360.  23.3  32.0   2.490   0.8   0.0
   1 1980 120 21492.  21.2  32.2   2.420   1.2   0.0
   1 1980 121 20880.  23.6  32.5   2.890   1.6   0.0
   1 1980 122 19008.  25.0  32.2   2.940   2.0   0.2
   1 1980 123 21312.  23.5  33.3   3.020   1.2   0.0
   1 1980 124 24228.  24.7  32.9   2.970   0.4   0.0
   1 1980 125 19836.  23.4  32.2   2.950   1.2   0.0
   1 1980 126 16272.  22.0  32.3   2.450   0.8   0.0
   1 1980 127 25488.  24.3  32.8   3.020   1.1   0.0
   1 1980 128 23184.  23.5  33.5   2.760   0.6   0.0
   1 1980 129 24624.  23.7  33.8   2.970   0.6   0.0
   1 1980 130 26316.  24.5  33.7   2.940   0.5   0.0
   1 1980 131 28188.  24.0  33.0   2.690   1.4   0.0
   1 1980 132 14400.  24.2  30.0   2.690   0.6   6.4
   1 1980 133 22752.  24.3  33.0   3.070   0.7   0.0
   1 1980 134 17136.  25.0  33.5   3.260   3.0   0.5
   1 1980 135 16920.  27.5  32.7   3.370   2.3   0.0
   1 1980 136 16488.  27.3  32.0   3.000   0.8   0.0
   1 1980 137 17964.  24.5  33.3   2.470   1.7   0.0
   1 1980 138 15228.  23.9  31.6   2.500   0.9   0.0
   1 1980 139 16920.  23.3  31.0   2.920   0.3   0.0
   1 1980 140 14616.  22.7  31.0   2.760   0.7   2.0
   1 1980 141 12960.  24.5  31.8   3.290   0.6  16.8
   1 1980 142 14004.  25.0  31.5   3.230   0.7  92.5
   1 1980 143 24624.  23.5  32.5   3.180   1.2   0.0
   1 1980 144 19224.  24.5  33.2   3.190   0.2   0.0
   1 1980 145 24624.  25.2  33.0   2.980   1.1   1.0
   1 1980 146   216.  26.3  28.0   3.070   0.6  20.6
   1 1980 147 14184.  23.7  29.8   3.210   0.1   0.2
   1 1980 148 21096.  22.7  31.5   2.620   0.1   0.0
   1 1980 149 26712.  22.5  34.0   2.960   0.1   0.0
   1 1980 150 26712.  24.5  33.0   2.970   0.4   0.0
   1 1980 151 26100.  24.0  33.0   2.960   0.4   0.0
   1 1980 152 25056.  24.7  32.9   2.850   0.3   1.3
   1 1980 153 14004.  24.2  32.5   2.900   0.1  29.5
   1 1980 154 18576.  24.5  31.6   3.350   1.0   0.0
   1 1980 155 20052.  25.5  29.5   3.310   1.0   0.0
   1 1980 156 24624.  23.4  31.2   2.790   0.1   0.2
   1 1980 157 14004.  24.3  30.1   3.180   0.1   1.0
   1 1980 158 11700.  24.5  30.4   3.490   0.1  10.7
   1 1980 159 22536.  23.5  31.0   2.790   0.1   6.9
   1 1980 160 13788.  24.8  31.7   3.190   0.1   1.3
   1 1980 161 15876.  24.7  30.5   2.920   0.1   1.5
   1 1980 162 17748.  24.7  31.5   3.120   0.1   5.8
   1 1980 163 23580.  25.6  31.9   3.370   0.5   0.8
   1 1980 164 18180.  25.2  32.0   3.250   0.3   0.0
   1 1980 165 24444.  24.6  32.6   2.940   0.4   0.0
   1 1980 166 20664.  24.7  32.4   3.050   0.5   0.0
   1 1980 167 17316.  24.7  31.8   3.000   0.7   0.2
   1 1980 168 21096.  25.1  32.5   3.330   0.3   0.0
   1 1980 169 17964.  25.8  31.4   2.860   0.3   0.0
   1 1980 170 19620.  23.6  32.2   2.970   0.4   0.0
   1 1980 171  6696.  24.6  27.8   2.930   0.1 130.8
   1 1980 172  8352.  23.6  30.1   3.230   0.1  62.2
   1 1980 173 23400.  22.7  28.6   2.610   0.5   2.5
   1 1980 174 15444.  24.1  30.6   2.920   0.3   8.9
   1 1980 175 14184.  24.8  30.5   3.310   0.1  10.4
   1 1980 176 14832.  25.6  31.1   3.170   1.9   7.9
   1 1980 177 23184.  24.5  31.0   2.880   1.7   0.0
   1 1980 178 14004.  25.5  31.0   3.460   0.4   0.0
   1 1980 179 22968.  23.2  32.0   2.840   0.4  13.7
   1 1980 180 22968.  23.8  32.4   3.080   0.6   0.0
   1 1980 181  7308.  24.8  30.1   3.380   0.2  24.9
   1 1980 182  6696.  24.0  28.0   3.090   0.1  49.0
   1 1980 183 12960.  24.3  29.5   3.470   0.9   3.3
   1 1980 184 16488.  24.6  30.5   2.730   0.5   0.8
   1 1980 185 22140.  24.1  32.0   2.930   1.0   0.0
   1 1980 186  8964.  25.4  29.5   2.830   0.1   7.1
   1 1980 187 20052.  23.6  32.0   3.250   0.3   1.0
   1 1980 188 21924.  25.2  31.6   3.290   0.2  18.8
   1 1980 189 25668.  23.2  32.5   3.120   0.2   0.0
   1 1980 190 20880.  23.8  31.6   3.490   0.5   0.0
   1 1980 191  8964.  25.6  28.7   2.740   2.6  22.1
   1 1980 192  7092.  23.8  28.7   3.220   1.3   7.1
   1 1980 193 19620.  24.8  32.0   2.900   0.5   0.0
   1 1980 194 21924.  22.6  33.3   3.140   0.3   0.0
   1 1980 195 25056.  22.7  32.2   2.970   0.2   0.0
   1 1980 196 21708.  23.8  32.9   3.170   0.2   0.0
   1 1980 197  9180.  24.2  29.2   2.730   0.2  43.7
   1 1980 198 10224.  23.6  28.1   3.240   0.2  26.4
   1 1980 199 19620.  23.1  31.0   2.980   1.0   0.2
   1 1980 200 14004.  23.8  30.5   3.250   0.1   1.0
   1 1980 201 14832.  23.2  31.7   3.490   0.1  19.6
   1 1980 202 16092.  23.4  30.5   3.280   2.0  20.1
   1 1980 203  3564.  23.8  27.2   2.870   0.4   9.9
   1 1980 204 19620.  24.2  31.0   3.070   1.0   0.2
   1 1980 205 10872.  24.2  29.6   3.300   0.2   4.1
   1 1980 206 12312.  24.6  31.0   3.180   3.1  87.4
   1 1980 207   828.  23.2  26.0   3.000   3.0  73.4
   1 1980 208 15048.  22.8  30.2   3.120   0.5   0.0
   1 1980 209 25884.  24.7  32.6   3.070   0.2   0.5
   1 1980 210 19224.  24.0  31.5   2.880   0.2   0.0
   1 1980 211 21312.  24.7  30.6   3.050   0.4   0.0
   1 1980 212 22752.  24.2  32.0   3.350   0.2   0.2
   1 1980 213 17748.  22.2  30.6   2.620   0.2   4.1
   1 1980 214 22968.  22.4  31.6   2.890   0.2   0.0
   1 1980 215 25488.  23.6  32.0   2.950   0.3   0.0
   1 1980 216 25488.  24.4  32.0   2.980   0.2   0.0
   1 1980 217 17964.  23.6  32.0   2.840   0.2   0.0
   1 1980 218 16920.  23.6  31.6   2.700   0.2   0.0
   1 1980 219 20052.  22.8  31.1   2.640   0.2   0.8
   1 1980 220 22536.  23.3  31.7   3.010   0.3   0.0
   1 1980 221 22752.  23.3  31.9   2.810   0.2   0.8
   1 1980 222 19404.  22.8  31.5   3.070   0.1   0.0
   1 1980 223 21708.  24.4  32.1   3.080   0.1   9.6
   1 1980 224 19008.  23.6  28.2   2.640   0.1   2.3
   1 1980 225 18180.  24.3  31.7   2.950   0.3   5.3
   1 1980 226 16488.  23.5  32.6   3.420   0.2  41.7
   1 1980 227 23580.  23.8  32.8   3.120   0.1   9.6
   1 1980 228  6264.  24.4  28.3   3.300   0.3  46.5
   1 1980 229  8352.  23.2  28.1   3.010   0.4   4.8
   1 1980 230  6048.  23.5  27.4   3.070   0.1   0.5
   1 1980 231 20448.  24.1  32.5   3.120   0.2   0.0
   1 1980 232 13356.  23.4  29.7   3.000   0.7   8.1
   1 1980 233  7740.  24.4  27.9   3.330   0.7   4.8
   1 1980 234 10656.  24.2  28.8   3.360   0.7  15.2
   1 1980 235 17964.  24.2  31.1   3.230   1.7  20.1
   1 1980 236 14400.  24.4  30.1   3.410   0.7   2.0
   1 1980 237 16092.  24.6  29.9   3.520   0.6   2.0
   1 1980 238 12960.  24.7  29.5   3.300   1.0  81.3
   1 1980 239 14004.  23.5  31.0   3.520   0.8   0.8
   1 1980 240 12312.  24.4  30.9   3.310   1.4   1.3
   1 1980 241  7740.  24.6  29.4   3.320   1.4  17.8
   1 1980 242 22140.  24.5  31.0   3.060   1.7   3.3
   1 1980 243 18792.  23.4  31.0   2.670   1.0   0.5
   1 1980 244 16488.  23.4  30.5   2.920   0.9   7.6
   1 1980 245 12528.  23.8  29.5   3.050   0.7  11.7
   1 1980 246 11484.  24.4  30.2   3.410   1.1  15.2
   1 1980 247 10872.  22.6  29.6   3.280   1.4   1.3
   1 1980 248 12744.  23.9  30.4   3.320   0.8   2.3
   1 1980 249 16920.  24.2  30.9   3.180   0.7   0.5
   1 1980 250 13140.  23.7  30.0   3.370   1.0   1.0
   1 1980 251 15660.  24.2  30.6   3.250   0.9   6.4
   1 1980 252 15660.  24.0  28.9   3.080   0.9   0.0
   1 1980 253 17532.  24.2  31.1   3.050   1.8   1.0
   1 1980 254  7740.  25.4  29.6   3.270   2.1   1.8
   1 1980 255  8352.  25.0  29.4   2.920   2.3   1.0
   1 1980 256  7308.  25.7  29.5   3.360   1.6   8.6
   1 1980 257  4176.  24.0  26.6   3.030   0.8   8.1
   1 1980 258  6264.  24.3  28.6   3.390   0.9  42.7
   1 1980 259  9828.  23.4  29.6   3.150   1.3  14.7
   1 1980 260  8568.  24.0  29.1   2.960   1.7   0.8
   1 1980 261 12744.  25.3  30.1   3.230   2.1   7.6
   1 1980 262 12744.  23.6  31.1   2.960   2.1   0.2
   1 1980 263 17964.  22.6  32.1   2.810   0.9   0.0
   1 1980 264 17136.  23.2  32.1   3.160   0.9   0.5
   1 1980 265 20052.  24.2  31.2   2.710   1.6   0.0
   1 1980 266 11916.  24.5  28.9   2.980   1.3   0.8
   1 1980 267 11268.  24.2  30.0   3.120   0.9  19.8
   1 1980 268 13356.  24.0  29.3   3.120   1.0   0.0
   1 1980 269 14400.  23.5  30.6   3.230   0.6   0.0
   1 1980 270 17964.  24.1  31.8   3.210   0.6   0.0
   1 1980 271 14832.  23.8  31.0   3.500   1.2   0.0
   1 1980 272 19404.  22.6  31.3   3.350   0.9   0.5
   1 1980 273 22356.  23.4  32.4   3.080   1.2   0.5
   1 1980 274 12312.  24.2  29.6   3.080   0.9   0.2
   1 1980 275 16272.  24.2  31.0   3.290   1.2   0.0
   1 1980 276 22968.  22.6  32.1   2.740   0.9   0.0
   1 1980 277 17316.  24.5  30.4   3.270   1.4   0.0
   1 1980 278 16920.  24.3  29.4   2.760   1.4  12.2
   1 1980 279 15876.  24.5  29.7   3.120   1.5  14.5
   1 1980 280 20880.  24.0  30.5   2.760   1.6   1.0
   1 1980 281 14184.  23.6  29.6   3.270   1.0   1.5
   1 1980 282 19404.  24.4  31.4   2.780   1.4   0.0
   1 1980 283 22536.  24.5  31.5   2.800   0.9   0.0
   1 1980 284 15228.  24.8  32.2   3.270   0.9   0.0
   1 1980 285 15876.  22.4  31.8   3.410   0.8   0.0
   1 1980 286 13572.  24.0  30.5   2.980   1.6   1.5
   1 1980 287 10656.  23.6  30.4   2.820   0.7   6.1
   1 1980 288 16488.  22.6  30.6   2.720   0.8   5.1
   1 1980 289 14832.  23.9  30.6   2.690   1.3   1.8
   1 1980 290 11268.  24.4  29.5   3.490   1.4   0.2
   1 1980 291 18360.  24.4  31.4   2.890   2.0   0.2
   1 1980 292 12960.  24.8  29.6   3.140   1.5  17.5
   1 1980 293 21924.  24.4  31.9   3.100   1.8   0.0
   1 1980 294  7740.  24.1  29.1   3.100   0.8   6.1
   1 1980 295  9612.  24.4  28.6   3.260   0.9  24.9
   1 1980 296  5436.  24.2  28.0   3.180   0.5   8.6
   1 1980 297 12744.  24.4  30.5   3.120   1.2  19.3
   1 1980 298 13140.  23.9  31.0   3.490   0.5   0.2
   1 1980 299 12096.  23.7  30.3   3.030   0.8  65.5
   1 1980 300 16488.  24.0  31.5   3.060   1.4   0.8
   1 1980 301 17316.  24.1  31.2   2.820   1.4   3.0
   1 1980 302  3564.  23.8  26.6   2.980   1.4 191.5
   1 1980 303  4176.  22.8  27.0   3.090   1.7  50.3
   1 1980 304 14832.  22.7  31.2   3.100   1.3   0.0
   1 1980 305 19620.  20.0  32.1   2.940   1.5   0.0
   1 1980 306 12744.  23.7  30.9   2.870   1.0  13.2
   1 1980 307  7092.  24.0  28.6   3.350   0.8  24.1
   1 1980 308 14832.  23.4  29.7   3.030   1.1   5.1
   1 1980 309  1872.  22.4  28.3   3.150   5.3 110.7
   1 1980 310  1476.  21.7  27.6   2.770   4.5  54.4
   1 1980 311  8784.  25.0  29.5   2.690   1.9   6.4
   1 1980 312 14184.  22.3  29.2   2.960   0.6   0.0
   1 1980 313 18360.  21.4  30.4   3.040   1.2   0.0
   1 1980 314 16920.  22.6  30.6   2.470   1.5  12.4
   1 1980 315  1872.  24.0  26.5   3.160   1.1   5.6
   1 1980 316  7524.  23.6  29.5   3.100   1.5   8.6
   1 1980 317  3132.  24.0  27.5   3.120   1.5  50.6
   1 1980 318 10440.  22.0  26.4   2.390   1.7  11.2
   1 1980 319 15876.  23.4  29.5   2.840   1.5   0.0
   1 1980 320 14832.  23.4  30.4   2.980   1.2   0.0
   1 1980 321 17748.  22.6  27.3   2.500   1.0   0.0
   1 1980 322 19404.  22.6  30.7   2.560   1.1   0.0
   1 1980 323 15444.  23.6  30.5   2.550   1.4   0.2
   1 1980 324 17532.  24.0  31.1   3.140   1.2   0.0
   1 1980 325 17964.  23.5  31.2   2.740   0.8   0.0
   1 1980 326 18576.  24.2  30.9   2.920   0.9   0.0
   1 1980 327 16488.  24.1  30.6   2.990   1.4   0.0
   1 1980 328 11484.  23.6  29.9   3.000   1.1   0.0
   1 1980 329 19008.  23.7  31.0   2.810   1.2   2.5
   1 1980 330 16488.  23.5  30.4   2.920   1.8   0.0
   1 1980 331 16092.  24.1  30.5   2.870   2.3   0.0
   1 1980 332 16272.  23.5  30.2   2.760   2.3   0.0
   1 1980 333 16704.  23.4  30.6   2.780   2.0   0.0
   1 1980 334 12744.  23.6  29.6   2.820   2.3   0.0
   1 1980 335 15660.  22.2  29.9   2.940   2.6  11.7
   1 1980 336  7920.  23.6  27.4   2.770   1.7   0.5
   1 1980 337 12312.  23.7  29.5   3.200   1.5   7.6
   1 1980 338  5436.  23.8  26.7   3.030   1.0  14.5
   1 1980 339 12096.  23.7  30.0   3.150   1.1   1.0
   1 1980 340  9612.  23.3  27.0   3.010   1.0   0.2
   1 1980 341 18180.  23.2  29.8   2.910   0.7   0.0
   1 1980 342 10440.  24.1  29.2   2.870   0.6   1.8
   1 1980 343  9828.  23.8  28.6   2.820   1.2   0.0
   1 1980 344 16488.  22.6  30.0   2.640   1.6   0.0
   1 1980 345 11916.  22.4  29.1   2.460   1.3   0.0
   1 1980 346 15048.  23.1  29.1   2.740   1.4   0.2
   1 1980 347 17748.  22.0  30.0   2.790   2.0   1.3
   1 1980 348  6264.  23.4  26.0   2.710   1.8   4.1
   1 1980 349  9612.  22.7  27.8   3.030   1.0   8.9
   1 1980 350 15660.  23.1  29.3   3.200   1.5  22.6
   1 1980 351  4788.  22.6  26.1   2.960   1.2  24.6
   1 1980 352 12312.  23.5  28.0   2.560   2.7   0.0
   1 1980 353 11484.  24.0  28.6   2.910   1.5   0.0
   1 1980 354 10656.  23.6  27.8   2.640   1.6   0.0
   1 1980 355 14832.  23.1  28.3   2.740   2.0   0.0
   1 1980 356 14184.  22.7  28.1   2.530   2.2   1.3
   1 1980 357  7740.  23.3  25.9   2.880   1.6   0.5
   1 1980 358 10008.  22.6  27.4   2.790   2.6   0.0
   1 1980 359 17136.  23.2  26.4   2.380   3.3   0.0
   1 1980 360 14184.  19.7  27.2   2.230   2.2   0.0
   1 1980 361 10872.  21.0  27.0   2.570   2.1   0.0
   1 1980 362  8568.  21.7  25.7   2.490   1.3   0.8
   1 1980 363 15048.  20.6  28.1   2.350   1.9   0.0
   1 1980 364  7740.  21.7  26.3   2.770   1.8   0.8
   1 1980 365  5220.  22.0  25.4   2.810   1.8   1.0
   1 1980 366 10656.  22.6  26.8   2.650   2.8   0.0
