*---------------------------------------------------------*
*   Country: Philippines
*   Station: IRRI wet station site
*      Year: 1984
*    Source: Agroclimate Service Unit of IRRI.
*    Author: Daniel van Kraalingen
* Longitude: 121 15 E
*  Latitude: 14 11 N
* Elevation: 21 m.
*  Comments: Original name of data used in IRRI: ORWET.
*
*  Columns:
*  ========
*  station number
*  year
*  day
*  irradiation (kJ m-2 d-1)
*  minimum temperature (degrees Celsius)
*  maximum temperature (degrees Celsius)
*  vapour pressure (kPa)
*  mean wind speed (m s-1)
*  precipitation (mm d-1)
** WCCDESCRIPTION=Philippines, IRRI wet station site
** WCCFORMAT=2
** WCCYEARNR=1984
*---------------------------------------------------------*
 121.25  14.18    21. -0.25 -0.45
   1 1984   1  9900.  22.0  26.4   2.390   1.6   0.4
   1 1984   2 12960.  21.4  27.9   2.290   1.4   0.0
   1 1984   3  8820.  22.1  26.9   2.460   1.1   0.7
   1 1984   4  4500.  21.4  24.5   2.500   0.9   1.4
   1 1984   5 10440.  22.0  27.7   2.330   1.6   0.0
   1 1984   6 13500.  22.0  28.5   2.500   1.2   1.1
   1 1984   7  9720.  23.3  27.5   2.660   1.0   1.4
   1 1984   8 14760.  21.4  28.7   2.390   1.3   0.0
   1 1984   9 12600.  21.0  27.8   2.430   1.3   0.0
   1 1984  10 11700.  21.5  28.6   2.420   1.1   0.0
   1 1984  11  9900.  21.9  28.0   2.470   1.1   0.0
   1 1984  12 17640.  21.4  30.1   2.520   1.5   0.2
   1 1984  13 17280.  22.0  30.0   2.390   1.2   0.0
   1 1984  14 13140.  23.5  28.2   2.490   2.1   0.0
   1 1984  15 15840.  21.7  29.6   2.490   1.6   0.0
   1 1984  16 13500.  21.4  28.6   2.420   1.8   0.0
   1 1984  17 12060.  21.9  28.0   2.410   2.0   0.0
   1 1984  18 11880.  22.0  28.7   2.400   1.5   0.0
   1 1984  19 14760.  22.5  29.5   2.670   1.6   1.6
   1 1984  20 11880.  22.5  28.7   2.500   1.7   0.0
   1 1984  21 18360.  21.7  30.0   2.410   1.4   0.0
   1 1984  22 16020.  21.5  29.7   2.480   1.5   0.0
   1 1984  23  5040.  24.0  24.9   2.720   0.8   9.4
   1 1984  24 10080.  22.7  27.4   2.680   1.6   0.6
   1 1984  25  7380.  21.9  26.8   2.670   0.9  14.6
   1 1984  26  8100.  23.0  26.5   2.580   1.7   1.6
   1 1984  27 10800.  22.5  28.0   2.640   1.8   2.4
   1 1984  28  7380.  23.2  26.5   2.570   1.8   0.0
   1 1984  29 16020.  22.0  28.0   2.360   2.1   0.0
   1 1984  30 11340.  22.0  27.9   2.550   2.1   0.2
   1 1984  31 14040.  22.1  28.7   2.610   1.5   0.4
   1 1984  32 14580.  20.9  28.5   2.440   1.8   0.0
   1 1984  33 12240.  21.0  28.2   2.470   1.9   0.0
   1 1984  34 16920.  20.3  28.4   2.340   1.7   0.0
   1 1984  35 20880.  20.0  29.1   2.340   1.7   0.0
   1 1984  36 10260.  22.1  27.7   2.790   1.0   1.0
   1 1984  37 13860.  22.4  30.2   2.820   1.2   4.2
   1 1984  38 11880.  23.0  26.7   2.600   2.9   0.0
   1 1984  39  9720.  21.3  26.0   2.430   2.2   0.0
   1 1984  40 12960.  22.0  26.5   2.310   2.2   0.0
   1 1984  41 16740.  21.4  27.9   2.410   1.8   0.0
   1 1984  42 19440.  20.4  29.2   2.320   1.7   0.0
   1 1984  43 16560.  20.2  28.3   2.350   1.2   0.4
   1 1984  44 18000.  20.6  29.6   2.500   2.0   0.0
   1 1984  45 21960.  20.7  29.5   2.420   1.8   0.0
   1 1984  46 17280.  21.7  29.6   2.510   1.7   0.0
   1 1984  47 20340.  20.7  29.5   2.490   1.8   0.0
   1 1984  48 20880.  21.4  30.8   2.520   1.5   0.0
   1 1984  49 14040.  21.2  29.2   2.560   1.5   0.2
   1 1984  50 16560.  23.1  28.4   2.620   2.1   0.0
   1 1984  51 19980.  21.1  28.7   2.410   1.9   0.0
   1 1984  52 17280.  20.0  28.2   2.220   1.8   0.0
   1 1984  53 15480.  19.7  28.4   2.420   1.7   0.0
   1 1984  54 11340.  22.6  30.0   2.740   1.7   0.0
   1 1984  55 21420.  23.6  30.4   2.750   1.8   0.0
   1 1984  56 23040.  20.5  29.8   2.420   2.1   0.0
   1 1984  57 13680.  20.0  28.1   2.310   1.5   1.0
   1 1984  58 21240.  20.5  28.7   2.370   2.5   0.0
   1 1984  59 15300.  21.0  28.6   2.440   1.8   0.0
   1 1984  60 11340.  22.5  27.8   2.690   1.9   1.2
   1 1984  61 17640.  22.5  28.6   2.480   2.1   0.0
   1 1984  62 21240.  21.2  29.2   2.600   1.7   0.0
   1 1984  63 21960.  21.5  29.7   2.540   1.7   0.0
   1 1984  64 18540.  21.6  29.2   2.630   2.8   0.0
   1 1984  65 13860.  23.1  27.5   2.680   2.2   1.4
   1 1984  66  8640.  22.7  27.4   2.850   1.2   2.4
   1 1984  67 14040.  23.7  30.4   2.940   0.8   3.0
   1 1984  68 20520.  22.7  32.0   2.790   0.9   0.0
   1 1984  69 21780.  23.5  30.6   2.820   1.1   0.0
   1 1984  70 22140.  22.9  32.0   2.770   1.0   0.0
   1 1984  71 14760.  24.4  31.0   2.970   1.2   1.1
   1 1984  72 20700.  23.4  32.1   2.910   1.3   0.0
   1 1984  73 16020.  24.5  31.0   3.030   1.0  13.7
   1 1984  74 20700.  23.3  33.6   2.880   1.1   0.0
   1 1984  75 22680.  23.2  33.5   2.860   1.1   0.0
   1 1984  76 21240.  24.1  32.6   2.860   1.2   0.0
   1 1984  77 24300.  23.9  32.5   2.770   1.5   0.0
   1 1984  78 25560.  21.7  32.8   2.560   1.7   0.0
   1 1984  79 18360.  24.7  32.5   2.920   1.6   0.0
   1 1984  80 23940.  23.0  32.0   2.770   1.5   0.0
   1 1984  81 25380.  23.3  31.5   2.500   2.2   0.0
   1 1984  82 25380.  22.8  31.0   2.520   2.3   0.0
   1 1984  83 24480.  22.4  30.5   2.480   2.4   0.0
   1 1984  84 16200.  22.0  29.5   2.570   1.9   0.0
   1 1984  85 23220.  22.1  31.4   2.590   2.1   0.0
   1 1984  86 15300.  22.9  30.7   2.680   1.9   0.0
   1 1984  87 20160.  24.0  31.5   2.770   1.9   0.0
   1 1984  88 12780.  23.5  30.8   2.940   1.3   0.4
   1 1984  89 14400.  23.3  31.7   2.750   1.3   3.4
   1 1984  90 22320.  23.0  32.4   2.790   1.4   0.0
   1 1984  91 21060.  23.9  31.6   2.800   1.9   0.0
   1 1984  92 23580.  23.7  33.0   2.750   1.1   0.0
   1 1984  93 25380.  24.2  32.0   2.720   2.1   0.0
   1 1984  94 17640.  22.7  32.0   2.650   1.6   0.0
   1 1984  95 21780.  23.7  33.6   2.780   1.7   0.0
   1 1984  96 25380.  23.7  32.5   2.700   1.9   0.0
   1 1984  97 20340.  23.9  32.0   2.850   1.8   0.0
   1 1984  98 26100.  25.1  32.7   2.810   2.2   0.0
   1 1984  99 25560.  23.3  32.2   2.670   2.1   0.0
   1 1984 100 23220.  24.0  33.0   2.780   1.7   0.0
   1 1984 101 23940.  24.2  32.5   2.790   2.1   0.0
   1 1984 102 23760.  23.0  31.7   2.610   1.8   0.0
   1 1984 103 20340.  24.0  32.5   2.650   1.6   0.0
   1 1984 104 24300.  23.0  33.3   2.640   1.1   0.0
   1 1984 105 24120.  24.1  32.2   2.680   1.7   0.0
   1 1984 106 24300.  23.7  32.3   2.800   1.6   0.0
   1 1984 107 23400.  24.2  32.5   2.830   1.7   0.0
   1 1984 108 21780.  24.6  32.0   2.910   1.7   0.0
   1 1984 109 15660.  24.5  32.5   2.960   1.1   0.0
   1 1984 110 17460.  23.7  34.1   2.910   1.2   0.0
   1 1984 111 20160.  24.6  33.1   3.050   1.0  22.3
   1 1984 112 20160.  24.4  32.2   3.080   1.1   3.4
   1 1984 113 20160.  25.0  33.9   2.950   0.8   1.3
   1 1984 114 23940.  23.4  32.5   2.930   1.5   0.0
   1 1984 115 12600.  25.0  30.8   2.930   1.4   1.7
   1 1984 116 22680.  23.6  32.6   2.930   1.6   0.0
   1 1984 117 20520.  24.4  33.1   3.150   1.2   3.1
   1 1984 118 19440.  25.1  33.1   3.200   1.0  19.2
   1 1984 119 16020.  24.4  33.5   3.160   0.9   7.3
   1 1984 120 16740.  24.5  32.0   3.190   1.0   9.0
   1 1984 121 16200.  23.5  32.8   3.080   0.8   8.4
   1 1984 122 11340.  24.0  30.5   3.100   0.7  10.6
   1 1984 123 19440.  23.0  32.1   2.920   0.9  17.3
   1 1984 124 10620.  24.5  30.7   3.050   0.8   3.8
   1 1984 125 18540.  23.4  31.5   2.960   1.6   0.0
   1 1984 126 11880.  24.7  31.7   3.060   0.8  31.6
   1 1984 127 17100.  24.1  31.6   3.030   0.6   0.0
   1 1984 128 16920.  23.0  32.2   2.880   0.8  86.5
   1 1984 129 20700.  23.5  32.4   3.080   0.7   0.0
   1 1984 130 17820.  24.5  33.4   3.080   0.8   7.7
   1 1984 131 14040.  24.1  32.0   3.160   0.8   0.8
   1 1984 132 21060.  24.1  32.9   3.060   1.2  12.4
   1 1984 133 25380.  23.5  32.6   2.890   1.5   0.0
   1 1984 134 22860.  23.6  33.1   3.040   0.9  11.1
   1 1984 135 24480.  24.5  33.7   3.080   1.0   0.0
   1 1984 136 17640.  24.4  32.2   3.020   0.7   0.3
   1 1984 137 15120.  24.2  32.6   3.120   0.9   0.0
   1 1984 138 19620.  24.1  32.6   3.120   0.7   0.0
   1 1984 139 21780.  24.5  33.7   3.160   0.8   0.0
   1 1984 140 18720.  24.2  32.7   3.080   0.6   0.2
   1 1984 141 17100.  24.3  33.0   3.110   0.7   6.4
   1 1984 142 14400.  24.5  32.9   3.150   0.9  58.0
   1 1984 143 16200.  24.2  32.0   3.000   0.6  28.7
   1 1984 144 12780.  24.5  31.0   3.080   0.7  17.9
   1 1984 145 20880.  23.0  32.7   2.910   0.9   7.6
   1 1984 146 21780.  24.5  32.3   2.940   1.5   0.6
   1 1984 147 21060.  24.6  32.7   2.870   1.1   0.0
   1 1984 148 21960.  24.4  33.5   2.960   0.7   0.0
   1 1984 149 23760.  23.6  33.3   2.980   1.4   0.6
   1 1984 150 24300.  25.2  33.1   2.960   0.9   0.0
   1 1984 151 16200.  25.0  33.4   3.120   0.8   0.9
   1 1984 152 19620.  24.5  33.4   3.100   1.0   1.6
   1 1984 153 17460.  25.0  33.0   3.160   0.9  23.6
   1 1984 154 22680.  23.7  33.4   3.050   1.0   0.0
   1 1984 155 19980.  25.1  34.1   3.110   0.8   0.0
   1 1984 156 19800.  24.7  34.0   3.140   0.9   0.0
   1 1984 157 13680.  25.0  30.9   3.140   1.0  12.8
   1 1984 158 18360.  24.8  32.0   3.020   1.7   0.0
   1 1984 159 13320.  25.0  31.0   3.160   0.9  13.0
   1 1984 160 18360.  24.0  31.4   3.070   1.3  16.0
   1 1984 161 21780.  23.9  32.9   2.960   1.3   1.7
   1 1984 162 16380.  24.5  31.9   3.100   1.0   0.0
   1 1984 163 13140.  23.6  32.0   2.880   1.1  39.4
   1 1984 164 18900.  23.9  32.0   3.010   0.9   0.8
   1 1984 165 21780.  24.4  33.6   3.040   0.7   1.5
   1 1984 166 19800.  23.5  33.3   2.960   0.7  10.2
   1 1984 167 11160.  24.5  32.3   3.020   0.9   7.9
   1 1984 168  9180.  23.9  30.2   2.910   1.3   8.3
   1 1984 169 15120.  24.0  30.0   2.820   1.7   9.4
   1 1984 170  6480.  24.0  27.7   2.860   1.3   1.0
   1 1984 171 10440.  24.5  29.5   2.850   1.9   1.6
   1 1984 172 11520.  24.3  29.5   3.050   1.9   5.0
   1 1984 173  5220.  25.0  27.5   2.890   1.8   6.6
   1 1984 174  9000.  24.6  29.7   2.990   1.7   5.7
   1 1984 175  6840.  24.1  28.5   2.870   2.1   5.3
   1 1984 176 13320.  24.6  29.7   2.940   1.6   3.0
   1 1984 177  8820.  24.5  29.1   2.980   1.1   3.2
   1 1984 178  7560.  24.5  29.2   2.960   0.7  12.0
   1 1984 179  9000.  23.1  27.5   2.740   0.5   0.8
   1 1984 180 22320.  22.5  32.0   2.690   1.1   0.0
   1 1984 181 15660.  23.6  30.6   2.940   1.0   0.0
   1 1984 182  5220.  24.4  27.8   3.090   0.9  79.2
   1 1984 183  7560.  23.0  28.1   2.740   1.2   3.2
   1 1984 184 12600.  24.0  30.7   2.940   1.0   4.6
   1 1984 185 19980.  24.0  30.9   2.970   0.8   0.0
   1 1984 186 18900.  22.9  32.0   2.830   0.6   0.0
   1 1984 187 10440.  23.6  29.6   2.910   0.8  10.9
   1 1984 188 12060.  23.4  28.5   2.790   1.4   1.9
   1 1984 189 17640.  23.4  30.8   2.760   1.4   7.3
   1 1984 190 17100.  23.7  31.5   2.940   1.0   0.0
   1 1984 191 15480.  24.0  31.0   3.080   0.9   0.0
   1 1984 192 18180.  24.0  30.5   3.030   0.8   4.6
   1 1984 193 19080.  23.5  30.5   2.940   1.0   4.8
   1 1984 194 23580.  22.8  32.5   2.860   0.9   0.0
   1 1984 195 23220.  23.6  33.5   2.900   0.9   0.0
   1 1984 196 17460.  23.1  31.9   2.860   0.8   0.0
   1 1984 197 20700.  23.7  32.2   3.010   0.8   0.0
   1 1984 198 24300.  23.1  32.6   2.970   1.0   0.0
   1 1984 199 19260.  23.1  33.1   2.870   1.0  21.4
   1 1984 200 16920.  22.0  31.5   2.930   0.8   0.2
   1 1984 201 21600.  23.5  32.7   2.930   1.0   0.0
   1 1984 202 21780.  23.1  33.3   2.810   0.8   2.0
   1 1984 203 16920.  23.1  32.4   2.900   0.7   0.0
   1 1984 204 22680.  23.4  33.7   2.860   0.7   0.0
   1 1984 205 20520.  23.6  34.0   2.830   0.7   0.0
   1 1984 206 14400.  23.1  31.9   2.920   1.0   0.0
   1 1984 207 17100.  23.1  31.6   2.810   0.8   0.7
   1 1984 208 17280.  23.6  31.5   3.010   1.2  18.8
   1 1984 209 20160.  23.8  32.2   2.970   1.2   3.4
   1 1984 210 23400.  23.5  33.0   2.750   1.3   0.0
   1 1984 211 22320.  23.8  33.1   2.900   1.3   0.0
   1 1984 212 13680.  24.0  31.5   3.080   0.9   0.0
   1 1984 213 14760.  23.7  33.0   2.880   1.0  11.4
   1 1984 214 15120.  24.4  32.0   2.960   0.8   0.0
   1 1984 215 12780.  24.5  31.3   2.890   0.9   0.0
   1 1984 216 21060.  24.3  33.3   2.910   1.3   0.0
   1 1984 217 17820.  24.0  31.4   2.680   1.3   0.0
   1 1984 218  9720.  23.6  28.7   2.930   1.0   6.5
   1 1984 219  6660.  24.4  29.5   2.910   1.4  10.6
   1 1984 220 13140.  24.6  30.6   2.900   1.8  12.2
   1 1984 221  7560.  24.5  27.5   3.010   1.2  17.2
   1 1984 222 16200.  23.5  32.2   2.880   1.0   0.0
   1 1984 223 18540.  24.2  32.9   2.960   1.2   0.4
   1 1984 224 12060.  24.3  29.7   2.870   1.3   2.2
   1 1984 225  9000.  24.2  29.8   2.910   1.4  14.0
   1 1984 226  5400.  24.2  28.1   2.910   2.3  11.4
   1 1984 227  3240.  24.8  28.6   2.910   2.7  12.2
   1 1984 228  9180.  24.8  30.2   2.630   2.8   5.6
   1 1984 229 16380.  25.1  30.9   2.910   4.8  11.2
   1 1984 230 10800.  26.0  30.1   2.990   4.6   4.8
   1 1984 231 14220.  26.5  31.3   2.950   4.3   3.6
   1 1984 232 17100.  25.2  31.6   2.840   2.7   0.0
   1 1984 233 19980.  24.1  32.5   2.910   1.9   0.0
   1 1984 234 23040.  23.9  33.0   2.980   1.7   0.0
   1 1984 235  6660.  24.8  28.6   3.000   1.0   6.9
   1 1984 236  5760.  24.0  28.5   2.980   0.8  98.2
   1 1984 237 11520.  22.5  30.3   2.740   1.2   3.5
   1 1984 238 10800.  23.2  30.1   2.730   1.7   4.5
   1 1984 239 10980.  23.5  29.8   2.890   1.2  13.7
   1 1984 240  9720.  23.6  29.7   2.930   1.8   7.4
   1 1984 241  9180.  24.8  28.5   2.840   4.6  26.4
   1 1984 242  9000.  24.5  29.1   2.940   5.4  17.6
   1 1984 243 12060.  24.6  30.0   2.810   3.6   1.4
   1 1984 244 16200.  23.7  31.7   2.790   1.3   0.0
   1 1984 245 18180.  23.4  32.6   2.740   0.9   0.0
   1 1984 246 18180.  21.9  33.4   2.710   1.1  11.8
   1 1984 247 11160.  24.3  28.8   2.800   3.4   0.8
   1 1984 248 22860.  24.0  31.2   2.940   2.2   0.0
   1 1984 249 14940.  24.0  32.4   2.980   1.1  18.0
   1 1984 250 12420.  23.4  30.2   3.010   0.9   2.6
   1 1984 251 24660.  23.5  32.7   3.020   1.5   0.0
   1 1984 252 21420.  24.2  32.1   3.000   1.0   0.0
   1 1984 253 23040.  22.8  32.7   2.820   0.9   0.0
   1 1984 254 20160.  22.9  32.0   2.790   0.7   0.0
   1 1984 255 19080.  24.2  32.4   3.100   0.9   0.0
   1 1984 256 23040.  23.4  32.2   2.910   1.0   0.0
   1 1984 257 24660.  22.3  33.1   2.660   0.9   0.0
   1 1984 258 19080.  23.6  32.3   2.840   0.8   0.0
   1 1984 259 20160.  23.4  32.9   3.020   0.9   4.7
   1 1984 260 20700.  24.4  32.0   2.850   0.8   0.0
   1 1984 261 18000.  23.6  32.6   3.020   1.0   2.2
   1 1984 262 21240.  22.7  31.4   2.890   1.1   1.0
   1 1984 263 16920.  24.0  31.4   2.990   1.0   4.6
   1 1984 264  9360.  24.0  31.5   3.180   0.7  14.6
   1 1984 265 10800.  23.6  29.9   3.010   1.0   5.4
   1 1984 266 13500.  24.2  30.6   3.100   0.9   5.8
   1 1984 267 18000.  23.1  32.0   3.010   0.8  10.2
   1 1984 268 11340.  23.1  30.6   2.920   0.7   4.3
   1 1984 269  9900.  23.7  31.4   3.050   0.7   3.5
   1 1984 270 10080.  23.5  30.7   2.990   0.6  13.4
   1 1984 271 16200.  22.7  32.0   2.940   0.7  27.0
   1 1984 272 16740.  23.7  31.5   2.940   0.6   5.0
   1 1984 273 22500.  23.0  33.0   2.610   0.7   0.0
   1 1984 274 19980.  23.6  31.6   2.940   1.0   0.0
   1 1984 275 15840.  24.0  30.3   2.980   1.1   0.0
   1 1984 276 20880.  24.5  32.1   2.980   1.3   0.0
   1 1984 277 12780.  24.8  32.0   3.210   0.9   0.8
   1 1984 278  8280.  24.4  28.5   2.940   0.8   0.3
   1 1984 279 13320.  24.1  29.5   2.870   0.8   0.0
   1 1984 280 11880.  23.6  30.0   2.910   0.6   5.0
   1 1984 281 10800.  23.4  29.7   2.910   0.6   1.2
   1 1984 282  9000.  23.6  29.7   3.010   0.8  42.3
   1 1984 283  7920.  23.6  28.7   3.040   0.7  26.2
   1 1984 284  7200.  23.8  29.5   3.080   0.7  20.2
   1 1984 285 20340.  23.5  31.6   3.010   2.1   0.2
   1 1984 286 19080.  23.5  33.1   2.940   0.9   9.6
   1 1984 287  9720.  23.7  31.7   2.970   1.0   0.5
   1 1984 288 18900.  23.6  29.6   2.750   0.9   1.2
   1 1984 289 15660.  24.1  30.3   2.870   1.2   0.0
   1 1984 290 21600.  23.5  31.3   2.790   0.9   0.0
   1 1984 291 21960.  22.0  31.6   2.700   1.0   0.0
   1 1984 292 12060.  23.4  31.2   2.850   0.9  42.2
   1 1984 293  3600.  23.5  27.5   2.900   0.6  76.6
   1 1984 294  6840.  23.2  28.0   2.920   0.9 155.8
   1 1984 295  1620.  23.8  24.8   2.900   1.6 197.0
   1 1984 296  6120.  23.0  26.2   2.890   0.8  29.0
   1 1984 297 12060.  23.9  29.2   3.070   1.7  17.8
   1 1984 298 10260.  24.3  28.7   3.030   1.6  68.6
   1 1984 299 11520.  24.0  31.0   2.990   0.7   4.6
   1 1984 300 20700.  22.8  31.9   2.680   1.1   0.0
   1 1984 301 10080.  24.0  30.5   2.850   1.0   7.2
   1 1984 302 14400.  24.0  31.5   2.880   1.4   1.6
   1 1984 303  7920.  24.3  29.8   2.960   0.5   7.8
   1 1984 304 11340.  24.0  30.5   2.940   0.7  14.6
   1 1984 305  3600.  23.8  26.5   2.950   0.3   4.8
   1 1984 306 12060.  23.7  30.0   2.920   0.7  11.4
   1 1984 307 16200.  23.5  30.5   2.850   1.2   0.0
   1 1984 308 20340.  23.2  31.5   2.760   0.9   0.0
   1 1984 309 12960.  23.4  30.2   2.910   0.8   0.0
   1 1984 310  5220.  23.1  28.7   2.840   1.7  10.1
   1 1984 311 18540.  24.1  32.2   2.980   1.3   0.0
   1 1984 312 17100.  23.5  32.0   2.990   1.3   0.0
   1 1984 313 18900.  24.2  31.4   3.030   1.8   0.0
   1 1984 314 16560.  24.8  30.4   2.970   2.0   4.8
   1 1984 315 11160.  23.0  29.5   2.770   0.9   7.6
   1 1984 316 12420.  23.9  31.0   3.070   0.9   0.6
   1 1984 317 20160.  23.5  31.2   2.700   1.8   0.0
   1 1984 318 17280.  23.6  30.5   2.670   2.0   3.3
   1 1984 319 16020.  23.2  30.5   2.730   1.6   1.6
   1 1984 320 19080.  22.5  31.2   2.850   0.9   0.0
   1 1984 321 17460.  22.8  31.9   2.870   0.7   0.0
   1 1984 322 16740.  23.5  32.7   2.850   1.0   0.0
   1 1984 323 16560.  23.0  30.7   2.820   1.1   1.8
   1 1984 324 18360.  24.5  31.0   2.780   1.1   0.0
   1 1984 325  8280.  21.6  28.0   2.580   1.0   2.8
   1 1984 326 16380.  23.0  29.2   2.550   1.5   0.0
   1 1984 327 14040.  22.0  29.5   2.490   1.4   0.0
   1 1984 328 11880.  22.1  29.7   2.590   1.3   0.5
   1 1984 329  8100.  23.0  29.1   2.760   1.0   0.0
   1 1984 330 17820.  23.0  30.5   2.630   2.0   4.4
   1 1984 331  1080.  24.5  26.5   3.040   0.8  49.4
   1 1984 332  7560.  23.7  28.2   2.920   1.8   8.9
   1 1984 333  7740.  23.8  28.0   2.790   1.7   0.7
   1 1984 334 13500.  22.5  28.7   2.590   1.6   0.0
   1 1984 335  6660.  24.0  27.7   2.920   0.9  16.7
   1 1984 336  5220.  24.2  27.3   2.940   1.0  12.8
   1 1984 337 15120.  23.6  29.5   2.860   1.4   0.0
   1 1984 338 14220.  24.3  29.9   3.030   0.8   5.5
   1 1984 339 10260.  23.4  29.4   2.860   1.3   0.4
   1 1984 340 12240.  22.8  28.4   2.680   1.5   0.0
   1 1984 341 13680.  23.2  29.5   2.750   2.0   0.3
   1 1984 342  9900.  23.5  27.7   2.730   1.5   1.8
   1 1984 343  9900.  21.8  27.2   2.440   1.4   0.0
   1 1984 344 19080.  20.6  29.0   2.300   1.5   0.0
   1 1984 345 18540.  20.0  28.9   2.380   0.8   0.0
   1 1984 346 15300.  20.1  28.6   2.450   1.3   0.0
   1 1984 347 11160.  22.0  28.0   2.630   1.7   0.0
   1 1984 348  7020.  22.6  26.2   2.520   1.3   0.0
   1 1984 349 10080.  21.7  27.9   2.580   1.5   0.0
   1 1984 350 13500.  21.7  28.7   2.480   1.4   0.1
   1 1984 351 10980.  21.7  28.6   2.560   1.2   1.4
   1 1984 352 11520.  23.7  30.1   2.870   1.8   1.1
   1 1984 353 12420.  22.5  29.2   2.690   1.4   0.0
   1 1984 354 13860.  23.2  29.0   2.490   2.0   0.0
   1 1984 355 11520.  21.6  28.7   2.580   1.5   3.6
   1 1984 356 13860.  22.4  29.1   2.760   1.6   0.0
   1 1984 357 10620.  22.5  28.4   2.790   1.0   4.2
   1 1984 358  9540.  22.9  27.7   2.770   2.2   1.8
   1 1984 359  7740.  22.1  26.7   2.510   1.2   0.6
   1 1984 360  9540.  21.0  27.2   2.520   1.1   1.6
   1 1984 361 11700.  21.1  27.2   2.370   1.3   0.0
   1 1984 362 14400.  20.0  28.2   2.270   1.1   0.0
   1 1984 363 14760.  20.8  28.0   2.340   1.1   0.0
   1 1984 364  8100.  20.9  27.2   2.390   0.9   0.0
   1 1984 365 15300.  22.0  27.4   2.400   1.4   0.0
   1 1984 366  8460.  21.2  27.4   2.570   0.7   0.0
