*---------------------------------------------------------*
*   Country: Philippines
*   Station: IRRI wet station site
*      Year: 1991
*    Source: Agroclimate Service Unit of IRRI.
*    Author: Daniel van Kraalingen
* Longitude: 121 15 E
*  Latitude: 14 11 N
* Elevation: 21 m.
*  Comments: Original name of data used in IRRI: ORWET. 
*            Incomplete year ! This file is extracted from 
*            CLICOM database.
*
*  Columns:
*  ========
*  station number
*  year
*  day
*  irradiation (kJ m-2 d-1)
*  minimum temperature (degrees Celsius)
*  maximum temperature (degrees Celsius)
*  vapour pressure (kPa)
*  mean wind speed (m s-1)
*  precipitation (mm d-1)
** WCCDESCRIPTION=Philippines, IRRI wet station site
** WCCFORMAT=2
** WCCYEARNR=1991
*---------------------------------------------------------*
 121.25  14.18    21. -0.25 -0.45
   1 1991   1  9700.  23.6  28.4   2.820   0.9   2.1
   1 1991   2 14900.  23.7  30.5   2.850   1.6   0.0
   1 1991   3 10200.  21.6  28.5   2.450   1.6   0.0
   1 1991   4 19300.  21.3  30.1   2.470   2.2   0.0
   1 1991   5 19500.  20.6  31.0   2.600   1.1   0.0
   1 1991   6  9400.  21.0  28.0   2.460   1.7   2.0
   1 1991   7 16300.  22.1  29.8   2.630   1.8   0.0
   1 1991   8 16400.  21.5  30.3   2.520   0.9   0.0
   1 1991   9  8900.  22.6  27.5   2.620   2.3   0.0
   1 1991  10 11600.  23.5  28.0   2.430   2.4   0.0
   1 1991  11 17500.  22.1  30.0   2.460   1.7   0.0
   1 1991  12 17800.  22.0  30.2   2.660   1.5   0.0
   1 1991  13  9600.  22.3  27.6   2.620   1.8   0.1
   1 1991  14 10900.  22.7  27.2   2.570   2.1   8.0
   1 1991  15  8100.  22.8  25.9   2.680   1.3   7.2
   1 1991  16 17300.  21.9  28.8   2.370   2.1   0.0
   1 1991  17 16000.  20.6  29.0   2.470   2.1   0.0
   1 1991  18 18500.  21.2  29.3   2.410   2.0   0.0
   1 1991  19 19900.  21.1  30.0   2.570   2.3   0.0
   1 1991  20 20900.  21.6  30.1   2.510   2.3   0.0
   1 1991  21 16900.  21.7  29.5   2.600   2.1   0.0
   1 1991  22 14100.  22.1  28.6   2.490   1.9   0.0
   1 1991  23  8000.  23.0  26.1   2.640   1.8   3.2
   1 1991  24 15700.  23.1  29.3   2.530   2.6   1.0
   1 1991  25 14900.  22.5  29.0   2.450   2.0   0.0
   1 1991  26 16000.  21.8  28.3   2.440   2.0   0.0
   1 1991  27 13600.  20.0  28.4   2.470   1.8   0.0
   1 1991  28 14100.  20.4  28.5   2.390   1.7   0.0
   1 1991  29 14500.  21.0  28.2   2.460   1.2   0.1
   1 1991  30 15600.  22.0  29.9   2.580   1.6   0.0
   1 1991  31 15000.  22.6  28.9   2.660   1.2  23.1
   1 1991  32 13200.  22.0  28.5   2.710   1.1   1.4
   1 1991  33 12100.  23.0  28.7   2.700   1.1   1.5
   1 1991  34 12600.  22.0  29.0   2.640   1.1   1.8
   1 1991  35 18200.  22.3  31.3   2.690   1.2   0.0
   1 1991  36 19200.  22.0  30.0   2.620   2.2   0.0
   1 1991  37 16000.  22.0  30.5   2.540   1.4   0.0
   1 1991  38 18100.  22.1  31.1   2.600   1.3   0.0
   1 1991  39 19000.  21.9  30.9   2.590   1.7   0.0
   1 1991  40 11900.  23.4  30.8   2.620   1.3   0.0
   1 1991  41 14500.  22.0  31.0   2.620   1.7   0.0
   1 1991  42 19400.  23.0  31.0   2.660   1.9   0.0
   1 1991  43 16700.  23.1  31.5   2.680   2.0   0.0
   1 1991  44 15400.  22.5  30.5   2.670   1.7   0.0
   1 1991  45 19200.  22.0  30.5   2.640   1.3   0.0
   1 1991  46 21700.  22.9  31.5   2.700   1.2   0.0
   1 1991  47 21300.  22.1  31.2   2.670   1.6   0.0
   1 1991  48 21500.  22.5  30.5   2.630   1.9   3.4
   1 1991  49  8700.  21.5  25.0   2.630   1.2   7.1
   1 1991  50 13600.  21.8  28.4   2.510   1.4   0.0
   1 1991  51  9800.  21.6  26.5   2.420   1.4   0.7
   1 1991  52 19000.  21.5  28.7   2.380   2.1   0.0
   1 1991  53 12500.  21.9  26.1   2.470   2.0   2.0
   1 1991  54  9200.  22.2  26.5   2.490   1.9   0.9
   1 1991  55  9000.  22.0  26.7   2.370   2.2   0.0
   1 1991  56 10300.  22.7  26.8   2.500   2.6   0.4
   1 1991  57 14400.  21.8  26.7   2.440   2.5   0.0
   1 1991  58 22200.  21.5  29.5   2.380   2.1   0.0
   1 1991  59 21300.  20.5  29.5   2.490   2.0   0.0
   1 1991  60 23700.  19.7  29.3   2.330   1.7   0.0
   1 1991  61 23500.  20.1  29.1   2.410   1.9   0.0
   1 1991  62 23100.  19.9  29.1   2.360   2.3   0.0
   1 1991  63 19100.  21.9  29.4   2.500   1.6   0.0
   1 1991  64 17700.  21.2  31.0   2.630   1.5   0.0
   1 1991  65 23300.  21.5  30.0   2.640   2.1   0.0
   1 1991  66 23500.  20.0  30.0   2.460   2.2   0.0
   1 1991  67 24400.  22.5  30.5   2.680   2.0   0.0
   1 1991  68 22800.  20.6  29.7   2.530   2.0   0.0
   1 1991  69 22500.  21.0  30.2   2.350   2.2   0.0
   1 1991  70 21500.  20.6  30.1   2.440   2.1   0.0
   1 1991  71 15900.  20.4  28.7   2.600   1.9   0.8
   1 1991  72  5900.  23.7  26.5   2.490   1.4  34.0
   1 1991  73  4100.  23.0  25.6   2.920   1.4  34.0
   1 1991  74 16800.  23.5  28.6   2.590   2.1   0.0
   1 1991  75 21100.  22.2  30.1   2.620   1.8   0.0
   1 1991  76 21700.  22.9  30.5   2.810   1.8   0.0
   1 1991  77 24100.  23.4  30.4   2.700   2.0   0.0
   1 1991  78 18000.  22.5  30.5   2.690   1.7   0.0
   1 1991  79 24700.  24.5  30.7   2.790   1.9   0.0
   1 1991  80 12600.  23.5  31.1   2.850   1.1   0.6
   1 1991  81 19300.  24.2  31.3   2.900   1.4   0.0
   1 1991  82 23500.  22.5  32.5   2.680   1.6   0.0
   1 1991  83 23700.  23.1  31.5   2.800   1.9   0.0
   1 1991  84 18800.  22.5  31.9   2.830   1.4   0.0
   1 1991  85 24400.  22.6  31.0   2.660   2.0   0.0
   1 1991  86 24800.  22.2  31.5   2.340   2.0   0.0
   1 1991  87 24100.  21.6  30.5   2.490   2.2   0.0
   1 1991  88 16700.  22.5  29.0   2.600   2.0   0.4
   1 1991  89 25100.  22.0  30.5   2.370   2.1   0.0
   1 1991  90 19200.  21.5  30.2   2.490   1.6   0.0
   1 1991  91 21300.  24.5  30.1   2.810   2.0   0.0
   1 1991  92 16500.  23.0  29.5   2.750   1.9   0.0
   1 1991  93 19200.  22.6  30.0   2.690   2.1   0.0
   1 1991  94 24400.  22.3  31.5   2.690   1.9   0.0
   1 1991  95 23500.  22.2  32.0   2.730   1.4   0.0
   1 1991  96 20500.  22.5  33.8   2.660   1.3   0.0
   1 1991  97 21800.  22.1  34.5   2.760   1.1   0.0
   1 1991  98 20300.  23.2  32.5   2.910   1.3   0.0
   1 1991  99 18600.  23.7  31.6   2.870   1.5   0.0
   1 1991 100 15200.  23.2  32.1   2.960   1.4   0.0
   1 1991 101 19800.  22.5  31.8   2.680   1.8   0.0
   1 1991 102 26000.  22.0  32.7   2.660   1.7   0.0
   1 1991 103 22700.  22.7  32.1   2.870   1.8   0.0
   1 1991 104 24600.  23.3  31.7   2.670   2.3   0.0
   1 1991 105 25100.  23.5  32.0   2.820   2.3   0.0
   1 1991 106 20800.  23.5  31.5   2.890   2.0   0.0
   1 1991 107 20000.  25.4  32.2   3.010   2.0   0.0
   1 1991 108 24700.  25.5  33.0   2.980   1.9   0.0
   1 1991 109 16100.  26.0  32.0   3.170   1.2   5.2
   1 1991 110 24400.  24.5  33.4   2.970   1.9   0.0
   1 1991 111 18200.  24.6  31.2   2.910   1.9  17.4
   1 1991 112 20700.  24.0  31.5   3.000   1.8   0.0
   1 1991 113 24000.  23.7  31.5   2.850   2.4   0.0
   1 1991 114 21100.  24.5  32.1   2.950   2.0   0.4
   1 1991 115 20100.  23.8  32.0   2.940   2.1   1.9
   1 1991 116 12500.  24.8  31.0   3.010   1.7   3.3
   1 1991 117 21800.  24.0  33.0   2.970   1.6   0.0
   1 1991 118 19900.  25.3  33.0   2.890   1.4   0.0
   1 1991 119 25900.  24.1  34.2   3.050   1.2   0.0
   1 1991 120 23500.  23.0  34.6   2.870   1.0   0.0
   1 1991 121 21800.  23.1  34.5   2.950   1.3   0.0
   1 1991 122 20700.  24.8  34.9   3.290   1.2   0.0
   1 1991 123 25700.  25.4  33.6   2.950   2.2   0.0
   1 1991 124 11300.  24.7  31.2   2.990   1.3  10.4
   1 1991 125 17400.  24.5  32.0   2.910   1.7   0.0
   1 1991 126 25400.  24.5  34.0   3.010   1.8   0.0
   1 1991 127 23500.  24.7  33.7   2.990   1.9   0.0
   1 1991 128 24300.  25.0  33.5   2.930   1.9   0.0
   1 1991 129 24400.  24.7  33.2   2.970   2.0   0.1
   1 1991 130 24000.  25.0  33.3   2.980   1.9   0.0
   1 1991 131 22500.  24.5  32.1   2.880   1.7   0.0
   1 1991 132 23200.  24.6  33.7   2.870   1.3   0.0
   1 1991 133 21700.  24.1  34.4   2.790   1.2   0.0
   1 1991 134 21800.  24.4  34.9   2.840   1.5   0.0
   1 1991 135 20100.  23.0  34.4   2.670   1.4   0.0
   1 1991 136 22900.  22.7  34.7   3.010   1.4   0.0
   1 1991 137 17900.  25.1  35.0   3.020   1.2   3.0
   1 1991 138 15900.  24.4  34.0   3.030   1.4  12.0
   1 1991 139 11000.  25.5  30.2   3.140   1.2   0.4
   1 1991 140 25400.  24.5  34.5   3.110   2.2   0.0
   1 1991 141 25000.  25.0  33.6   3.070   1.0   0.0
   1 1991 142 22700.  25.5  35.0   2.950   1.4   0.0
   1 1991 143 16700.  26.0  34.0   3.120   1.1  23.8
   1 1991 144 25800.  25.5  34.7   3.130   1.6   0.0
   1 1991 145 24600.  22.6  33.5   2.700   2.0   0.0
   1 1991 146 26500.  24.0  34.2   2.800   2.1   0.0
   1 1991 147 23300.  24.7  33.4   2.940   1.9   0.0
   1 1991 148 18000.  25.4  31.2   2.900   2.1   0.0
   1 1991 149 15100.  25.8  31.5   3.010   1.9   0.0
   1 1991 150 16700.  26.0  33.2   2.960   2.1   0.0
   1 1991 151 22000.  25.9  34.0   3.010   2.4   0.0
   1 1991 152 22500.  25.5  33.8   3.000   2.5   0.0
   1 1991 153 21900.  25.5  34.0   3.010   2.3   0.0
   1 1991 154 15600.  26.4  33.7   3.170   1.4   6.8
   1 1991 155 23300.  25.1  33.7   3.180   2.2   0.0
   1 1991 156 20300.  25.0  33.7   2.950   1.9   0.0
   1 1991 157 16100.  25.1  33.1   3.030   1.3   8.0
   1 1991 158 25400.  25.1  34.7   3.050   2.1   0.0
   1 1991 159 21000.  25.0  34.3   2.850   1.8   0.0
   1 1991 160 17400.  24.8  33.5   3.050   1.7  10.0
   1 1991 161 25700.  23.9  34.2   2.980   2.2   0.0
   1 1991 162 23000.  24.5  33.6   3.010   2.0   0.0
   1 1991 163 21800.  25.7  34.0   2.930   1.7   0.0
   1 1991 164 19000.  25.6  35.0   3.020   1.3   5.0
   1 1991 165  6800.  25.5  29.2   3.250   1.7  66.8
   1 1991 166  5100.  24.4  28.2   2.930   2.4   2.4
   1 1991 167 11600.  24.4  30.0   2.790   2.1   4.4
   1 1991 168 14200.  23.7  31.1   2.910   2.3   0.0
   1 1991 169 15400.  26.4  32.1   3.040   2.1  11.4
   1 1991 170 16200.  24.9  32.4   3.130   1.7   2.5
   1 1991 171 12100.  25.0  31.6   2.950   1.3   1.6
   1 1991 172 20300.  25.2  32.9   3.100   1.6   0.0
   1 1991 173 19500.  23.6  33.5   2.920   1.3   0.0
   1 1991 174 17100.  24.5  32.8   2.810   2.1   0.4
   1 1991 175 20900.  25.6  34.0   3.040   1.6   0.0
   1 1991 176 22600.  25.2  34.7   3.330   1.5   0.0
   1 1991 177 21100.  24.3  33.9   3.090   1.9   7.0
   1 1991 178  4800.  24.7  29.0   3.010   0.7  11.6
   1 1991 179 13000.  24.9  30.6   3.130   1.2  19.8
   1 1991 180 12900.  25.2  30.6   3.060   1.1  26.6
   1 1991 181 14800.  24.1  32.4   3.040   1.5  90.4
   1 1991 182 23400.  24.3  32.5   3.050   1.3   0.0
   1 1991 183 20100.  24.4  33.5   3.000   1.1   1.6
   1 1991 184 21500.  24.8  32.5   3.100   1.7   0.5
   1 1991 185 19700.  25.4  32.5   3.210   1.1   3.6
   1 1991 186 22200.  24.7  32.6   3.150   1.5   0.0
   1 1991 187 25000.  23.9  33.2   3.090   1.6   0.0
   1 1991 188 19000.  25.2  32.5   3.000   1.5   0.0
   1 1991 189 20300.  24.9  32.1   2.980   1.6   0.0
   1 1991 190 19400.  24.7  33.0   3.050   2.1 128.0
   1 1991 191  3000.  23.4  27.0   3.100   4.2  32.4
   1 1991 192 12600.  24.2  29.5   2.880   1.9   3.6
   1 1991 193 12300.  24.2  31.1   2.850   1.1  31.5
   1 1991 194 21800.  22.7  32.0   3.000   1.2   0.0
   1 1991 195 21100.  23.5  32.0   3.000   1.2   0.0
   1 1991 196 21900.  24.0  33.0   3.040   1.1   0.1
   1 1991 197 18300.  24.0  32.5   3.030   1.2   4.7
   1 1991 198 20500.  25.5  32.5   3.100   3.1   0.0
   1 1991 199  7500.  27.5  30.0   2.740   2.5   3.0
   1 1991 200  9000.  25.4  30.2   3.010   1.4   5.2
   1 1991 201 15500.  24.4  31.0   2.880   1.0   1.8
   1 1991 202  8300.  24.5  29.8   2.980   1.3   8.8
   1 1991 203  8400.  24.5  29.2   2.760   2.6   0.0
   1 1991 204 10900.  25.3  29.2   3.140   1.5  16.1
   1 1991 205 10700.  23.9  29.9   3.060   1.3  39.1
   1 1991 206  9000.  23.7  30.0   2.970   1.6  23.4
   1 1991 207  5600.  24.0  28.6   2.730   1.8  20.4
   1 1991 208  6400.  23.2  29.5   2.990   1.1   0.0
   1 1991 209 21200.  23.1  32.6   2.850   1.6   0.0
   1 1991 210 20900.  23.9  32.7   2.860   1.3   0.0
   1 1991 211 23100.  22.4  32.5   2.920   1.2   0.0
   1 1991 212 21800.  23.5  32.5   2.990   1.7   0.1
   1 1991 213  7200.  25.2  27.4   2.960   0.7   5.5
   1 1991 214 15800.  23.0  30.9   2.800   1.0   0.7
   1 1991 215 22000.  23.1  31.7   2.890   1.4  28.3
   1 1991 216 16200.  24.1  32.5   2.820   1.1  80.2
   1 1991 217 13600.  23.5  29.0   2.870   0.9   8.3
   1 1991 218 21300.  24.0  32.0   2.940   1.2   0.0
   1 1991 219 22900.  23.7  33.2   2.960   1.3   0.0
   1 1991 220 18100.  24.0  32.1   3.040   1.4   1.0
   1 1991 221 13900.  23.9  32.0   3.090   1.1   0.0
   1 1991 222 15700.  24.5  31.2   3.000   1.4  10.6
   1 1991 223 11600.  24.0  30.3   3.290   1.0   9.3
   1 1991 224 10300.  24.5  28.1   2.940   1.5   9.2
   1 1991 225  6400.  24.6  28.5   2.860   1.6  30.8
   1 1991 226  9800.  23.4  30.1   2.950   1.5   6.0
   1 1991 227  9700.  24.8  30.5   3.010   1.3  14.6
   1 1991 228  6400.  24.4  28.7   3.100   1.0  28.2
   1 1991 229  2600.  24.0  25.5   2.990   1.1  74.0
   1 1991 230  4300.  23.9  27.0   3.040   1.6  62.0
   1 1991 231  6600.  24.4  28.0   3.030   1.2  19.0
   1 1991 232  5900.  24.5  28.1   3.090   1.7  46.0
   1 1991 233  7400.  25.0  28.5   2.990   1.1   7.1
   1 1991 234  8100.  23.9  29.5   3.120   1.6   0.3
   1 1991 235 17000.  25.8  31.5   3.140   2.4   1.6
   1 1991 236 11300.  26.0  30.5   3.020   1.8   0.2
   1 1991 237 11700.  26.0  31.0   3.000   1.8  20.9
   1 1991 238  8900.  23.7  28.0   2.870   0.9  10.1
   1 1991 239 17200.  24.5  31.0   3.030   1.4   3.2
   1 1991 240  9800.  24.0  28.6   3.040   1.8   7.4
   1 1991 241  9000.  24.9  29.9   3.000   1.6   3.1
   1 1991 242 14300.  24.6  31.0   3.130   1.1   1.9
   1 1991 243 10100.  25.0  29.0   3.190   0.7   3.8
   1 1991 244 19700.  24.5  32.6   3.030   1.5   2.0
   1 1991 245 14500.  25.0  31.5   2.810   2.1  25.8
   1 1991 246  7800.  24.0  28.2   2.880   3.0   3.8
   1 1991 247 13500.  24.5  31.5   2.930   1.6   2.6
   1 1991 248 22300.  23.2  32.5   2.990   1.5   0.0
   1 1991 249 23700.  23.5  32.6   2.950   2.9   0.0
   1 1991 250 17800.  27.8  31.9   2.760   2.5   0.0
   1 1991 251 13400.  24.2  31.1   2.860   1.2  10.2
   1 1991 252 16300.  24.5  30.9   3.220   0.9   0.4
   1 1991 253 16500.  23.9  32.5   3.060   0.8   4.8
   1 1991 254 20700.  24.2  32.7   3.050   1.0   0.0
   1 1991 255 17700.  24.1  33.2   3.170   0.9   0.0
   1 1991 256 16300.  24.4  31.0   3.230   0.9   0.0
   1 1991 257 21500.  24.6  32.0   3.060   1.5   0.0
   1 1991 258 13000.  25.0  30.0   2.990   1.3   3.0
   1 1991 259  9300.  25.0  31.4   3.030   1.8   1.2
   1 1991 260 17600.  26.5  31.6   2.970   3.3  34.6
   1 1991 261 13300.  25.1  31.0   2.890   2.8   3.2
   1 1991 262 11900.  26.9  30.5   3.060   2.1  12.3
   1 1991 263 10800.  25.0  30.5   3.200   1.3   0.1
   1 1991 264 12300.  24.4  29.6   2.930   1.0  18.3
   1 1991 265 13200.  23.5  31.2   2.880   0.9   0.2
   1 1991 266 17700.  24.2  31.5   2.950   1.3  14.8
   1 1991 267 19900.  24.0  31.4   3.040   2.1  17.6
   1 1991 268 10600.  24.5  29.5   2.780   1.8  14.5
   1 1991 269 20700.  24.2  31.4   2.660   2.2   0.0
   1 1991 270 11100.  25.0  31.0   2.980   1.5   0.0
   1 1991 271 14200.  23.5  31.5   2.880   1.4   6.4
   1 1991 272 15600.  23.0  30.7   3.010   1.3   4.7
   1 1991 273 18800.  22.9  31.5   2.980   1.5   0.0
   1 1991 274 16600.  22.0  32.2   2.720   1.0   0.0
   1 1991 275 16700.  23.6  32.0   3.040   0.8   0.2
   1 1991 276 16100.  23.5  31.0   2.990   1.0   2.3
   1 1991 277 21200.  24.4  32.9   3.090   1.2   9.1
   1 1991 278 21000.  23.4  32.1   2.910   0.9   0.0
   1 1991 279 19200.  23.5  31.6   2.830   0.9   0.0
   1 1991 280 18600.  24.5  32.5   3.030   1.2   0.0
   1 1991 281 19300.  24.2  31.5   2.830   1.0   0.0
   1 1991 282 15400.  23.4  31.0   2.850   0.8   0.0
   1 1991 283 14600.  22.0  30.5   3.040   0.7   1.9
   1 1991 284 17700.  22.0  31.4   3.000   1.0   0.0
   1 1991 285 17500.  22.3  31.8   3.010   1.0   0.0
   1 1991 286 18800.  23.0  32.2   3.090   1.0   0.0
   1 1991 287 16900.  23.4  32.1   2.950   1.0   0.0
   1 1991 288 13800.  24.0  30.0   2.850   1.4   0.0
   1 1991 289 20800.  23.0  31.5   2.560   1.3   0.0
   1 1991 290 21000.  22.9  31.5   2.900   1.4   0.0
   1 1991 291 14100.  23.0  30.6   2.860   1.4   0.0
   1 1991 292 18900.  23.4  31.0   2.910   1.8   0.0
   1 1991 293 17400.  24.1  30.7   2.740   1.7  24.4
   1 1991 294 10500.  24.0  29.6   2.910   1.6  13.2
   1 1991 295  4100.  24.8  26.5   2.960   1.2  11.7
   1 1991 296 13200.  24.0  29.5   2.760   1.7   0.2
   1 1991 297 19500.  22.2  31.2   2.620   1.0   0.0
   1 1991 298 16100.  22.7  31.6   2.850   0.7   0.0
   1 1991 299 11800.  22.7  29.9   2.910   2.5   0.0
   1 1991 300 10000.  24.5  29.4   2.630   6.2   1.8
   1 1991 301 10400.  25.7  29.0   2.860   3.8   0.5
   1 1991 302 11400.  25.3  30.1   2.840   1.2   0.0
   1 1991 303 20500.  21.5  31.9   2.900   1.6   0.0
   1 1991 304 15700.  22.9  30.2   2.600   1.4   0.0
   1 1991 305  7600.  22.6  27.0   2.710   1.0   7.1
   1 1991 306  9300.  23.2  28.0   2.680   1.1   0.0
   1 1991 307 16500.  22.7  30.1   2.740   1.5   0.2
   1 1991 308 19400.  23.4  30.0   2.670   2.0   0.0
   1 1991 309  6300.  22.4  27.2   2.690   1.0   2.2
   1 1991 310 13500.  24.4  30.7   2.920   2.0   0.5
   1 1991 311  7700.  23.8  27.5   3.000   0.9  16.4
   1 1991 312 10200.  23.9  28.5   2.650   1.4   0.0
   1 1991 313 17600.  21.2  29.5   2.560   1.8   2.8
   1 1991 314 18500.  22.1  29.6   2.490   1.5   0.0
   1 1991 315 11300.  19.1  28.3   2.480   0.9   0.0
   1 1991 316 14500.  20.7  29.0   2.550   0.9   0.0
   1 1991 317 18700.  19.2  31.7   2.560   1.1   0.0
   1 1991 318 16700.  21.8  30.6   2.680   1.1   0.0
   1 1991 319 14300.  22.2  30.0   2.740   2.0   0.0
   1 1991 320  9400.  23.0  28.0   2.690   4.1 137.1
   1 1991 321  4900.  23.2  25.9   2.700   2.3  36.2
   1 1991 322 17600.  21.0  30.5   2.760   1.1   0.0
   1 1991 323 15900.  22.4  31.0   2.880   1.6   0.0
   1 1991 324 13300.  21.9  30.5   2.820   1.8  10.0
   1 1991 325 13400.  23.5  29.0   2.780   2.0   3.1
   1 1991 326 13500.  23.1  28.6   2.610   2.5   1.4
   1 1991 327 14600.  23.7  29.2   2.670   2.3   3.0
   1 1991 328  6200.  24.0  27.0   2.900   1.4  34.1
   1 1991 329 12100.  23.0  29.1   2.770   1.7  11.7
   1 1991 330 10300.  23.3  28.5   2.850   1.7   1.6
   1 1991 331 12500.  24.0  29.5   2.820   1.6   1.0
   1 1991 332 17200.  23.0  29.9   2.870   1.4   0.0
   1 1991 333 16400.  23.5  29.0   2.740   1.5   0.0
   1 1991 334 16100.  22.9  30.1   2.740   1.6   0.0
   1 1991 335 13100.  23.0  29.0   2.620   1.6   0.0
   1 1991 336 11200.  22.1  27.6   2.630   1.6   0.0
   1 1991 337  9800.  21.5  28.0   2.400   1.8   0.1
   1 1991 338 10900.  22.2  28.0   2.180   2.1   0.0
   1 1991 339 16700.  21.1  28.2   2.250   2.3   0.0
   1 1991 340  9500.  20.2  28.0   2.340   1.7   0.2
   1 1991 341 12400.  22.0  28.8   2.660   2.2  11.2
   1 1991 342  8900.  22.5  26.5   2.700   1.4  14.7
   1 1991 343 12500.  22.5  28.5   2.570   2.8   8.2
   1 1991 344  5100.  23.0  26.0   2.710   2.1  64.4
   1 1991 345  5100.  23.0  25.0   2.750   1.4  30.3
   1 1991 346 12900.  22.5  27.2   2.420   2.4   0.0
   1 1991 347 14200.  22.5  27.9   2.640   2.5   0.1
   1 1991 348 12500.  23.2  28.7   2.460   3.0   1.0
   1 1991 349 13000.  22.9  28.1   2.580   2.4   0.1
   1 1991 350 17200.  23.0  29.5   2.610   2.0   0.0
   1 1991 351 18900.  22.5  30.0   2.380   2.0   0.3
   1 1991 352  8900.  22.2  27.6   2.540   1.5   0.0
   1 1991 353 10500.  22.4  28.5   2.740   1.7   1.0
   1 1991 354 13300.  23.0  28.9   2.710   2.5   0.0
   1 1991 355 11700.  23.2  28.0   2.550   1.9  12.3
   1 1991 356  7600.  22.7  25.6   2.720   2.3   4.0
   1 1991 357 12100.  23.8  27.8   2.480   2.1   4.5
   1 1991 358 16600.  25.2  29.0   2.770   2.4   0.4
   1 1991 359 11500.  22.2  29.2   2.550   1.7   3.6
   1 1991 360 11900.  23.2  28.4   2.730   1.8   0.2
   1 1991 361 12300.  21.3  28.7   2.630   1.2   0.1
   1 1991 362 17700.  21.1  32.0   2.700   1.2   0.4
   1 1991 363  8600.  23.2  27.0   2.630   1.3   2.8
   1 1991 364 15500.  22.4  28.1   2.560   2.9   0.0
   1 1991 365 16300.  23.0  28.7   2.490   2.2   0.0
