*---------------------------------------------------------*
*   Country: Philippines
*   Station: IRRI wet station site
*      Year: 1979
*    Source: Agroclimate Service Unit of IRRI.
*    Author: Daniel van Kraalingen
* Longitude: 121 15 E
*  Latitude: 14 11 N
* Elevation: 21 m.
*  Comments: Original name of data used in IRRI: ORWET.
*
*  Columns:
*  ========
*  station number
*  year
*  day
*  irradiation (kJ m-2 d-1)
*  minimum temperature (degrees Celsius)
*  maximum temperature (degrees Celsius)
*  vapour pressure (kPa)
*  mean wind speed (m s-1)
*  precipitation (mm d-1)
** WCCDESCRIPTION=Philippines, IRRI wet station site
** WCCFORMAT=2
** WCCYEARNR=1979
*---------------------------------------------------------*
 121.25  14.18    21.  -0.25 -0.45
   1 1979   1 10656.  22.1  28.0   2.640   1.4   1.3
   1 1979   2  7740.  21.5  27.0   2.430   1.4   0.0
   1 1979   3 11700.  23.0  28.5   2.660   0.9   0.0
   1 1979   4 14004.  21.5  28.5   2.530   0.8   0.0
   1 1979   5 17316.  18.5  29.0   2.180   0.7   0.0
   1 1979   6 16092.  18.7  29.0   2.400   0.6   0.0
   1 1979   7  9396.  19.0  28.5   2.480   0.5   0.2
   1 1979   8 13356.  21.0  29.5   2.870   0.3   0.0
   1 1979   9  9180.  19.7  26.0   2.230   0.7   0.5
   1 1979  10 16920.  21.0  29.0   2.760   0.6   0.0
   1 1979  11 16920.  20.1  28.5   2.400   0.6   0.0
   1 1979  12 16704.  19.5  29.3   2.480   0.5   0.0
   1 1979  13 17748.  20.8  27.5   2.420   1.2   0.0
   1 1979  14 12312.  18.0  27.0   2.040   0.5   1.8
   1 1979  15 11700.  21.5  26.5   2.600   0.7   0.2
   1 1979  16 10440.  21.0  26.7   2.400   1.1   0.0
   1 1979  17 11268.  20.2  27.5   2.400   0.4   0.0
   1 1979  18 14400.  22.0  30.5   2.840   0.1   0.0
   1 1979  19 16272.  23.0  30.0   2.910   0.8   0.0
   1 1979  20  8964.  23.8  29.5   3.080   0.8   1.0
   1 1979  21 15444.  23.0  29.0   2.660   1.0   0.0
   1 1979  22 16704.  23.8  28.0   2.570   1.3   0.0
   1 1979  23 19008.  21.5  29.0   2.450   1.2   0.0
   1 1979  24 16272.  21.5  29.0   2.350   1.2   0.0
   1 1979  25 16272.  21.5  28.5   2.410   1.2   0.0
   1 1979  26 16704.  21.3  28.9   2.580   1.0   0.0
   1 1979  27 16488.  21.0  29.0   2.410   0.8   0.0
   1 1979  28 16092.  21.5  29.0   2.710   0.5   0.0
   1 1979  29 14184.  21.8  31.5   3.260   0.4   0.0
   1 1979  30 17748.  23.0  30.7   2.910   0.4   1.8
   1 1979  31 19620.  22.3  31.0   3.050   0.3   0.0
   1 1979  32 17532.  23.9  30.2   2.730   0.5   0.0
   1 1979  33 14400.  21.9  28.2   2.640   0.9   0.0
   1 1979  34 18180.  22.3  30.0   2.890   0.8   0.0
   1 1979  35 10224.  22.5  28.1   2.740   0.6   0.0
   1 1979  36 18576.  23.5  30.5   2.990   1.0   0.0
   1 1979  37 15660.  21.1  29.0   2.680   1.0   0.0
   1 1979  38 20880.  21.6  29.6   2.460   0.9   0.0
   1 1979  39 16092.  22.1  29.2   2.540   0.9   0.0
   1 1979  40 16272.  21.2  30.4   2.590   0.9   0.0
   1 1979  41 11268.  22.6  30.4   3.190   0.7   0.0
   1 1979  42 20052.  21.5  30.1   2.520   1.0   0.0
   1 1979  43 21708.  21.2  29.5   2.430   1.2   0.0
   1 1979  44 12528.  20.6  30.2   2.600   0.7   6.9
   1 1979  45 20052.  21.6  31.4   2.740   0.2   0.0
   1 1979  46 20664.  21.3  30.1   2.740   0.5   0.0
   1 1979  47 10224.  23.1  28.0   2.430   0.5   0.2
   1 1979  48 17748.  21.6  29.5   2.860   0.6   0.0
   1 1979  49 17136.  22.5  30.2   2.750   0.6   0.0
   1 1979  50 20880.  22.5  31.0   2.710   0.2   0.0
   1 1979  51 19404.  21.6  31.3   3.050   0.5   0.0
   1 1979  52 17136.  21.0  32.6   3.030   0.4   0.0
   1 1979  53 21096.  22.1  31.4   2.710   0.4   0.0
   1 1979  54 22356.  21.3  32.5   3.050   0.2   0.0
   1 1979  55 21708.  21.7  32.7   3.070   0.2   0.0
   1 1979  56 20448.  22.5  32.2   2.990   0.4   0.0
   1 1979  57 22140.  20.6  30.9   2.590   0.5   0.0
   1 1979  58 19620.  20.3  30.6   2.580   0.8   0.0
   1 1979  59 15444.  22.1  29.3   2.580   1.0   0.0
   1 1979  60 17532.  21.8  28.5   2.310   1.6   0.0
   1 1979  61 22140.  22.0  28.5   2.350   1.7   0.0
   1 1979  62 20880.  21.5  29.5   2.190   0.9   0.0
   1 1979  63 15660.  20.5  29.5   2.470   1.5   0.0
   1 1979  64 11268.  20.7  27.5   2.310   1.1   0.2
   1 1979  65 20268.  21.3  29.3   2.390   1.3   0.0
   1 1979  66 22536.  20.0  29.5   2.130   1.3   0.0
   1 1979  67 22752.  21.0  31.0   2.390   1.6   0.0
   1 1979  68 20268.  21.0  31.0   2.320   1.6   0.0
   1 1979  69 15876.  22.5  30.5   2.700   0.8   0.0
   1 1979  70 16092.  21.5  32.0   2.680   0.9   0.0
   1 1979  71 23580.  21.5  32.0   2.570   1.3   0.0
   1 1979  72 21312.  20.3  30.5   2.300   1.0   0.0
   1 1979  73 24624.  19.8  30.5   2.280   1.1   0.0
   1 1979  74 22752.  21.0  30.5   2.490   1.3   0.0
   1 1979  75 23400.  20.7  30.5   2.690   1.5   0.0
   1 1979  76 21492.  22.1  31.7   2.690   0.9   0.2
   1 1979  77 10872.  22.5  31.0   2.330   0.7   2.0
   1 1979  78 21312.  23.0  32.0   2.680   1.3   0.0
   1 1979  79 23796.  21.5  32.5   2.640   0.4   0.0
   1 1979  80 22536.  22.7  32.5   2.730   0.6   0.0
   1 1979  81 20880.  24.0  32.0   2.490   1.0   0.0
   1 1979  82 22356.  22.5  32.5   2.720   0.5   0.0
   1 1979  83 23580.  22.3  32.0   2.630   1.2   0.0
   1 1979  84 22752.  22.8  32.5   2.600   1.6   0.0
   1 1979  85 22968.  21.3  32.0   2.590   1.6   0.0
   1 1979  86 23400.  23.3  32.5   2.860   1.4   0.0
   1 1979  87 24228.  22.0  31.5   2.540   1.6   0.0
   1 1979  88 19836.  22.5  33.0   2.690   1.8   0.0
   1 1979  89 26532.  22.3  34.0   2.870   1.0   0.0
   1 1979  90 14832.  23.0  32.0   2.570   0.6   0.0
   1 1979  91 15660.  22.0  32.8   2.630   0.8   0.0
   1 1979  92 17316.  22.0  33.1   2.550   0.9   0.0
   1 1979  93 20448.  23.8  32.4   2.780   1.3   0.0
   1 1979  94 25272.  22.0  34.8   2.670   1.0   0.0
   1 1979  95 25488.  22.7  32.8   2.690   1.7   0.0
   1 1979  96 22968.  23.4  32.8   2.700   2.0   0.0
   1 1979  97 22752.  23.8  32.8   2.850   1.4   0.0
   1 1979  98 21492.  24.6  34.2   2.870   0.7   0.0
   1 1979  99 25056.  23.6  32.3   2.680   2.2   0.0
   1 1979 100 24444.  21.7  32.4   2.470   2.0   0.0
   1 1979 101 22536.  24.0  32.4   2.950   2.1   0.0
   1 1979 102 16704.  23.2  31.5   2.410   1.4   2.3
   1 1979 103 23796.  22.5  32.0   2.650   1.6  13.7
   1 1979 104 12744.  22.7  34.5   3.170   1.0  12.4
   1 1979 105 19620.  23.7  31.0   2.770   1.7   0.0
   1 1979 106  2700.  25.7  27.5   2.960   1.2  84.1
   1 1979 107  2700.  23.3  27.8   3.220   1.2  59.7
   1 1979 108 19620.  23.1  32.5   3.210   0.9   0.0
   1 1979 109 24228.  23.5  34.0   3.090   1.1   0.0
   1 1979 110 23796.  23.0  33.0   2.840   0.6   0.0
   1 1979 111 18576.  24.5  32.0   2.890   0.9   0.8
   1 1979 112 19224.  24.5  32.8   2.840   0.4   0.0
   1 1979 113 19008.  24.5  32.3   2.900   1.2   0.0
   1 1979 114 17748.  24.8  32.2   3.110   0.8   0.0
   1 1979 115 24840.  23.9  32.8   2.860   0.9   0.0
   1 1979 116 24624.  24.2  35.6   3.080   0.3   0.0
   1 1979 117 17136.  24.6  32.3   2.760   0.4   0.0
   1 1979 118 24444.  25.1  33.0   2.940   1.3   0.0
   1 1979 119 24840.  24.8  32.9   2.870   1.5   0.0
   1 1979 120 22356.  24.4  33.0   2.760   1.3   0.0
   1 1979 121 24840.  24.0  33.0   2.960   1.2   0.0
   1 1979 122 20052.  24.0  34.5   3.100   0.7   0.0
   1 1979 123 16272.  24.0  33.0   2.650   0.4   1.0
   1 1979 124 22536.  24.5  33.0   2.930   0.7   0.0
   1 1979 125 23184.  24.5  33.5   2.840   0.4   0.0
   1 1979 126 24624.  24.0  33.0   2.690   1.3   0.0
   1 1979 127 17748.  22.5  32.5   2.530   0.6   0.0
   1 1979 128 25668.  24.0  33.2   2.940   1.0   0.0
   1 1979 129 25488.  23.0  34.0   2.610   1.6   0.0
   1 1979 130 24624.  23.5  33.5   2.650   1.7   0.0
   1 1979 131 20268.  25.0  33.0   2.760   1.4   2.5
   1 1979 132  7308.  25.0  28.0   3.190   0.2  47.2
   1 1979 133  5832.  23.5  29.0   3.250   0.2  11.2
   1 1979 134  6048.  24.0  29.0   3.080   1.8  91.7
   1 1979 135  9612.  22.5  30.0   3.350   0.7   1.3
   1 1979 136 19404.  24.5  32.0   3.040   0.8   9.6
   1 1979 137 15876.  24.0  32.0   3.480   0.9   4.1
   1 1979 138 12528.  24.0  30.5   3.190   0.8   6.9
   1 1979 139 18180.  22.0  32.5   2.830   0.4  10.9
   1 1979 140 22536.  24.5  33.0   3.170   0.6   0.0
   1 1979 141 20448.  24.0  32.5   3.230   0.3   2.3
   1 1979 142 19008.  22.0  32.5   2.720   0.1   3.3
   1 1979 143 20052.  23.3  33.0   2.790   0.4   3.3
   1 1979 144  9396.  24.0  30.0   3.140   0.7  12.2
   1 1979 145 16704.  23.5  32.1   3.440   0.2   0.0
   1 1979 146 16092.  23.4  31.5   3.010   0.0   0.8
   1 1979 147 19224.  24.5  32.0   2.890   0.3   0.2
   1 1979 148 11700.  23.5  31.3   3.100   0.2  13.5
   1 1979 149 15876.  23.5  30.8   3.320   0.2   5.3
   1 1979 150 20052.  24.5  33.0   3.290   0.4   0.0
   1 1979 151 10656.  24.5  31.8   2.600   0.3  17.8
   1 1979 152 12096.  23.2  32.0   3.100   0.3  64.0
   1 1979 153 20268.  23.5  31.5   3.380   0.5   0.0
   1 1979 154 13140.  24.5  30.3   2.560   0.2  56.4
   1 1979 155 19224.  23.3  31.8   2.920   0.1   2.3
   1 1979 156 20052.  24.1  34.0   3.020   0.1   1.8
   1 1979 157 14004.  24.7  32.5   3.090   0.1   0.8
   1 1979 158 22536.  23.5  33.6   2.940   0.2   0.0
   1 1979 159 18180.  25.2  33.0   3.180   0.3   0.8
   1 1979 160 20448.  24.3  34.0   3.120   0.1   1.3
   1 1979 161 17316.  24.1  33.0   3.020   0.4   0.0
   1 1979 162 20448.  24.5  33.0   2.890   0.5   6.4
   1 1979 163 21096.  24.0  33.4   2.840   0.2   0.0
   1 1979 164 11700.  24.5  31.0   2.800   0.1   6.4
   1 1979 165 14184.  24.6  32.1   2.750   0.4  18.8
   1 1979 166  8784.  24.3  28.5   3.240   0.1  10.9
   1 1979 167  8568.  20.5  30.5   2.970   0.1  49.3
   1 1979 168 15660.  24.0  31.9   3.360   0.3   1.5
   1 1979 169 12744.  24.4  30.4   3.250   0.5   4.1
   1 1979 170  8964.  24.0  29.2   3.070   1.1  40.6
   1 1979 171 12960.  23.6  29.8   2.870   0.3   0.0
   1 1979 172 19620.  24.0  31.9   2.990   0.6   0.0
   1 1979 173 22356.  23.5  32.0   3.060   1.3   1.0
   1 1979 174 15048.  23.5  30.0   3.030   1.6   2.5
   1 1979 175 12960.  24.5  30.9   2.860   0.3   0.5
   1 1979 176 20664.  23.9  32.0   3.250   0.6   3.0
   1 1979 177 19620.  19.6  33.4   2.600   0.0   8.1
   1 1979 178 21096.  23.7  31.9   2.800   0.1   0.0
   1 1979 179 22968.  23.5  32.6   2.850   0.2  20.6
   1 1979 180 14832.  24.3  30.6   3.080   0.1  10.9
   1 1979 181 15048.  23.9  32.0   2.530   0.1   0.8
   1 1979 182 22140.  23.5  33.0   3.040   0.2  19.6
   1 1979 183 19620.  23.7  31.5   2.990   0.3   7.1
   1 1979 184  6696.  26.0  29.5   2.910   2.6   3.0
   1 1979 185  5832.  24.5  28.0   2.910   2.0  18.5
   1 1979 186  9180.  24.5  30.2   3.030   0.7   3.8
   1 1979 187 16920.  24.0  31.5   3.400   0.6   0.2
   1 1979 188  8352.  25.0  29.5   3.300   0.7   2.5
   1 1979 189 14400.  25.0  29.5   3.090   0.6   0.2
   1 1979 190 15660.  24.8  30.0   2.880   0.9   2.0
   1 1979 191 22752.  23.0  32.5   2.770   0.1   0.2
   1 1979 192 24012.  23.5  33.0   3.080   0.1   0.0
   1 1979 193 22968.  23.5  34.0   3.210   0.1   0.0
   1 1979 194 26316.  23.7  34.2   2.960   0.1   0.0
   1 1979 195 15228.  23.9  31.5   2.900   0.0   1.5
   1 1979 196 15660.  22.5  31.5   2.820   0.0   3.6
   1 1979 197 23580.  22.5  32.5   2.860   0.1   1.0
   1 1979 198 22752.  23.5  33.5   2.920   0.1   0.0
   1 1979 199 27144.  23.5  33.5   3.040   0.2   0.0
   1 1979 200 25056.  23.5  33.0   2.690   0.3   0.0
   1 1979 201 20664.  23.5  33.5   3.080   0.4   0.0
   1 1979 202 26928.  23.5  33.0   2.920   0.4   0.5
   1 1979 203 20448.  25.0  33.0   2.840   0.6   3.6
   1 1979 204 21096.  24.5  32.7   3.090   0.1   4.8
   1 1979 205 16272.  23.2  31.0   3.190   0.6   2.5
   1 1979 206 18576.  22.5  30.5   2.490   0.1   0.2
   1 1979 207 12960.  23.5  31.0   2.650   0.2   1.3
   1 1979 208 11268.  23.9  30.0   3.030   0.5   9.6
   1 1979 209  6876.  21.5  28.5   2.660   0.8   7.6
   1 1979 210 11700.  24.5  29.7   3.260   1.2   1.5
   1 1979 211 13788.  24.5  30.0   3.300   0.7  16.5
   1 1979 212  7092.  24.0  27.6   3.260   3.0   1.0
   1 1979 213 17136.  22.6  30.5   3.000   0.8   0.0
   1 1979 214 16092.  23.6  32.0   2.880   0.5  12.4
   1 1979 215 15228.  23.1  31.0   3.300   0.2   2.8
   1 1979 216 17532.  24.0  30.5   3.230   0.5   0.8
   1 1979 217 12960.  24.5  31.0   3.290   0.7  16.8
   1 1979 218  6048.  23.9  28.4   3.100   0.1  12.4
   1 1979 219  7308.  23.9  28.7   3.150   0.5   7.6
   1 1979 220  5832.  23.0  27.6   2.930   0.0   7.4
   1 1979 221 13356.  22.5  30.4   2.840   0.2   0.0
   1 1979 222 22356.  22.1  32.6   3.100   0.7   0.0
   1 1979 223  8352.  24.1  29.2   3.260   0.9  21.1
   1 1979 224  6876.  21.6  28.0   3.000   1.6  33.3
   1 1979 225  8136.  21.4  30.0   3.010   3.6  11.9
   1 1979 226 12312.  20.0  29.6   2.850   3.3  74.9
   1 1979 227   828.  21.6  26.8   2.930   2.8  85.8
   1 1979 228  3564.  21.2  28.6   2.960   1.4  22.4
   1 1979 229 20448.  23.2  32.0   2.840   1.2   0.0
   1 1979 230 24444.  23.8  32.9   3.140   0.4   0.0
   1 1979 231 19404.  22.4  33.0   2.940   0.4   0.0
   1 1979 232 23400.  21.8  32.4   2.980   0.5   0.0
   1 1979 233 25488.  23.0  32.1   2.470   2.9   0.0
   1 1979 234 21492.  24.2  32.2   2.680   2.9   0.0
   1 1979 235 19620.  24.5  32.2   2.360   3.2   0.0
   1 1979 236 19008.  25.4  33.5   2.970   0.4   0.0
   1 1979 237 22140.  22.5  32.2   3.030   0.3   0.0
   1 1979 238 18576.  22.5  32.4   2.940   0.3   0.0
   1 1979 239 24444.  23.0  34.0   3.040   0.2   0.0
   1 1979 240 23796.  23.1  33.0   2.850   0.4   0.0
   1 1979 241 18180.  23.9  32.1   2.760   0.2  14.7
   1 1979 242 14832.  22.5  32.0   3.340   0.1   3.6
   1 1979 243 20448.  23.4  31.5   2.860   0.1   0.8
   1 1979 244 16488.  23.0  31.5   2.980   0.1   1.0
   1 1979 245 14400.  21.9  31.5   2.940   0.1   2.0
   1 1979 246 20268.  22.3  33.0   3.120   0.0   1.8
   1 1979 247 19620.  23.2  33.5   3.440   0.1   3.3
   1 1979 248 23796.  24.0  33.0   3.310   0.2   0.0
   1 1979 249 25272.  24.5  33.4   2.920   0.3   0.0
   1 1979 250 22536.  24.0  32.0   2.680   0.6   0.0
   1 1979 251 22356.  24.0  32.9   2.920   0.4   0.0
   1 1979 252 19620.  23.4  33.0   2.790   0.1   0.0
   1 1979 253 17136.  22.5  33.0   2.690   0.1   0.2
   1 1979 254 17964.  23.5  31.3   2.670   0.3   9.1
   1 1979 255 16704.  23.9  31.3   2.880   0.2   0.2
   1 1979 256 10008.  24.0  29.0   2.980   0.0  28.4
   1 1979 257  3132.  24.5  28.2   3.340   0.0  50.6
   1 1979 258  8964.  24.0  29.0   3.290   0.0   9.4
   1 1979 259 10008.  23.9  30.8   3.140   0.0  19.0
   1 1979 260 21924.  22.5  33.3   3.040   0.1   4.1
   1 1979 261 13140.  23.5  32.0   3.330   2.6 106.4
   1 1979 262  3132.  19.8  26.5   2.760   1.5  52.3
   1 1979 263 14184.  22.5  29.6   3.080   0.0   0.2
   1 1979 264 15228.  22.8  31.3   3.300   0.0   0.0
   1 1979 265 24012.  19.5  32.5   2.820   0.0   0.0
   1 1979 266 15660.  24.1  33.3   3.350   0.0   2.0
   1 1979 267 20448.  23.5  32.3   3.350   0.0   1.3
   1 1979 268 24012.  23.5  33.0   2.920   0.0   0.0
   1 1979 269 20268.  24.5  32.8   3.430   0.1  14.0
   1 1979 270 20052.  23.8  33.6   3.270   0.1   6.9
   1 1979 271 10008.  24.3  30.6   3.560   0.0  40.1
   1 1979 272 14832.  25.5  29.0   3.050   0.0   1.3
   1 1979 273  8964.  23.5  31.0   2.870   0.3  17.8
   1 1979 274  5652.  20.3  27.2   2.770   0.9  14.5
   1 1979 275  7308.  22.9  27.9   2.790   1.0   3.8
   1 1979 276 12960.  21.5  30.1   2.960   2.0   3.3
   1 1979 277  7524.  21.4  29.5   2.870   0.4   1.3
   1 1979 278  4176.  24.0  25.6   2.970   0.0  44.2
   1 1979 279  5004.  23.1  26.2   2.650   0.3   3.0
   1 1979 280  8136.  22.8  28.0   2.920   0.5   4.6
   1 1979 281  9612.  23.5  27.7   2.990   0.8   1.8
   1 1979 282  9828.  22.5  28.6   2.860   0.6   1.3
   1 1979 283 12312.  22.2  29.5   2.940   0.0   3.3
   1 1979 284 14184.  23.3  31.7   3.120   0.1   0.0
   1 1979 285 22356.  22.0  32.5   3.450   0.0   0.0
   1 1979 286 18180.  20.9  32.8   3.150   0.0   0.0
   1 1979 287 15048.  20.5  31.5   2.860   0.0   7.4
   1 1979 288 20880.  24.7  31.2   3.100   0.6   0.0
   1 1979 289 13788.  23.6  31.5   2.660   0.5   0.0
   1 1979 290 19620.  22.6  31.3   2.500   1.3   0.0
   1 1979 291  8964.  23.7  28.9   2.090   1.2   0.2
   1 1979 292 16092.  23.1  29.8   3.150   0.1   2.8
   1 1979 293 11268.  23.0  30.5   3.350   0.1   0.0
   1 1979 294 12744.  23.5  31.0   2.870   0.8  22.1
   1 1979 295 15444.  22.5  30.5   2.700   1.5   0.0
   1 1979 296 18360.  23.3  30.5   2.590   1.8   0.0
   1 1979 297 19008.  23.5  31.0   2.940   1.4   0.0
   1 1979 298 21096.  23.5  30.8   2.600   1.4   0.0
   1 1979 299 17532.  23.5  30.5   2.850   1.0   0.0
   1 1979 300 18576.  24.0  30.6   3.090   0.6   0.0
   1 1979 301 11916.  23.6  31.5   2.810   0.2   5.1
   1 1979 302 16272.  23.0  31.5   3.090   0.5   0.0
   1 1979 303 14184.  24.0  31.0   2.720   0.7   8.1
   1 1979 304  9396.  24.0  28.5   3.010   0.5   0.0
   1 1979 305 14004.  21.0  30.3   3.010   0.6   5.8
   1 1979 306 12744.  20.5  28.5   2.710   0.3   3.0
   1 1979 307 10224.  21.5  30.5   2.990   0.4   5.1
   1 1979 308 15048.  23.3  30.5   2.910   0.5   2.8
   1 1979 309  7524.  22.5  29.2   2.940   0.4   6.4
   1 1979 310 10224.  21.6  31.2   2.620   1.0   0.0
   1 1979 311 15228.  22.5  32.3   2.850   0.6   0.0
   1 1979 312 16920.  22.5  33.0   2.990   0.1   0.0
   1 1979 313 14400.  23.7  31.0   3.100   0.1   0.0
   1 1979 314 14004.  23.2  32.0   3.030   0.0   7.9
   1 1979 315 14400.  22.5  32.0   3.300   0.0   0.0
   1 1979 316 14004.  23.1  30.1   2.610   1.0   0.0
   1 1979 317 18792.  23.8  31.0   2.960   0.5   0.8
   1 1979 318 10224.  23.0  29.5   2.910   0.4  29.5
   1 1979 319 15444.  21.5  30.2   2.710   0.9  38.1
   1 1979 320 10008.  23.9  30.0   3.280   0.3   0.8
   1 1979 321 16704.  24.2  30.5   2.880   0.8   0.8
   1 1979 322  6696.  20.9  27.5   2.660   0.0  28.7
   1 1979 323 11484.  21.8  29.0   2.860   0.4   3.3
   1 1979 324  9612.  22.4  27.7   2.580   0.7   2.3
   1 1979 325 13572.  21.5  30.0   3.190   0.4   0.8
   1 1979 326 16272.  20.0  30.5   2.680   0.5   0.0
   1 1979 327 16488.  23.0  30.3   3.050   1.0   0.8
   1 1979 328 10440.  22.5  30.0   2.670   0.5   1.0
   1 1979 329 11700.  22.3  29.6   2.960   0.7   2.3
   1 1979 330  7740.  23.1  27.5   2.900   0.5   5.3
   1 1979 331 10224.  22.5  28.0   2.840   0.3   4.3
   1 1979 332 18792.  22.5  30.0   2.770   0.7   0.0
   1 1979 333 13356.  22.5  28.5   2.810   1.0   0.0
   1 1979 334  8568.  23.8  27.5   2.810   1.2   2.0
   1 1979 335  3132.  22.7  25.9   2.520   0.7   0.2
   1 1979 336 10008.  23.4  28.1   2.820   1.7   0.0
   1 1979 337 11700.  20.9  27.8   2.690   0.9   0.0
   1 1979 338 16488.  19.5  28.2   2.550   0.8   0.0
   1 1979 339 17136.  20.3  29.2   2.630   0.7   0.0
   1 1979 340 18180.  21.1  29.2   2.310   0.7   0.0
   1 1979 341 14400.  21.6  29.7   2.710   0.7   1.8
   1 1979 342 13140.  22.3  28.8   2.590   1.3   0.8
   1 1979 343 11916.  22.1  28.1   2.330   0.9   0.0
   1 1979 344 12096.  21.2  28.6   2.770   0.9   0.0
   1 1979 345 17136.  19.2  28.1   2.320   0.6   0.0
   1 1979 346 15048.  17.9  27.4   2.460   0.7   0.0
   1 1979 347 18792.  19.6  27.0   1.950   1.0   0.2
   1 1979 348  8352.  20.2  27.0   2.390   0.8   0.0
   1 1979 349 17316.  19.7  27.6   2.200   0.9   0.0
   1 1979 350 18792.  20.1  28.2   2.200   0.7   0.0
   1 1979 351 14832.  21.1  28.6   2.460   0.8   0.2
   1 1979 352 15660.  20.9  29.1   2.660   0.9   0.0
   1 1979 353 16092.  20.3  29.4   2.710   0.3   2.0
   1 1979 354 12528.  20.7  29.1   2.960   0.6   0.0
   1 1979 355 10008.  20.1  28.1   2.760   0.4   8.6
   1 1979 356  2088.  20.5  26.4   2.720   0.4  30.2
   1 1979 357 12744.  20.9  30.6   3.120   0.2   0.0
   1 1979 358  8352.  20.3  29.2   2.940   0.2   3.8
   1 1979 359 10224.  21.7  27.0   2.480   0.9   0.0
   1 1979 360  6696.  23.2  25.7   2.710   0.5   0.8
   1 1979 361  8352.  20.6  27.2   2.790   0.2   1.3
   1 1979 362 12528.  21.6  28.9   2.740   0.5   0.8
   1 1979 363 19224.  21.8  30.0   2.840   0.7   0.0
   1 1979 364 13572.  20.1  29.8   2.910   0.2   0.0
   1 1979 365 18180.  20.3  29.5   2.680   0.2   0.0
