*---------------------------------------------------------*
*   Country: Philippines
*   Station: IRRI wet station site
*      Year: 1981
*    Source: Agroclimate Service Unit of IRRI.
*    Author: Daniel van Kraalingen
* Longitude: 121 15 E
*  Latitude: 14 11 N
* Elevation: 21 m.
*  Comments: Original name of data used in IRRI: ORWET.
*
*  Columns:
*  ========
*  station number
*  year
*  day
*  irradiation (kJ m-2 d-1)
*  minimum temperature (degrees Celsius)
*  maximum temperature (degrees Celsius)
*  vapour pressure (kPa)
*  mean wind speed (m s-1)
*  precipitation (mm d-1)
** WCCDESCRIPTION=Philippines, IRRI wet station site
** WCCFORMAT=2
** WCCYEARNR=1981
*---------------------------------------------------------*
 121.25  14.18    21. -0.25 -0.45
   1 1981   1 16092.  21.8  28.5   2.500   1.2   0.0
   1 1981   2 13788.  22.2  28.5   2.730   2.2   0.0
   1 1981   3 10224.  21.8  26.8   2.220   2.2   0.2
   1 1981   4  8784.  22.0  26.5   2.800   2.8   0.5
   1 1981   5  9612.  21.6  26.0   2.390   2.5   0.0
   1 1981   6  8784.  22.1  26.7   2.600   1.8   0.0
   1 1981   7 12312.  22.0  27.7   2.640   1.8   0.0
   1 1981   8 14832.  22.6  28.6   3.050   1.6   0.0
   1 1981   9 12528.  22.3  28.1   2.850   2.0   0.0
   1 1981  10  8352.  22.0  27.4   2.770   2.2   1.0
   1 1981  11  9828.  22.4  26.6   2.740   3.2   1.0
   1 1981  12  5004.  21.1  24.1   2.190   3.1   0.0
   1 1981  13 17964.  21.4  25.4   1.840   3.1   0.0
   1 1981  14 15228.  19.0  25.7   1.790   2.4   0.0
   1 1981  15  7092.  20.0  26.4   2.220   1.6   0.0
   1 1981  16  5652.  22.1  24.9   2.320   1.5   0.0
   1 1981  17  5832.  20.6  24.6   2.300   2.1   0.2
   1 1981  18 11484.  20.1  27.1   2.210   2.1   0.0
   1 1981  19 12312.  20.4  26.3   2.390   1.9   0.0
   1 1981  20 15876.  19.6  26.6   2.350   2.1   0.0
   1 1981  21 20052.  19.2  27.0   2.060   1.9   0.0
   1 1981  22 14184.  18.8  28.2   2.350   1.4   0.5
   1 1981  23 13356.  19.1  26.4   2.300   2.2   0.5
   1 1981  24  9180.  20.2  27.2   2.520   3.2   0.0
   1 1981  25 10008.  21.6  27.8   2.330   3.1   0.0
   1 1981  26  5652.  22.1  25.3   2.610   3.0   1.3
   1 1981  27  6696.  21.6  24.5   2.290   2.4   5.6
   1 1981  28  4176.  21.8  23.8   2.610   1.1  15.0
   1 1981  29 11268.  21.4  26.6   2.770   2.1   0.2
   1 1981  30 12312.  21.6  26.8   2.480   2.6   0.8
   1 1981  31 17316.  21.1  28.1   2.690   1.8   0.0
   1 1981  32 10440.  21.4  28.2   2.850   1.6   0.0
   1 1981  33 19224.  22.5  28.1   2.390   2.4   0.0
   1 1981  34 20664.  21.6  28.7   2.400   2.0   0.0
   1 1981  35 12528.  22.0  28.6   2.610   1.9   0.2
   1 1981  36 16272.  21.6  28.1   2.420   2.3   0.0
   1 1981  37 14616.  22.0  28.4   2.890   1.3   0.0
   1 1981  38  9396.  21.0  27.1   2.670   1.6   0.0
   1 1981  39 18792.  21.0  29.2   2.450   2.2   0.0
   1 1981  40 21096.  21.4  30.4   2.610   2.4   0.0
   1 1981  41 14004.  22.6  29.9   2.940   2.7   0.0
   1 1981  42 12744.  22.4  27.8   2.640   2.7   0.0
   1 1981  43 19620.  20.1  27.2   2.260   2.3   0.0
   1 1981  44 19620.  19.7  27.9   2.150   2.2   0.0
   1 1981  45 14184.  20.7  28.2   2.340   1.6   0.0
   1 1981  46 14184.  23.0  29.0   2.790   1.7   0.5
   1 1981  47 18360.  22.1  30.5   3.320   0.9   0.0
   1 1981  48 20880.  22.1  30.2   2.890   1.6   0.0
   1 1981  49 19836.  24.4  29.0   2.870   1.9   0.0
   1 1981  50 19404.  23.4  29.4   2.820   1.7   0.0
   1 1981  51 22356.  22.0  29.8   2.610   2.1   0.0
   1 1981  52 12960.  23.0  27.2   2.260   1.7   0.0
   1 1981  53 18180.  22.0  30.9   2.700   2.3   0.0
   1 1981  54 20052.  21.4  30.4   2.470   1.9   0.0
   1 1981  55 21312.  23.5  30.5   2.920   1.2   0.0
   1 1981  56 23580.  22.1  31.6   2.730   2.2   0.0
   1 1981  57 15876.  21.6  29.8   2.810   1.9   0.2
   1 1981  58 13788.  22.6  29.5   2.840   2.5   8.4
   1 1981  59 19224.  22.5  29.7   2.810   2.7   0.0
   1 1981  60 18360.  21.8  29.2   2.450   2.7   0.0
   1 1981  61 23400.  21.2  29.2   2.440   2.3   0.0
   1 1981  62 21492.  20.5  29.2   2.360   2.0   0.0
   1 1981  63 24012.  21.0  28.9   2.250   2.7   0.0
   1 1981  64 21708.  20.3  29.8   2.450   2.6   0.0
   1 1981  65 21312.  21.7  29.5   2.630   2.6   0.0
   1 1981  66 22140.  21.2  29.4   2.520   2.2   0.0
   1 1981  67 24624.  21.5  29.6   2.360   2.4   0.0
   1 1981  68 24624.  20.4  29.3   2.300   2.0   0.0
   1 1981  69 21492.  21.4  29.3   2.340   2.8   0.0
   1 1981  70 22356.  22.0  29.7   2.270   2.8   0.0
   1 1981  71 22968.  21.5  29.7   2.430   2.4   0.0
   1 1981  72 22140.  21.1  30.1   2.400   2.3   0.0
   1 1981  73 23580.  21.3  30.0   2.410   2.3   0.0
   1 1981  74 25056.  21.0  31.1   2.570   2.0   0.0
   1 1981  75 19620.  22.6  31.0   2.640   2.2   0.0
   1 1981  76 23400.  23.2  31.4   2.790   1.9   0.0
   1 1981  77 24624.  22.5  32.4   3.010   2.3   0.0
   1 1981  78 24624.  20.2  33.1   2.700   2.6   0.0
   1 1981  79 24624.  19.8  33.3   2.190   2.7   0.0
   1 1981  80 22752.  21.1  32.7   2.130   1.8   0.0
   1 1981  81 23184.  22.2  31.7   2.530   1.7   0.0
   1 1981  82 22356.  21.9  31.4   2.660   2.0   0.0
   1 1981  83 25056.  22.5  31.4   2.530   2.4   0.0
   1 1981  84 25668.  22.6  31.2   2.620   1.8   0.0
   1 1981  85 25488.  22.8  31.6   2.630   2.4   0.0
   1 1981  86 19836.  23.3  30.1   2.490   2.8   0.0
   1 1981  87 19404.  24.5  30.8   2.900   2.2   0.0
   1 1981  88 22140.  23.2  31.1   2.810   2.9   0.0
   1 1981  89 21924.  22.9  30.5   2.520   2.7   2.0
   1 1981  90 20880.  23.6  31.1   3.290   2.4   0.2
   1 1981  91 25668.  23.9  31.4   2.560   2.9   0.0
   1 1981  92 22968.  23.5  31.5   2.860   2.7   0.0
   1 1981  93 22356.  23.2  31.2   2.380   2.7   0.0
   1 1981  94 16092.  23.4  30.6   2.820   1.8   1.8
   1 1981  95 23796.  23.6  32.8   2.950   1.5   0.0
   1 1981  96 19008.  23.4  31.7   2.620   1.9   0.0
   1 1981  97 24444.  24.1  32.2   2.750   2.3   0.0
   1 1981  98 17316.  23.5  32.3   2.710   2.2   0.0
   1 1981  99 26100.  23.5  32.1   2.690   2.2   0.0
   1 1981 100 26928.  23.9  32.4   2.720   2.1   0.0
   1 1981 101 22752.  22.1  32.0   2.440   2.4   0.0
   1 1981 102 24840.  22.8  32.5   2.680   2.0   0.0
   1 1981 103 25668.  23.5  32.4   2.650   2.2   0.0
   1 1981 104 24624.  23.7  33.0   2.670   2.5   0.0
   1 1981 105 23400.  23.1  32.7   2.820   1.8   0.0
   1 1981 106 28404.  23.2  32.7   2.840   1.1   0.0
   1 1981 107 29448.  23.5  32.7   2.740   1.6   0.0
   1 1981 108 29232.  21.6  33.5   2.550   1.0   0.0
   1 1981 109 27360.  23.4  33.0   2.260   0.8   0.0
   1 1981 110 26712.  24.1  33.6   2.710   0.7   0.0
   1 1981 111 23580.  24.6  33.1   2.870   0.7   0.0
   1 1981 112 25056.  23.9  32.0   2.990   1.3   2.0
   1 1981 113 16920.  25.1  30.6   3.380   0.6   1.3
   1 1981 114 26100.  24.6  33.0   2.930   1.3   0.2
   1 1981 115 18180.  25.4  32.4   3.310   1.5   0.2
   1 1981 116 23184.  25.1  31.7   2.830   1.5   0.0
   1 1981 117 29448.  24.5  32.7   2.860   1.5   0.0
   1 1981 118 28188.  25.6  33.6   2.990   1.6   0.0
   1 1981 119 22968.  25.4  33.2   2.890   0.6   0.0
   1 1981 120 21492.  25.1  33.4   2.980   0.4   0.0
   1 1981 121 28620.  25.4  33.2   2.890   2.6   0.0
   1 1981 122 28620.  25.1  32.5   2.810   2.2   0.0
   1 1981 123 11268.  25.4  31.1   3.040   1.4   0.5
   1 1981 124 24444.  24.6  32.3   2.730   1.7   0.0
   1 1981 125 23400.  24.8  32.6   2.680   2.0   2.3
   1 1981 126 18180.  24.0  32.4   2.790   1.0   0.0
   1 1981 127 25272.  24.6  32.9   2.890   1.6   0.0
   1 1981 128 13356.  25.5  32.3   2.870   0.3  14.7
   1 1981 129 15876.  24.7  32.6   2.870   0.3   0.0
   1 1981 130 16488.  23.9  32.7   2.580   0.8   0.0
   1 1981 131 22140.  23.8  34.8   2.850   0.6   0.0
   1 1981 132 12744.  24.0  32.4   2.830   0.7   7.4
   1 1981 133 16704.  24.6  34.2   3.610   0.2   5.8
   1 1981 134 15660.  24.7  32.0   2.830   0.4   0.0
   1 1981 135 16272.  23.8  32.6   3.020   0.6   0.0
   1 1981 136 21492.  23.1  33.0   2.700   0.2   0.0
   1 1981 137 15228.  24.4  32.4   2.630   0.3   0.8
   1 1981 138 17316.  23.8  32.6   2.720   0.9   9.9
   1 1981 139 17136.  24.6  32.4   3.000   1.0   0.5
   1 1981 140 14400.  24.4  32.1   3.460   1.0   0.2
   1 1981 141 16920.  25.6  33.3   3.130   1.1   0.0
   1 1981 142 15876.  25.2  33.5   2.870   1.4   6.9
   1 1981 143 17532.  23.7  33.6   2.950   1.4   0.2
   1 1981 144 16272.  24.8  32.6   3.150   1.2  31.8
   1 1981 145 12960.  24.6  31.6   3.160   1.1   0.2
   1 1981 146 14832.  25.3  32.1   3.350   0.9   0.0
   1 1981 147 20664.  24.0  32.7   3.020   2.0   0.0
   1 1981 148 19836.  23.7  33.4   2.940   1.4   5.6
   1 1981 149 19836.  24.3  33.5   2.990   1.1   0.0
   1 1981 150 19620.  25.0  33.4   3.360   1.8   0.8
   1 1981 151 18792.  23.8  32.6   3.060   1.1   0.0
   1 1981 152 12960.  23.9  32.3   2.890   1.1   0.8
   1 1981 153 20052.  23.9  33.7   3.050   1.5  15.8
   1 1981 154 14832.  24.2  32.4   3.160   1.1   0.0
   1 1981 155 15228.  24.2  31.3   2.840   1.2  19.3
   1 1981 156 21492.  24.1  33.3   2.990   1.5   0.0
   1 1981 157 21312.  24.6  33.0   2.930   2.1   0.0
   1 1981 158 11052.  24.6  31.5   2.660   1.7   3.3
   1 1981 159 17748.  24.7  31.6   3.060   2.0   0.0
   1 1981 160 12744.  24.5  32.0   3.270   2.0   0.2
   1 1981 161 12744.  24.7  31.6   3.060   3.1   8.4
   1 1981 162 11484.  24.1  31.0   3.290   2.9   0.2
   1 1981 163 16272.  24.9  31.6   2.620   3.8  12.4
   1 1981 164  4392.  25.6  28.1   3.120   3.4  37.3
   1 1981 165  6264.  23.5  28.7   2.940   2.6  15.5
   1 1981 166 11700.  23.7  30.8   3.050   2.3   2.5
   1 1981 167 14004.  24.6  31.6   3.120   1.7   6.6
   1 1981 168 16488.  24.4  31.5   3.210   1.5  11.9
   1 1981 169 15876.  24.4  31.6   3.700   2.4   4.6
   1 1981 170 15660.  24.4  31.3   3.380   2.2   1.5
   1 1981 171 10224.  24.4  30.1   3.120   2.1   5.6
   1 1981 172 11052.  23.0  31.0   3.170   2.0   1.8
   1 1981 173 13356.  24.0  29.8   3.150   1.3   1.0
   1 1981 174 17316.  23.6  32.6   3.120   1.5  18.8
   1 1981 175 24624.  23.8  32.0   2.930   1.9   0.0
   1 1981 176 10656.  24.9  30.5   2.790   1.4  26.2
   1 1981 177 10008.  22.6  30.0   2.940   1.0  43.4
   1 1981 178 14400.  22.0  31.1   2.680   1.1   0.2
   1 1981 179 19224.  22.8  32.3   3.030   0.9   0.0
   1 1981 180 17136.  23.6  32.0   2.990   0.9   0.0
   1 1981 181 19008.  23.9  31.4   3.270   2.6  86.9
   1 1981 182  7092.  24.1  27.7   3.140   4.2  13.2
   1 1981 183 23796.  22.4  30.8   2.860   2.4   0.0
   1 1981 184 16272.  23.3  30.1   2.630   2.0  33.8
   1 1981 185  1260.  23.8  26.1   2.690   4.2  68.1
   1 1981 186  8568.  21.6  27.6   2.690   2.0   0.8
   1 1981 187 22356.  21.0  32.2   2.680   1.4   0.0
   1 1981 188 17532.  23.5  31.5   3.380   0.8   0.0
   1 1981 189 20268.  23.0  31.2   3.230   1.2   1.8
   1 1981 190 17532.  22.5  30.0   3.010   1.1   4.6
   1 1981 191 16488.  24.2  30.4   3.270   1.3   0.5
   1 1981 192 16092.  22.6  30.0   2.700   1.0   5.1
   1 1981 193  9612.  24.0  29.5   3.240   0.7   5.3
   1 1981 194 15444.  21.7  30.2   2.990   1.1  52.8
   1 1981 195 16920.  22.1  29.3   2.940   0.9   2.0
   1 1981 196 14184.  23.6  29.9   3.350   0.8   5.1
   1 1981 197 11268.  24.2  30.3   3.380   1.4   7.1
   1 1981 198  9180.  24.0  28.7   3.100   3.0   3.6
   1 1981 199  7920.  23.6  28.7   2.930   1.7  32.0
   1 1981 200 10440.  23.1  30.9   3.070   1.8   1.5
   1 1981 201 21312.  22.7  32.1   3.030   1.5   0.0
   1 1981 202 17964.  23.6  31.5   3.400   1.3   0.0
   1 1981 203 23796.  23.7  32.7   3.060   2.0   0.0
   1 1981 204 20448.  23.5  32.6   3.540   1.3   0.0
   1 1981 205 20268.  24.2  33.1   3.230   1.0   3.0
   1 1981 206 24624.  23.2  33.1   2.980   1.3   0.0
   1 1981 207 26532.  24.6  33.1   2.990   1.6   0.0
   1 1981 208 23580.  23.8  33.1   3.110   1.1   0.0
   1 1981 209 21312.  23.5  31.8   2.560   1.5   0.0
   1 1981 210 23580.  23.5  33.4   3.620   1.3   0.0
   1 1981 211 24228.  24.7  33.0   3.150   1.6   0.0
   1 1981 212 16488.  24.4  32.1   3.120   1.3   1.5
   1 1981 213 17532.  23.5  31.8   3.010   1.3   0.0
   1 1981 214 16488.  23.4  31.8   3.180   1.1   8.1
   1 1981 215 16488.  23.1  32.2   3.160   1.2   0.0
   1 1981 216 12528.  24.4  31.0   3.010   1.9   6.1
   1 1981 217  8352.  23.4  29.0   2.790   3.5  11.7
   1 1981 218 21096.  24.4  31.1   2.950   4.4  23.4
   1 1981 219  9396.  22.5  29.4   2.920   2.9  18.0
   1 1981 220 13788.  22.6  29.8   2.790   2.9   1.0
   1 1981 221 12744.  23.8  29.6   3.120   2.7   0.8
   1 1981 222 19404.  23.2  32.1   2.900   1.9   0.5
   1 1981 223 14832.  23.3  31.2   3.380   1.5   0.0
   1 1981 224 10440.  23.2  30.0   2.650   0.9   5.6
   1 1981 225 16092.  24.2  30.9   3.400   2.2   0.0
   1 1981 226 19404.  22.0  31.0   2.560   2.5   0.0
   1 1981 227 12528.  24.3  30.8   2.880   2.5   5.6
   1 1981 228  7920.  23.2  29.9   3.100   2.3   1.0
   1 1981 229  7740.  24.5  29.8   2.960   2.3   0.2
   1 1981 230 11916.  25.5  30.6   2.740   3.6   1.0
   1 1981 231 16920.  25.3  31.0   2.980   3.1   0.0
   1 1981 232 16704.  24.3  31.9   2.700   1.6   0.0
   1 1981 233 24012.  23.5  32.7   2.660   1.6   0.0
   1 1981 234 21492.  23.1  32.6   2.740   3.1   0.0
   1 1981 235 23184.  24.4  31.6   2.380   3.8   0.0
   1 1981 236 14184.  25.8  31.0   2.710   2.3   0.0
   1 1981 237 20268.  24.4  32.0   2.790   3.0   0.0
   1 1981 238 21492.  23.5  32.2   2.100   2.0   0.0
   1 1981 239 18360.  24.2  32.2   2.870   1.6   0.0
   1 1981 240 27360.  24.0  32.6   2.810   2.3   0.0
   1 1981 241 21708.  23.8  32.2   2.490   3.1   0.0
   1 1981 242 22356.  25.4  31.9   2.600   2.4   0.0
   1 1981 243 20664.  23.8  32.3   3.040   1.3   0.0
   1 1981 244 16488.  24.9  32.5   3.190   1.2   0.0
   1 1981 245 20448.  24.5  32.6   3.250   1.5   0.0
   1 1981 246 12744.  23.6  31.1   2.880   1.3   0.0
   1 1981 247 19620.  22.6  32.2   2.810   1.3   7.9
   1 1981 248 18792.  22.1  31.7   2.800   0.8   2.8
   1 1981 249 23184.  24.3  32.1   3.290   1.1   0.0
   1 1981 250 17964.  24.6  33.0   2.220   1.2   0.0
   1 1981 251 22356.  23.5  32.6   2.930   1.3   0.0
   1 1981 252 17532.  24.5  32.2   2.900   1.4   2.3
   1 1981 253 22356.  24.5  32.4   2.840   1.6   2.8
   1 1981 254 16092.  24.4  30.6   2.610   1.6   2.5
   1 1981 255 14004.  24.9  29.1   2.890   1.3   2.3
   1 1981 256 22536.  24.0  31.7   2.780   1.9   0.0
   1 1981 257 19620.  25.1  30.4   2.620   1.6  15.5
   1 1981 258 19008.  23.2  31.2   3.070   1.7   0.5
   1 1981 259 18792.  22.7  31.0   3.150   1.5   2.8
   1 1981 260 14184.  24.7  29.9   3.300   1.3  28.2
   1 1981 261 21312.  23.7  32.2   3.210   0.9   2.5
   1 1981 262  9828.  23.6  29.6   3.170   4.1   5.6
   1 1981 263  3960.  25.0  28.4   2.660   3.4  52.8
   1 1981 264  2304.  23.6  30.2   3.080   2.0   0.0
   1 1981 265 18360.  23.4  30.9   3.030   2.2   1.8
   1 1981 266 20268.  23.7  31.9   2.800   2.0   0.0
   1 1981 267 22356.  23.4  32.2   3.030   1.2   7.1
   1 1981 268  4176.  24.4  29.0   3.080   1.2 112.5
   1 1981 269 15228.  24.0  30.2   3.370   0.8   0.5
   1 1981 270 23400.  23.6  31.6   2.960   1.0   0.0
   1 1981 271 19836.  23.7  32.0   3.190   1.1   0.0
   1 1981 272 20664.  24.0  31.8   3.120   2.5   0.5
   1 1981 273 12744.  24.4  31.0   3.080   1.6   7.6
   1 1981 274 10872.  23.6  29.3   3.220   1.0  14.7
   1 1981 275 14832.  22.4  30.4   2.790   0.9   6.1
   1 1981 276 15660.  22.6  31.3   3.460   1.0   0.0
   1 1981 277 11700.  23.8  30.6   3.320   0.8  30.5
   1 1981 278 23184.  23.0  31.7   3.210   1.2   0.2
   1 1981 279  8568.  23.8  29.2   3.190   1.1   0.8
   1 1981 280 21708.  23.1  31.6   2.770   1.5   0.0
   1 1981 281 16704.  23.5  31.0   2.610   1.3   2.5
   1 1981 282 17748.  23.6  31.0   3.410   1.3   0.0
   1 1981 283 20268.  23.4  31.4   3.210   1.5   0.0
   1 1981 284  8964.  23.6  28.4   2.860   1.2   8.9
   1 1981 285 10224.  23.6  29.2   2.930   1.7  40.9
   1 1981 286 10224.  24.5  30.1   3.450   1.1   0.8
   1 1981 287 10656.  24.6  30.2   3.500   1.1   7.6
   1 1981 288 13788.  23.4  30.4   3.150   1.3   0.5
   1 1981 289 24444.  23.5  31.0   2.720   1.7   0.0
   1 1981 290 11268.  22.5  29.4   3.060   1.1   0.2
   1 1981 291 24228.  22.4  31.5   2.750   1.0   0.0
   1 1981 292 17316.  22.6  31.6   3.080   1.3   0.0
   1 1981 293 12312.  24.7  30.6   2.940   1.3   3.6
   1 1981 294 11700.  23.5  30.6   2.580   1.2  22.1
   1 1981 295 21312.  22.4  30.6   2.870   1.0   0.0
   1 1981 296 16488.  23.1  30.5   2.500   1.1   6.6
   1 1981 297  3960.  24.9  27.6   3.150   1.4  21.3
   1 1981 298 12096.  23.0  28.9   2.990   2.1  12.7
   1 1981 299  4608.  23.0  27.3   2.920   1.4  47.8
   1 1981 300  9396.  23.6  28.6   3.280   1.8  38.1
   1 1981 301  4176.  23.9  28.1   3.260   1.2  13.0
   1 1981 302  6876.  23.7  27.3   3.200   1.2   4.3
   1 1981 303 10656.  24.0  28.7   3.300   0.7   0.2
   1 1981 304 15228.  23.7  31.0   3.030   1.0   0.8
   1 1981 305 17964.  24.9  31.2   3.270   1.7   0.0
   1 1981 306 22536.  23.4  31.1   3.120   1.8   0.0
   1 1981 307 18792.  24.4  31.1   3.100   2.0  35.0
   1 1981 308  3564.  24.3  27.5   3.240   0.9  12.2
   1 1981 309 14832.  22.9  29.5   3.370   1.5   5.6
   1 1981 310  6048.  24.5  28.0   3.150   1.2  18.5
   1 1981 311  6264.  23.9  28.9   3.130   1.5  59.2
   1 1981 312 10008.  23.8  28.4   3.310   1.8   2.3
   1 1981 313 20448.  24.7  30.6   2.970   2.3   0.0
   1 1981 314 14184.  23.2  29.8   2.700   1.6   3.0
   1 1981 315  1872.  24.1  25.3   2.960   1.2  28.2
   1 1981 316 10224.  23.2  28.4   3.160   1.9   1.0
   1 1981 317 12096.  24.5  29.6   3.010   2.2   5.1
   1 1981 318  4392.  24.3  27.7   3.090   1.8  17.0
   1 1981 319  7092.  24.2  29.2   3.010   1.8   2.8
   1 1981 320 11700.  23.9  29.6   2.890   1.7   0.0
   1 1981 321 11268.  23.0  28.9   2.660   2.1   1.0
   1 1981 322  8568.  23.0  28.8   2.970   2.8   1.0
   1 1981 323  9180.  24.0  28.7   2.820   3.4  27.9
   1 1981 324  6264.  23.0  30.2   3.310   1.9   1.8
   1 1981 325 11052.  21.9  30.6   2.810   1.0   1.5
   1 1981 326 12096.  23.4  29.1   3.110   1.3   9.6
   1 1981 327  8784.  23.6  28.7   2.930   2.1   1.0
   1 1981 328   612.  23.0  27.5   2.930   5.7  27.7
   1 1981 329 14400.  23.0  30.7   3.050   2.0   0.0
   1 1981 330 12528.  23.6  29.3   3.010   1.4   0.0
   1 1981 331 18180.  23.0  30.0   2.740   1.4   0.0
   1 1981 332  6696.  24.0  27.6   3.060   2.7   7.1
   1 1981 333  5832.  23.1  26.6   2.520   2.2  11.7
   1 1981 334  5004.  23.1  27.2   3.080   1.8  12.4
   1 1981 335 12312.  23.6  29.0   3.010   1.9   3.6
   1 1981 336  7308.  23.6  27.6   2.760   2.8   5.1
   1 1981 337  7740.  23.0  25.6   2.730   2.6   2.3
   1 1981 338 12312.  22.1  27.0   2.600   2.5   0.0
   1 1981 339 14184.  22.6  28.7   2.910   2.8   0.0
   1 1981 340 10440.  22.6  28.0   2.520   2.0   0.0
   1 1981 341 10872.  23.8  28.3   2.770   2.0   0.0
   1 1981 342 12960.  23.1  28.9   2.960   2.3  27.9
   1 1981 343  7308.  22.8  27.5   3.140   1.6  15.2
   1 1981 344 10224.  22.8  27.3   2.740   2.2   0.2
   1 1981 345 12096.  21.4  27.1   2.800   1.6   0.0
   1 1981 346 10872.  22.0  27.2   2.850   1.5   1.5
   1 1981 347 14004.  21.5  28.2   2.930   2.7   1.0
   1 1981 348 14184.  22.0  27.4   2.610   2.4   1.0
   1 1981 349 12528.  21.1  26.4   2.620   2.5   0.5
   1 1981 350 13788.  19.6  26.4   2.390   2.3   0.0
   1 1981 351 11700.  20.0  26.9   2.350   2.2   0.5
   1 1981 352 13572.  19.0  26.6   2.640   2.2   0.0
   1 1981 353 18360.  18.3  27.8   2.320   2.1   0.0
   1 1981 354 16272.  18.8  27.4   2.290   2.5   0.0
   1 1981 355 17748.  18.6  26.6   1.890   2.3   0.0
   1 1981 356  6048.  20.4  25.6   2.390   1.9   1.3
   1 1981 357  8352.  22.1  26.5   2.730   2.1   0.2
   1 1981 358  7920.  22.6  27.1   2.710   1.9   3.6
   1 1981 359  9396.  23.0  27.6   3.160   3.3   6.9
   1 1981 360  1044.  23.6  27.5   2.990   2.9  50.8
   1 1981 361  9612.  23.5  29.9   2.980   1.5   0.2
   1 1981 362 13140.  23.0  29.3   3.200   1.7   0.0
   1 1981 363 11484.  22.9  30.4   2.980   1.2   0.0
   1 1981 364 15660.  22.2  29.7   2.890   1.8   0.0
   1 1981 365 14616.  22.4  29.6   2.960   1.5   0.0
