*---------------------------------------------------------*
*   Country: Philippines
*   Station: IRRI wet station site
*      Year: 1982
*    Source: Agroclimate Service Unit of IRRI.
*    Author: Daniel van Kraalingen
* Longitude: 121 15 E
*  Latitude: 14 11 N
* Elevation: 21 m.
*  Comments: Original name of data used in IRRI: ORWET.
*
*  Columns:
*  ========
*  station number
*  year
*  day
*  irradiation (kJ m-2 d-1)
*  minimum temperature (degrees Celsius)
*  maximum temperature (degrees Celsius)
*  vapour pressure (kPa)
*  mean wind speed (m s-1)
*  precipitation (mm d-1)
** WCCDESCRIPTION=Philippines, IRRI wet station site
** WCCFORMAT=2
** WCCYEARNR=1982
*---------------------------------------------------------*
 121.25  14.18    21. -0.25 -0.45
   1 1982   1 17136.  21.7  29.2   2.710   1.8   0.0
   1 1982   2 17748.  21.0  29.0   2.660   2.1   0.0
   1 1982   3 11268.  23.2  29.4   2.940   1.7   0.5
   1 1982   4 13788.  22.4  29.2   2.920   1.4   0.0
   1 1982   5 13356.  22.2  29.3   2.890   2.3   0.0
   1 1982   6 11700.  22.7  28.5   2.790   2.1   7.1
   1 1982   7  6480.  23.1  25.6   2.780   1.9   1.0
   1 1982   8  6876.  21.9  25.3   2.590   2.4   0.8
   1 1982   9  7308.  20.5  26.2   2.590   1.9   0.5
   1 1982  10 11268.  20.9  27.1   2.540   2.3   0.0
   1 1982  11 15228.  21.4  27.7   2.350   2.1   0.0
   1 1982  12 16704.  20.4  27.8   2.340   2.2   0.0
   1 1982  13 16704.  19.3  27.7   2.200   2.1   0.0
   1 1982  14 12096.  19.6  27.2   2.530   1.6   1.0
   1 1982  15  9828.  20.6  25.5   2.570   1.5   0.0
   1 1982  16 11052.  21.4  25.7   2.650   2.0   3.0
   1 1982  17  7740.  19.8  25.1   2.540   2.4   0.2
   1 1982  18 10656.  20.8  25.9   2.250   2.5   0.5
   1 1982  19 13788.  20.1  26.1   2.290   2.9   0.0
   1 1982  20 11268.  20.6  25.8   2.360   2.9   0.0
   1 1982  21 19620.  19.7  26.2   2.160   2.8   0.0
   1 1982  22 17964.  19.6  27.4   2.320   2.3   0.0
   1 1982  23  9396.  20.6  26.8   2.460   2.3   0.0
   1 1982  24 12744.  22.3  28.1   2.630   2.7   0.0
   1 1982  25 16704.  21.2  28.6   2.800   2.6   0.0
   1 1982  26  8136.  22.8  26.3   2.540   2.6   0.0
   1 1982  27 19836.  19.9  27.8   2.050   2.7   0.0
   1 1982  28 15444.  20.8  27.4   2.430   2.5   1.0
   1 1982  29 14832.  20.1  26.9   2.400   3.4   0.0
   1 1982  30 17316.  21.3  26.0   2.260   2.9   0.0
   1 1982  31 20052.  20.2  26.6   2.270   2.5   0.2
   1 1982  32  9612.  19.5  26.1   2.300   2.7   0.0
   1 1982  33 11484.  21.2  26.3   2.390   2.8   0.0
   1 1982  34 18360.  20.2  27.9   2.220   2.5   0.2
   1 1982  35 16272.  21.0  28.6   2.970   1.8   0.2
   1 1982  36 19008.  20.2  27.6   2.250   2.4   0.0
   1 1982  37 14184.  20.2  27.4   2.090   2.4   0.0
   1 1982  38 14400.  20.1  26.9   2.370   2.6   0.0
   1 1982  39 11700.  21.5  26.9   2.420   2.4   0.0
   1 1982  40 12312.  20.7  27.7   2.330   2.9   0.0
   1 1982  41  8964.  22.4  27.2   2.540   1.8   1.3
   1 1982  42 10872.  22.7  27.1   2.930   2.0   1.0
   1 1982  43 11484.  22.7  27.2   2.950   1.8   0.2
   1 1982  44 12096.  22.2  27.9   2.710   2.0   0.0
   1 1982  45 17316.  21.6  29.0   2.710   1.8   0.0
   1 1982  46 14004.  20.0  27.5   2.150   1.8   0.2
   1 1982  47 15048.  21.2  28.4   2.540   2.1   0.0
   1 1982  48 11484.  20.6  27.3   2.300   2.1   1.3
   1 1982  49  6264.  22.7  27.4   2.710   2.4   3.6
   1 1982  50  9612.  23.1  28.8   2.820   1.1   6.4
   1 1982  51 12528.  22.4  29.4   2.770   1.3   0.2
   1 1982  52 22536.  22.0  29.4   2.710   2.0   0.0
   1 1982  53 18180.  20.9  29.0   2.820   2.2   0.0
   1 1982  54 23184.  20.8  29.5   2.470   2.1   0.0
   1 1982  55 23184.  20.5  31.3   2.610   1.5   0.0
   1 1982  56 20448.  22.0  29.4   2.680   2.6   0.0
   1 1982  57 20268.  23.1  28.9   2.490   2.8   0.0
   1 1982  58 19404.  20.5  28.8   2.460   2.3   0.0
   1 1982  59 21924.  20.3  30.3   2.740   2.3   0.0
   1 1982  60 18792.  21.9  30.2   2.870   1.8   0.0
   1 1982  61 19836.  22.8  29.6   2.690   2.1   0.0
   1 1982  62 19836.  21.0  29.7   2.400   2.2   0.0
   1 1982  63 18360.  21.2  30.6   2.710   1.8   0.0
   1 1982  64 19224.  21.9  30.2   2.600   2.2   0.0
   1 1982  65 16488.  22.2  30.8   2.840   1.9   0.0
   1 1982  66 23580.  21.6  31.6   2.960   1.5   0.0
   1 1982  67 24624.  20.6  30.1   2.530   2.0   0.0
   1 1982  68 24444.  20.2  30.2   2.500   2.0   0.0
   1 1982  69 23400.  21.1  29.9   2.900   2.5   0.0
   1 1982  70 22752.  22.1  30.6   2.650   2.5   0.0
   1 1982  71 24444.  22.4  30.5   2.670   2.4   0.0
   1 1982  72 25272.  22.0  31.1   2.540   2.9   0.0
   1 1982  73 24624.  22.6  30.2   2.620   2.4   0.0
   1 1982  74 24444.  21.8  30.7   2.640   2.6   0.0
   1 1982  75 22752.  21.2  30.8   2.620   2.4   0.0
   1 1982  76 23580.  23.5  30.8   2.630   2.4   0.0
   1 1982  77 21096.  21.8  30.5   2.480   2.7   0.0
   1 1982  78 17136.  23.4  30.0   2.870   2.7   0.0
   1 1982  79 18576.  23.0  30.6   2.190   2.9   0.0
   1 1982  80 20448.  23.6  31.4   2.970   2.4   2.3
   1 1982  81 21096.  23.5  31.1   2.870   2.4   0.0
   1 1982  82 14616.  22.7  30.0   2.580   2.3   1.0
   1 1982  83 21096.  23.1  30.8   2.990   2.4   0.0
   1 1982  84 19224.  23.2  30.5   3.050   2.5   0.0
   1 1982  85 19620.  22.6  29.2   2.640   3.3   0.2
   1 1982  86  7308.  23.6  27.6   3.090   2.2   2.3
   1 1982  87 14184.  23.0  30.1   3.030   2.0   2.3
   1 1982  88 11484.  22.7  27.8   2.930   1.3   6.6
   1 1982  89 16092.  24.0  30.1   3.120   1.5   0.0
   1 1982  90 19404.  23.9  31.7   3.210   1.1   9.4
   1 1982  91 20052.  23.4  32.6   3.180   1.4   0.8
   1 1982  92 13788.  23.7  29.1   3.170   1.5   0.0
   1 1982  93 21312.  24.0  30.6   2.900   2.0   0.0
   1 1982  94 22536.  23.6  31.5   2.840   2.2   0.0
   1 1982  95 22536.  23.4  31.1   3.090   2.2   0.0
   1 1982  96 24228.  21.6  31.0   2.740   2.2   0.0
   1 1982  97 24012.  22.3  31.2   2.640   2.0   0.0
   1 1982  98 14004.  22.6  31.6   3.300   1.6   2.2
   1 1982  99 17748.  23.7  31.7   3.230   2.4   0.0
   1 1982 100 10872.  24.2  28.4   2.910   2.2   2.6
   1 1982 101  8136.  23.8  26.6   2.980   1.7   4.2
   1 1982 102 11484.  22.7  28.6   3.010   1.8   2.7
   1 1982 103 15228.  23.4  30.1   3.070   1.4   0.2
   1 1982 104 11916.  23.5  31.4   3.230   1.0   0.0
   1 1982 105 19404.  22.7  31.5   3.050   1.3   0.0
   1 1982 106 17316.  23.6  31.2   3.100   1.5  25.8
   1 1982 107 22356.  23.4  33.1   3.190   1.3   0.0
   1 1982 108 19224.  23.8  32.2   3.020   1.5   0.0
   1 1982 109 22140.  23.8  32.0   3.160   2.3   0.0
   1 1982 110 23400.  24.2  32.0   3.000   2.6   0.0
   1 1982 111 23184.  24.2  32.6   3.100   1.8   0.0
   1 1982 112 18792.  23.5  32.7   3.000   1.3   0.0
   1 1982 113 22140.  23.7  33.8   3.370   1.3   0.0
   1 1982 114 20880.  24.9  33.4   3.320   1.4   0.7
   1 1982 115 16920.  23.7  34.3   3.200   1.8   0.0
   1 1982 116 19836.  23.6  33.6   3.250   2.2   0.0
   1 1982 117 20268.  23.6  35.0   3.180   1.9   0.0
   1 1982 118 21312.  23.5  34.1   2.970   1.3   0.3
   1 1982 119 22536.  24.0  33.7   3.150   1.8   0.0
   1 1982 120 22140.  23.7  33.6   2.840   1.3   0.0
   1 1982 121 19836.  22.8  34.5   3.070   2.0   0.0
   1 1982 122 14832.  23.5  33.5   2.880   1.7   0.0
   1 1982 123 23184.  22.6  33.6   2.620   1.5   0.0
   1 1982 124 20448.  23.4  33.4   3.250   1.5   0.0
   1 1982 125 20268.  24.0  32.7   3.210   2.1   0.0
   1 1982 126 21708.  24.1  33.1   3.520   2.2   0.0
   1 1982 127 21312.  26.3  33.2   3.360   2.0   0.0
   1 1982 128 15444.  25.1  33.0   3.510   1.7   0.6
   1 1982 129 20880.  24.6  33.2   3.310   1.5   0.0
   1 1982 130 20268.  23.6  32.7   2.870   1.6   0.0
   1 1982 131 22140.  22.4  33.0   2.970   1.9   7.1
   1 1982 132 23796.  24.1  33.2   3.270   2.4   0.0
   1 1982 133 11268.  25.1  30.0   3.360   1.8   3.8
   1 1982 134 19836.  24.5  32.6   3.130   2.1   1.6
   1 1982 135  9828.  24.8  30.3   3.470   1.6   0.3
   1 1982 136 17532.  24.4  31.8   3.080   2.2   4.8
   1 1982 137 21708.  25.0  33.3   3.320   2.0   0.0
   1 1982 138 23184.  23.6  34.2   3.110   2.0   0.0
   1 1982 139  6480.  25.6  32.0   3.330   2.1   9.0
   1 1982 140 11484.  25.6  32.0   3.170   1.6   0.0
   1 1982 141 22968.  23.2  34.0   3.250   1.9   0.0
   1 1982 142 19404.  23.4  32.6   3.100   1.8   0.0
   1 1982 143 16488.  23.7  32.6   3.140   1.3   1.8
   1 1982 144 17532.  24.0  32.8   3.210   1.5   1.6
   1 1982 145 17316.  24.1  32.0   3.080   1.6  20.1
   1 1982 146 19620.  24.5  32.2   3.170   1.6   0.0
   1 1982 147 19836.  24.0  35.4   3.590   1.5   0.0
   1 1982 148 16704.  24.2  33.5   3.230   1.7   0.0
   1 1982 149 13140.  25.0  33.3   3.240   1.7   0.0
   1 1982 150 16488.  25.1  33.2   3.450   1.2   0.0
   1 1982 151 14004.  25.4  34.5   3.440   1.4   0.0
   1 1982 152 11916.  24.4  33.1   3.290   1.7   0.0
   1 1982 153 15228.  24.0  33.8   3.310   1.2   8.6
   1 1982 154 20880.  24.2  34.1   3.080   1.6   0.0
   1 1982 155 19404.  24.5  34.3   2.910   1.7   0.0
   1 1982 156 16920.  25.5  34.4   3.560   1.3   0.0
   1 1982 157 18792.  24.7  33.5   3.220   1.6   0.0
   1 1982 158 15444.  23.6  32.7   3.210   1.9   2.9
   1 1982 159 20052.  24.0  34.5   2.890   2.4   0.1
   1 1982 160 16704.  23.4  33.8   3.170   2.0   0.0
   1 1982 161 18792.  24.6  33.7   3.080   1.9   0.2
   1 1982 162 15048.  23.6  32.0   3.100   1.6   2.9
   1 1982 163 15048.  24.0  31.4   3.200   1.0   1.3
   1 1982 164 18180.  23.7  34.1   3.110   1.9   0.0
   1 1982 165 19836.  23.8  33.5   3.310   1.7   0.0
   1 1982 166 16488.  23.5  33.5   3.270   1.2   4.5
   1 1982 167 16272.  24.0  32.5   3.230   1.3   2.9
   1 1982 168 21096.  24.1  33.7   3.310   1.5   0.0
   1 1982 169 23400.  23.5  33.9   3.110   1.6   0.0
   1 1982 170 20268.  24.8  33.7   2.980   1.5   2.3
   1 1982 171 21492.  24.6  34.0   3.420   1.8   0.0
   1 1982 172 17748.  24.1  33.2   2.950   1.4   0.0
   1 1982 173 20268.  23.8  34.0   3.270   2.5   0.0
   1 1982 174 15228.  24.5  32.7   2.150   3.2   3.8
   1 1982 175  9612.  24.1  30.2   3.070   3.9  29.6
   1 1982 176 20664.  22.3  32.5   1.720   4.4   0.0
   1 1982 177 15876.  23.3  32.3   2.880   2.9   2.4
   1 1982 178  8568.  25.0  30.0   2.940   2.7  18.4
   1 1982 179  9180.  24.1  31.0   2.990   2.5   2.5
   1 1982 180 13788.  25.1  32.5   3.130   2.7   2.4
   1 1982 181 12096.  24.6  31.8   3.630   3.6   0.4
   1 1982 182  8784.  25.6  31.6   3.250   4.1   1.8
   1 1982 183  5436.  25.9  29.8   3.270   3.4  16.9
   1 1982 184 11700.  25.2  31.6   3.100   2.6   0.0
   1 1982 185 19620.  24.5  33.7   3.180   2.0   0.7
   1 1982 186 20268.  23.6  32.4   3.360   1.8   0.0
   1 1982 187  9612.  23.7  29.5   3.240   1.4   8.6
   1 1982 188 14832.  23.5  29.5   3.290   1.4   4.7
   1 1982 189 16272.  23.0  30.5   3.240   1.3   0.5
   1 1982 190 18792.  23.2  31.2   3.100   1.5   9.3
   1 1982 191 15444.  23.4  31.7   3.620   1.2  12.8
   1 1982 192 13140.  24.0  30.0   3.490   1.5  34.4
   1 1982 193 15660.  23.0  30.4   3.430   2.4   0.0
   1 1982 194 18576.  23.0  32.0   2.350   1.6   0.1
   1 1982 195  5004.  23.2  27.8   3.070   1.8  93.4
   1 1982 196  2088.  24.2  26.7   3.070   3.9  44.2
   1 1982 197 20268.  23.0  31.5   3.120   2.4   0.0
   1 1982 198 20880.  24.2  33.2   3.470   1.6   0.0
   1 1982 199 15444.  23.2  31.6   3.430   1.2   7.0
   1 1982 200  6048.  23.4  28.2   3.260   0.8   2.8
   1 1982 201 22140.  22.0  33.1   3.580   0.9   2.0
   1 1982 202 19404.  24.0  33.0   3.500   1.1  14.0
   1 1982 203 15660.  22.8  30.4   3.410   2.3  26.0
   1 1982 204 16488.  22.7  30.2   3.260   1.6   0.2
   1 1982 205  8964.  23.9  29.0   3.290   1.0  14.8
   1 1982 206 15444.  22.5  29.5   3.260   2.4  10.4
   1 1982 207 13140.  23.5  30.6   2.940   2.7   2.8
   1 1982 208 11052.  24.0  29.6   2.960   3.4   5.2
   1 1982 209  5652.  24.1  29.0   2.890   4.3  16.8
   1 1982 210  9396.  22.8  30.5   2.980   3.9  13.1
   1 1982 211 13788.  24.9  30.4   3.200   2.7   2.4
   1 1982 212 20448.  24.0  32.0   3.140   2.1   0.0
   1 1982 213 21096.  23.4  32.8   3.120   2.2   0.0
   1 1982 214 23400.  23.6  33.1   3.170   1.5   0.0
   1 1982 215 11700.  23.8  30.3   3.340   1.0   3.6
   1 1982 216 10872.  22.0  29.4   3.040   1.1   8.4
   1 1982 217 11916.  22.4  28.4   3.180   1.7  35.2
   1 1982 218  6264.  22.4  26.1   2.920   1.5  34.2
   1 1982 219  6480.  22.6  28.5   3.250   2.7  21.2
   1 1982 220 15048.  23.5  30.8   2.850   2.6   0.0
   1 1982 221  9396.  24.7  30.2   3.340   2.1   0.0
   1 1982 222 18180.  23.1  31.9   3.200   1.3   0.0
   1 1982 223 22356.  22.9  32.3   3.580   1.8   7.4
   1 1982 224 12528.  23.6  31.0   3.410   1.4   0.6
   1 1982 225 17748.  23.0  32.3   3.530   2.5   0.0
   1 1982 226 19620.  25.6  32.6   3.470   2.3   0.0
   1 1982 227 16488.  23.0  30.2   2.860   1.1   0.0
   1 1982 228 19836.  23.6  31.1   3.290   1.1   1.4
   1 1982 229 22752.  22.5  31.8   3.140   1.1   0.0
   1 1982 230 18792.  23.3  32.0   3.420   1.1   4.8
   1 1982 231 10440.  23.3  29.7   3.320   1.0  21.2
   1 1982 232 11484.  23.6  30.0   3.490   1.4   2.2
   1 1982 233 13572.  24.7  31.0   3.530   1.6  18.2
   1 1982 234 10440.  23.5  29.9   3.190   1.5  15.0
   1 1982 235  9180.  23.7  29.7   2.520   2.0  10.4
   1 1982 236 10656.  23.8  28.8   3.220   3.2  18.4
   1 1982 237 11916.  23.9  30.0   3.320   4.2   0.6
   1 1982 238 23796.  25.3  32.5   3.510   2.8   0.2
   1 1982 239 15228.  24.8  31.3   3.460   2.1   0.0
   1 1982 240 18792.  23.5  32.5   3.210   1.6   0.0
   1 1982 241 20664.  23.1  32.8   3.440   1.8   0.0
   1 1982 242 11052.  24.5  30.1   3.410   1.6   1.7
   1 1982 243 20052.  23.8  31.4   3.360   2.4   0.0
   1 1982 244  9612.  24.0  29.0   2.980   2.1   0.5
   1 1982 245 10440.  23.2  30.0   3.030   1.8   4.0
   1 1982 246  5652.  24.0  28.3   3.230   2.5  13.2
   1 1982 247  8964.  25.4  29.1   3.380   1.9  31.2
   1 1982 248 10440.  23.5  29.8   3.290   1.6   1.3
   1 1982 249  8964.  23.5  29.2   3.200   1.2   0.1
   1 1982 250  9612.  23.5  29.7   3.340   1.3  24.4
   1 1982 251 10008.  23.4  29.2   3.250   3.5 115.7
   1 1982 252  1044.  23.7  25.5   2.910   7.5 162.2
   1 1982 253 12096.  22.0  29.7   3.270   1.8   0.2
   1 1982 254 16092.  22.4  31.1   3.490   1.5   0.0
   1 1982 255 18360.  22.7  30.8   3.170   1.0   0.0
   1 1982 256 20268.  22.9  30.7   3.030   1.1   0.0
   1 1982 257 17964.  22.2  30.4   2.810   1.2  15.6
   1 1982 258 12312.  22.9  30.2   3.380   0.9   4.4
   1 1982 259 14184.  23.6  31.1   3.610   1.3   0.0
   1 1982 260 13356.  23.5  30.5   3.490   0.9  14.4
   1 1982 261 18576.  22.7  30.6   3.290   1.4   2.4
   1 1982 262 13356.  23.5  32.0   3.250   2.8   6.6
   1 1982 263 16704.  24.6  32.0   3.120   2.6   0.0
   1 1982 264 19620.  25.0  32.2   3.250   2.1   0.0
   1 1982 265 19224.  24.0  32.8   2.860   3.4   2.2
   1 1982 266 16704.  24.6  31.6   2.810   2.8   1.2
   1 1982 267 16272.  23.4  29.3   2.790   1.2   7.6
   1 1982 268 15228.  22.4  30.7   3.270   1.0  15.2
   1 1982 269 19620.  22.7  30.0   3.060   1.2   0.0
   1 1982 270 14832.  22.5  31.0   3.100   0.9   0.2
   1 1982 271 19224.  22.7  31.0   3.370   1.2   0.0
   1 1982 272 11268.  24.0  29.7   3.120   1.1   1.4
   1 1982 273  7740.  24.2  28.2   3.230   1.0  20.0
   1 1982 274 20664.  22.7  31.0   3.010   1.8   0.4
   1 1982 275  4392.  22.6  28.2   2.890   1.0  15.0
   1 1982 276 22140.  23.7  31.0   3.610   1.5   0.0
   1 1982 277 10656.  23.5  28.8   2.860   1.1   0.0
   1 1982 278 11052.  23.0  29.1   3.080   1.0   0.0
   1 1982 279 21708.  22.0  31.8   3.150   1.4   0.0
   1 1982 280 17532.  23.1  30.8   3.170   1.3   0.9
   1 1982 281 14616.  23.4  30.5   3.320   1.2   0.0
   1 1982 282 16092.  23.7  30.4   3.190   1.4   0.0
   1 1982 283 17964.  24.0  29.2   2.580   1.8   0.1
   1 1982 284 17532.  23.5  30.7   2.730   1.7   0.9
   1 1982 285 11484.  23.5  28.5   3.060   1.5   0.2
   1 1982 286  7920.  22.2  27.6   2.800   1.0   4.0
   1 1982 287 15048.  23.1  31.7   3.250   2.5   1.3
   1 1982 288 15444.  25.0  31.7   3.370   2.3   0.0
   1 1982 289 17316.  23.4  31.0   3.210   1.0   0.0
   1 1982 290 18360.  23.7  31.2   3.450   1.3   0.4
   1 1982 291 16920.  23.1  31.2   3.210   1.1   0.0
   1 1982 292 17532.  24.7  31.6   3.440   1.4   8.2
   1 1982 293 19404.  22.8  31.4   3.190   1.4   0.0
   1 1982 294 17532.  23.8  31.0   2.960   1.5   0.0
   1 1982 295 12528.  23.0  30.6   3.030   1.3   0.0
   1 1982 296 17316.  24.0  30.3   2.780   2.0   0.0
   1 1982 297 18792.  22.2  30.5   2.690   1.9   0.0
   1 1982 298 17136.  22.2  30.2   2.720   1.9   0.4
   1 1982 299  8964.  23.8  29.0   3.440   1.5   0.2
   1 1982 300 18576.  22.6  31.0   2.930   2.2   3.4
   1 1982 301 15048.  23.0  31.0   2.640   2.0   0.4
   1 1982 302 16272.  23.7  30.3   2.820   2.2   2.8
   1 1982 303  7092.  23.7  27.8   2.860   1.3  11.5
   1 1982 304 17316.  23.2  31.1   3.140   2.0   4.8
   1 1982 305 11268.  23.1  29.5   3.150   1.6   3.4
   1 1982 306 13140.  23.1  29.6   2.960   1.9   7.4
   1 1982 307 13788.  23.8  29.9   3.150   2.0   3.5
   1 1982 308  9828.  22.6  28.2   2.820   1.6   6.4
   1 1982 309 14184.  22.7  30.0   2.750   1.5   0.8
   1 1982 310 17748.  23.4  30.7   3.120   2.2   0.8
   1 1982 311 15660.  24.1  30.9   2.970   1.9   5.4
   1 1982 312 17964.  23.7  30.6   3.100   1.8   0.0
   1 1982 313 11268.  23.7  30.7   3.210   1.3   0.2
   1 1982 314 16488.  24.1  30.5   3.010   1.1   0.0
   1 1982 315 16920.  23.0  30.9   3.240   1.1   0.0
   1 1982 316 17136.  23.0  30.9   2.850   1.6   0.8
   1 1982 317  9612.  23.4  30.4   3.230   0.9  10.2
   1 1982 318 12744.  23.7  29.4   3.310   1.0  11.5
   1 1982 319 16920.  23.0  31.6   3.450   1.3   0.0
   1 1982 320 18792.  22.5  31.1   2.850   1.6   1.8
   1 1982 321  7524.  22.6  27.7   2.950   1.3   6.8
   1 1982 322 14184.  22.7  30.6   2.940   1.9   0.6
   1 1982 323 16704.  23.4  30.6   2.960   1.6   0.0
   1 1982 324 11484.  23.6  28.0   2.860   1.6   3.4
   1 1982 325 13140.  23.0  28.3   2.840   1.8   1.6
   1 1982 326 15660.  23.4  30.5   2.990   1.8   0.2
   1 1982 327 17964.  23.1  31.1   2.940   2.1   0.6
   1 1982 328 13356.  23.7  30.1   3.050   1.9   5.4
   1 1982 329  8784.  23.7  28.7   2.890   1.7   5.6
   1 1982 330  9396.  23.5  28.1   3.020   1.6   1.1
   1 1982 331  9180.  23.5  28.5   2.990   1.5   0.0
   1 1982 332 13788.  23.0  30.0   2.740   1.3   0.0
   1 1982 333 14184.  22.1  30.9   2.810   0.9   0.0
   1 1982 334 17964.  22.1  31.7   3.050   0.9   0.0
   1 1982 335 17316.  23.0  30.7   2.980   1.7   0.0
   1 1982 336 13140.  23.4  30.1   2.890   1.6   0.0
   1 1982 337 13356.  22.8  29.6   2.990   1.6   0.0
   1 1982 338 13572.  23.4  30.5   2.990   1.4   1.8
   1 1982 339 16092.  24.1  31.1   3.360   1.5   0.0
   1 1982 340 12960.  23.4  28.8   2.770   3.0   0.6
   1 1982 341 14616.  23.0  28.0   2.580   3.8   0.0
   1 1982 342  7308.  23.4  27.4   2.820   2.5  12.5
   1 1982 343  8568.  23.0  29.0   2.520   2.2   0.0
   1 1982 344 21312.  21.8  32.2   3.210   1.6   0.0
   1 1982 345 20880.  22.0  32.1   3.190   1.5   0.0
   1 1982 346 16092.  22.6  30.6   3.240   1.5   0.0
   1 1982 347  3132.  24.3  25.3   2.910   1.7  62.4
   1 1982 348 12744.  22.5  28.5   2.870   1.5   7.3
   1 1982 349  7524.  23.2  27.5   3.050   1.7  18.8
   1 1982 350 11268.  23.5  29.1   2.980   1.4   0.4
   1 1982 351 17316.  23.0  30.2   3.240   1.2   0.0
   1 1982 352  9828.  23.3  28.6   3.020   1.7   0.0
   1 1982 353  9828.  23.4  27.5   2.640   2.0   0.0
   1 1982 354 16920.  23.1  29.5   2.980   2.0   0.0
   1 1982 355 18792.  22.0  30.6   2.980   1.2   0.0
   1 1982 356 16092.  23.5  29.5   2.770   2.1   0.0
   1 1982 357  9396.  23.5  27.2   2.860   1.6   5.8
   1 1982 358 11916.  24.0  30.6   3.190   1.4   0.2
   1 1982 359 12096.  21.9  28.7   2.840   1.7   0.1
   1 1982 360 12312.  24.0  29.1   3.340   1.1   5.4
   1 1982 361  8784.  23.6  28.7   3.200   1.4   5.5
   1 1982 362 13356.  23.0  28.9   2.790   1.3   0.0
   1 1982 363 14832.  22.3  30.7   2.980   1.2   0.0
   1 1982 364 16092.  22.5  30.4   2.940   1.4   0.0
   1 1982 365 16092.  22.4  30.5   2.910   1.2   0.0
