*---------------------------------------------------------*
*   Country: Philippines
*   Station: IRRI wet station site
*      Year: 1985
*    Source: Agroclimate Service Unit of IRRI.
*    Author: Daniel van Kraalingen
* Longitude: 121 15 E
*  Latitude: 14 11 N
* Elevation: 21 m.
*  Comments: Original name of data used in IRRI: ORWET. 
*            Missing values were replaced with values from 
*            PHL2.985 (ORDRY site).
*
*  Columns:
*  ========
*  station number
*  year
*  day
*  irradiation (kJ m-2 d-1)
*  minimum temperature (degrees Celsius)
*  maximum temperature (degrees Celsius)
*  vapour pressure (kPa)
*  mean wind speed (m s-1)
*  precipitation (mm d-1)
** WCCDESCRIPTION=Philippines, IRRI wet station site
** WCCFORMAT=2
** WCCYEARNR=1985
*---------------------------------------------------------*
 121.25  14.18    21. -0.25 -0.45
   1 1985   1 11880.  21.6  27.6   2.490   1.1   0.1
   1 1985   2 12780.  20.1  27.7   2.270   0.8   0.0
   1 1985   3 10980.  21.2  28.2   2.520   0.6   0.5
   1 1985   4 14400.  19.9  27.6   2.390   0.8   0.0
   1 1985   5 10440.  21.2  26.9   2.570   1.0   0.4
   1 1985   6  9720.  21.0  26.2   2.290   0.9   3.0
   1 1985   7 14760.  18.5  27.2   2.090   1.4   0.0
   1 1985   8 18720.  18.2  27.5   2.090   1.4   0.0
   1 1985   9 16920.  17.6  26.3   2.070   1.4   0.0
   1 1985  10 19440.  17.9  28.4   2.080   0.8   0.0
   1 1985  11 18360.  17.0  29.3   2.130   0.9   0.0
   1 1985  12 17640.  18.8  28.4   2.210   1.3   0.0
   1 1985  13 17280.  19.5  28.1   2.080   1.4   0.0
   1 1985  14 11520.  18.0  27.1   2.170   2.2   0.1
   1 1985  15 10440.  20.8  26.7   2.370   1.7   0.7
   1 1985  16  9000.  20.1  26.5   2.320   1.9   0.0
   1 1985  17  5220.  22.0  26.0   2.510   1.4   0.0
   1 1985  18 11880.  22.4  29.5   2.640   1.0   0.0
   1 1985  19  7200.  23.4  27.6   2.610   2.5   0.0
   1 1985  20 13320.  22.7  28.0   2.430   2.1   0.0
   1 1985  21 13140.  21.0  28.2   2.430   2.3   0.0
   1 1985  22 11880.  21.0  27.7   2.490   1.6   0.1
   1 1985  23  8460.  22.9  27.9   2.680   1.5   0.0
   1 1985  24 16740.  22.3  29.2   2.670   2.1   0.0
   1 1985  25 17100.  21.7  28.2   2.470   2.1   1.0
   1 1985  26 12780.  21.0  28.8   2.690   1.7   4.2
   1 1985  27 11880.  22.0  28.9   2.660   1.2   0.2
   1 1985  28 11880.  22.8  28.4   2.610   1.8   0.0
   1 1985  29 13140.  21.5  29.1   2.520   2.1   0.0
   1 1985  30 12960.  22.4  28.1   2.470   2.1   2.0
   1 1985  31 13500.  22.0  28.0   2.530   2.0   0.7
   1 1985  32 12240.  22.3  29.0   2.580   1.5   0.0
   1 1985  33 16200.  21.9  30.5   2.740   1.9   3.3
   1 1985  34 17820.  22.5  29.5   2.550   1.9   0.0
   1 1985  35 18360.  22.6  30.6   2.790   1.9   0.6
   1 1985  36 16380.  22.2  31.4   2.560   1.5   0.0
   1 1985  37 18540.  22.1  32.7   2.740   1.1   0.0
   1 1985  38 21780.  22.5  30.7   2.630   2.2   0.0
   1 1985  39 12600.  21.2  30.2   2.560   1.1   0.0
   1 1985  40 20160.  21.7  31.0   2.430   1.6   0.0
   1 1985  41 21240.  20.6  30.7   2.440   2.3   0.0
   1 1985  42 21420.  22.3  30.5   2.410   2.4   0.0
   1 1985  43 19260.  21.9  30.9   2.650   1.9   0.0
   1 1985  44 20880.  21.5  30.7   2.430   2.0   0.0
   1 1985  45 19080.  21.0  30.9   2.490   2.2   0.0
   1 1985  46 17820.  23.0  31.5   2.690   1.8   0.0
   1 1985  47 20880.  21.9  31.4   2.580   1.7   0.0
   1 1985  48 20340.  20.9  30.6   2.480   2.4   0.0
   1 1985  49 18000.  22.5  31.3   2.550   1.8   0.0
   1 1985  50 18000.  21.1  30.5   2.570   1.7   0.0
   1 1985  51 14040.  23.8  29.0   2.700   1.4   0.0
   1 1985  52 22680.  21.5  31.5   2.550   1.4   0.0
   1 1985  53 21060.  21.5  31.0   2.550   1.9   0.0
   1 1985  54 14400.  21.6  29.6   2.480   1.4   0.0
   1 1985  55 13860.  23.0  30.5   2.610   1.7   0.6
   1 1985  56 19800.  22.5  30.9   2.770   2.0   1.1
   1 1985  57 10980.  22.2  30.5   2.690   1.3   0.0
   1 1985  58 19620.  23.0  32.5   2.730   1.7   0.0
   1 1985  59 18540.  22.0  31.5   2.570   2.2   0.0
   1 1985  60 15480.  23.0  30.5   2.730   1.9   0.5
   1 1985  61 22320.  21.9  31.4   2.660   2.2   0.0
   1 1985  62 23040.  21.7  31.0   2.550   2.1   0.0
   1 1985  63 22320.  22.1  30.7   2.480   2.1   0.0
   1 1985  64 21420.  22.0  30.5   2.600   2.0   0.0
   1 1985  65 21420.  22.0  30.1   2.540   3.0   0.0
   1 1985  66 21960.  23.6  31.0   2.560   2.5   3.4
   1 1985  67 15300.  22.9  29.5   2.860   1.8   2.4
   1 1985  68 14940.  22.0  29.4   2.690   1.8   5.2
   1 1985  69 13140.  22.8  28.5   2.680   1.9   5.0
   1 1985  70 13680.  21.9  29.0   2.580   1.6   0.3
   1 1985  71 21060.  21.5  30.4   2.620   1.9   0.0
   1 1985  72 18360.  22.6  30.0   2.840   1.8   0.1
   1 1985  73 22320.  23.0  31.0   2.800   1.8   0.0
   1 1985  74 18360.  21.9  29.9   2.510   2.0   3.8
   1 1985  75 19440.  22.4  30.4   2.700   1.5   2.0
   1 1985  76 13680.  22.9  29.7   2.750   1.4   1.4
   1 1985  77 23940.  23.7  31.9   2.690   2.0   0.1
   1 1985  78 16740.  22.7  30.3   2.860   1.1   5.9
   1 1985  79 21780.  23.7  31.8   2.860   1.7   0.0
   1 1985  80 22140.  23.1  32.2   2.820   1.7   0.0
   1 1985  81 21780.  22.5  32.3   2.680   1.4   0.0
   1 1985  82 23760.  21.2  31.3   2.700   2.2   0.0
   1 1985  83 22140.  24.1  31.0   2.840   2.1   0.0
   1 1985  84 16920.  24.3  30.2   2.980   1.6   0.0
   1 1985  85 22860.  23.4  31.9   2.880   1.7   0.0
   1 1985  86 19980.  22.6  32.6   2.720   1.1   0.0
   1 1985  87 21780.  22.2  33.0   2.770   1.1   0.0
   1 1985  88 23220.  22.4  31.5   2.670   1.8   0.0
   1 1985  89 23760.  22.5  31.7   2.650   1.8   0.0
   1 1985  90 22140.  23.1  32.0   2.840   1.7   0.2
   1 1985  91 11700.  23.3  28.6   2.720   1.2   0.8
   1 1985  92 19260.  23.5  32.3   2.860   1.3   0.0
   1 1985  93 19980.  22.7  32.7   2.860   1.2   0.0
   1 1985  94 23940.  23.2  32.2   2.820   1.5   0.2
   1 1985  95 20160.  23.9  31.2   2.900   1.7   0.0
   1 1985  96 24120.  23.4  32.2   2.780   1.4   0.0
   1 1985  97 20340.  24.0  32.6   2.810   1.2   0.0
   1 1985  98 22140.  23.7  33.0   2.770   1.1   0.0
   1 1985  99 21060.  23.5  32.8   2.950   1.1   0.0
   1 1985 100 21060.  24.9  33.5   3.060   0.9   0.0
   1 1985 101 21240.  23.3  33.5   2.900   1.1   3.4
   1 1985 102 23400.  24.0  32.0   2.780   1.6   0.0
   1 1985 103 22320.  23.5  33.0   2.890   1.2   0.0
   1 1985 104 17460.  24.0  33.0   2.800   1.3   4.5
   1 1985 105 25200.  24.0  32.5   2.850   2.0   5.9
   1 1985 106 20520.  23.7  32.0   2.910   1.3   0.0
   1 1985 107 18000.  23.9  32.6   2.910   0.9   0.0
   1 1985 108 22680.  23.7  32.8   2.810   1.3   0.0
   1 1985 109 15840.  23.5  31.5   2.790   0.9   0.2
   1 1985 110 25560.  23.7  31.3   2.660   1.6   0.0
   1 1985 111 16380.  20.7  31.4   2.670   0.8  19.2
   1 1985 112 18540.  23.0  32.5   2.990   0.9   5.6
   1 1985 113 12240.  23.5  31.3   2.920   0.5  43.9
   1 1985 114 11160.  23.0  30.0   2.890   0.6   0.5
   1 1985 115 16200.  24.4  30.2   2.810   1.4   0.0
   1 1985 116 19260.  23.8  32.2   2.850   1.1   0.0
   1 1985 117 13320.  24.0  30.5   2.890   1.0   2.8
   1 1985 118 23760.  23.2  30.9   2.670   1.5   0.0
   1 1985 119 23400.  23.0  31.1   2.690   1.6   0.0
   1 1985 120 19800.  23.5  30.1   2.750   1.3   0.0
   1 1985 121 22500.  24.2  32.2   2.930   1.4   0.0
   1 1985 122 22500.  23.0  32.9   2.890   0.9   0.2
   1 1985 123 19800.  23.8  31.9   3.030   0.8   0.0
   1 1985 124 19440.  24.1  32.6   2.940   0.7   0.0
   1 1985 125 14580.  25.1  30.8   3.060   0.9  13.6
   1 1985 126 10980.  24.3  29.5   2.910   0.6  19.6
   1 1985 127 24120.  23.5  31.4   2.750   1.5   0.0
   1 1985 128 22680.  23.7  31.5   2.810   1.6   0.0
   1 1985 129 13680.  24.1  32.1   2.930   0.9   2.2
   1 1985 130 16020.  24.4  30.3   3.050   1.1   2.0
   1 1985 131 23400.  23.0  31.4   2.710   1.5   0.0
   1 1985 132 19800.  23.8  30.5   2.780   1.4   0.0
   1 1985 133 18540.  24.1  32.0   2.910   1.3   0.0
   1 1985 134 25020.  24.5  32.1   3.000   1.3   0.0
   1 1985 135 23580.  23.8  32.0   2.910   1.7   0.0
   1 1985 136 20520.  23.7  31.5   2.770   1.6   0.0
   1 1985 137 13500.  23.8  29.7   2.700   1.5   2.6
   1 1985 138 16740.  24.5  30.6   3.070   1.2   6.9
   1 1985 139 25020.  22.9  31.5   2.720   1.5   0.0
   1 1985 140 24660.  24.8  32.5   3.010   1.1   0.0
   1 1985 141 24300.  24.8  32.7   2.910   1.2   0.0
   1 1985 142 22680.  24.0  32.6   2.830   1.4   0.0
   1 1985 143 24660.  24.0  32.8   2.840   1.3   0.0
   1 1985 144 24300.  23.1  32.8   2.890   0.8   0.0
   1 1985 145 22140.  23.6  33.4   2.960   1.0   0.0
   1 1985 146 19800.  24.4  33.7   2.980   0.7   0.0
   1 1985 147 13860.  23.9  33.6   3.030   0.6   6.6
   1 1985 148 17100.  23.3  34.5   2.910   0.5   0.0
   1 1985 149 16020.  24.5  34.0   2.940   0.5   0.0
   1 1985 150 19980.  23.5  33.0   2.910   0.9   0.0
   1 1985 151 19620.  24.7  33.4   2.920   0.9   0.0
   1 1985 152 14760.  23.8  32.3   3.060   0.6   6.9
   1 1985 153 21240.  23.1  33.1   3.000   0.7   0.0
   1 1985 154 20880.  23.2  34.0   2.820   0.7  13.5
   1 1985 155  9720.  23.4  30.5   2.990   0.1   0.2
   1 1985 156 20520.  23.5  33.0   2.870   0.6   0.0
   1 1985 157 20520.  24.6  33.8   3.040   0.7   0.0
   1 1985 158 11520.  24.8  32.8   3.030   1.0   0.1
   1 1985 159 20700.  25.5  34.2   3.080   1.6   5.8
   1 1985 160 14400.  24.1  31.5   2.840   0.5   0.0
   1 1985 161 18720.  24.1  31.5   2.970   0.6   0.3
   1 1985 162 18720.  23.5  33.3   2.810   1.1   0.0
   1 1985 163 22140.  24.2  33.9   2.900   1.1   0.0
   1 1985 164 16740.  23.8  34.0   2.950   1.1   0.0
   1 1985 165 17100.  24.0  32.5   2.910   1.4   0.1
   1 1985 166 21060.  24.2  32.6   2.830   1.5  21.4
   1 1985 167 13140.  23.1  32.0   2.840   1.1   0.2
   1 1985 168 11340.  24.0  30.8   2.880   1.5   1.8
   1 1985 169 16920.  24.6  31.8   2.890   1.8   1.2
   1 1985 170 15300.  24.5  31.7   2.910   1.7   0.0
   1 1985 171 15120.  24.2  31.5   2.890   2.0  18.2
   1 1985 172  8460.  24.2  29.0   2.940   4.4  54.4
   1 1985 173   720.  24.4  27.5   2.820   3.7  90.4
   1 1985 174  4320.  24.4  27.5   2.670   2.3  21.0
   1 1985 175 19080.  22.9  32.0   2.790   1.5   0.0
   1 1985 176 19800.  23.6  32.9   2.940   1.1   0.0
   1 1985 177 11160.  25.0  30.5   2.950   1.9  46.8
   1 1985 178  2340.  22.9  26.1   2.710   1.9 257.1
   1 1985 179  1080.  22.3  28.6   2.730   5.2 140.2
   1 1985 180 20340.  23.6  31.2   2.880   6.3   0.0
   1 1985 181 22860.  27.0  32.0   2.700   3.4   0.0
   1 1985 182 16740.  24.5  31.5   2.760   1.6   0.0
   1 1985 183 18720.  23.2  32.4   2.780   0.8   0.0
   1 1985 184 22500.  22.0  32.8   2.770   0.8   0.0
   1 1985 185 15660.  22.2  31.6   2.850   1.0  38.2
   1 1985 186   360.  22.5  24.5   2.780   1.7 213.3
   1 1985 187  8640.  22.2  28.4   2.710   1.4   2.8
   1 1985 188 11340.  27.9  30.2   3.260   2.2   6.8
   1 1985 189 26100.  24.5  32.6   2.820   1.2   0.6
   1 1985 190 15300.  22.9  31.2   2.850   0.8   1.2
   1 1985 191 24300.  22.7  31.9   2.780   2.2   5.7
   1 1985 192  8640.  22.0  30.2   2.810   1.6   3.4
   1 1985 193 15480.  23.2  31.5   2.810   0.8  10.2
   1 1985 194 20340.  21.7  31.8   2.730   0.8  17.0
   1 1985 195 19620.  22.0  32.0   2.750   1.0   4.0
   1 1985 196  8280.  23.5  27.9   2.840   1.7   8.6
   1 1985 197 20880.  22.3  31.0   2.790   1.4   0.1
   1 1985 198 22500.  22.4  32.1   2.850   2.2   0.0
   1 1985 199 18000.  23.5  33.0   2.920   1.2  11.0
   1 1985 200 13680.  23.5  30.1   2.940   0.8  16.8
   1 1985 201 14940.  22.5  29.6   2.870   2.2  20.0
   1 1985 202 22320.  22.7  32.2   2.850   1.4   0.0
   1 1985 203 21240.  23.5  32.5   2.870   0.9   0.0
   1 1985 204 19260.  24.2  32.8   3.080   0.9  10.5
   1 1985 205 20340.  23.0  32.0   2.960   1.0   1.6
   1 1985 206 16560.  24.3  31.5   3.040   1.0  15.0
   1 1985 207 19440.  22.1  32.0   2.850   1.0   0.0
   1 1985 208 19440.  22.9  31.9   2.870   1.0   0.2
   1 1985 209 18180.  23.2  31.8   2.940   0.7   0.0
   1 1985 210 16920.  23.2  31.5   2.990   1.1   1.8
   1 1985 211 16380.  23.0  31.7   2.990   0.8   2.0
   1 1985 212 14400.  22.0  30.5   2.810   0.9   0.2
   1 1985 213 22500.  23.1  33.2   2.810   1.1   0.0
   1 1985 214 12240.  22.7  31.0   2.870   0.8   8.0
   1 1985 215 10080.  23.5  28.5   2.790   1.0   2.4
   1 1985 216 19620.  22.8  32.0   2.830   1.1   0.0
   1 1985 217 15480.  23.4  31.0   2.780   1.6   0.5
   1 1985 218 18540.  24.1  31.6   2.880   1.7   0.0
   1 1985 219 12780.  24.4  31.0   2.940   1.5  20.8
   1 1985 220 11160.  23.7  30.2   2.870   1.7   0.8
   1 1985 221  8820.  24.6  30.1   2.850   1.1   3.8
   1 1985 222  9540.  23.7  29.1   2.820   1.9   9.2
   1 1985 223 12240.  23.6  30.5   2.830   2.1   0.0
   1 1985 224 14400.  25.3  31.0   2.830   1.8   0.0
   1 1985 225 16020.  24.5  32.1   2.910   1.9   0.0
   1 1985 226 16020.  24.0  32.4   2.930   1.1   0.8
   1 1985 227 20160.  22.8  33.5   2.870   1.1   0.0
   1 1985 228 21600.  23.0  33.0   2.870   1.2   0.0
   1 1985 229 15480.  23.6  31.8   2.920   1.1   2.2
   1 1985 230 17100.  23.4  32.6   2.910   1.5   0.0
   1 1985 231 14760.  24.2  31.0   2.860   1.9   2.4
   1 1985 232 14580.  25.5  31.5   3.020   2.7   0.0
   1 1985 233 23400.  26.7  33.0   3.100   2.5   4.2
   1 1985 234  7740.  25.5  30.5   3.160   1.8   6.0
   1 1985 235 15840.  25.5  31.5   3.000   2.2   0.0
   1 1985 236 21420.  24.4  33.0   2.990   2.1   0.0
   1 1985 237 23220.  26.1  32.6   2.990   2.0   0.0
   1 1985 238 18000.  24.8  32.3   3.030   2.9   0.0
   1 1985 239 21420.  27.2  33.0   3.030   2.3   0.0
   1 1985 240 21060.  26.4  32.6   3.180   2.1   0.0
   1 1985 241 20160.  25.1  33.0   3.160   1.3   0.0
   1 1985 242 16920.  24.6  33.0   3.090   1.3   0.0
   1 1985 243 22320.  22.9  33.6   2.910   1.3   0.0
   1 1985 244 20700.  22.7  32.0   2.850   1.3   1.2
   1 1985 245  5940.  23.8  29.6   3.030   2.2  11.3
   1 1985 246  5580.  23.9  28.9   2.840   3.7   6.4
   1 1985 247 13320.  24.2  30.6   2.810   1.9   0.6
   1 1985 248 18540.  23.1  32.0   2.860   1.5   0.0
   1 1985 249 21420.  22.6  32.9   2.860   2.1   1.2
   1 1985 250  7560.  24.1  29.4   3.070   0.6   1.8
   1 1985 251 11880.  22.7  29.5   2.960   0.9 121.2
   1 1985 252 21060.  22.5  30.7   2.790   2.0   0.0
   1 1985 253 11700.  22.8  30.0   2.930   1.0  16.4
   1 1985 254  9180.  23.6  30.5   3.080   0.9   7.8
   1 1985 255 15480.  23.2  29.1   3.030   1.2   2.1
   1 1985 256  8820.  23.1  29.0   3.030   0.8  17.4
   1 1985 257 13500.  23.2  29.0   2.960   1.0   1.8
   1 1985 258 16920.  23.7  30.0   3.050   1.0   5.8
   1 1985 259 14760.  22.6  30.5   2.860   1.3   0.0
   1 1985 260 14400.  22.2  30.9   2.960   1.6   2.7
   1 1985 261 11880.  24.0  29.8   3.070   0.7  18.6
   1 1985 262 17820.  23.5  31.4   2.970   1.4   0.3
   1 1985 263 16920.  22.6  31.2   2.940   0.8   0.9
   1 1985 264 11700.  23.7  32.1   3.060   0.9   0.6
   1 1985 265 21420.  23.3  31.6   2.970   1.5   1.1
   1 1985 266 18360.  24.0  31.1   3.010   1.4   0.0
   1 1985 267 19260.  23.4  32.1   2.910   1.1   0.0
   1 1985 268 20700.  22.9  31.9   2.760   0.7   0.0
   1 1985 269 12600.  23.5  30.6   2.710   0.9  10.8
   1 1985 270 17820.  22.7  32.2   2.900   1.4   0.8
   1 1985 271 15300.  23.4  31.4   2.990   0.9   0.6
   1 1985 272 14940.  22.8  31.3   2.830   0.6   0.0
   1 1985 273 18540.  21.9  31.6   2.780   0.8   7.6
   1 1985 274  9540.  23.2  29.9   2.730   0.7   6.1
   1 1985 275 14760.  23.9  31.9   3.060   1.1   0.3
   1 1985 276 15660.  24.0  31.4   2.940   0.9   0.0
   1 1985 277 21060.  21.8  32.1   2.710   0.9   0.0
   1 1985 278 17280.  22.5  31.6   2.760   0.8  13.8
   1 1985 279     1.   1.0   1.0   3.000   1.0   1.0
   1 1985 279 18720.  23.5  31.6   2.910   1.5   0.0
   1 1985 280 11700.  23.6  29.7   2.920   0.8   9.2
   1 1985 281     1.   1.0   1.0   1.000   1.0   1.0
   1 1985 281 15120.  23.7  29.8   2.800   1.4  31.0
   1 1985 282 10620.  23.7  29.7   2.800   1.3   5.4
   1 1985 283 11880.  23.8  29.9   2.730   1.2   2.0
   1 1985 284 11880.  23.7  30.2   2.830   1.3   9.0
   1 1985 285  2880.  24.0  26.3   2.690   1.3  17.4
   1 1985 286 16920.  23.0  30.5   2.590   1.5   0.0
   1 1985 287 12780.  25.7  30.1   2.950   1.0  49.8
   1 1985 288 15840.  23.3  30.6   2.890   1.0   6.3
   1 1985 289 20880.  21.9  30.8   2.810   1.2   0.0
   1 1985 290 13680.  22.0  30.7   2.630   1.3  13.2
   1 1985 291  3780.  22.9  27.0   2.410   3.8  94.3
   1 1985 292  6660.  22.1  27.6   2.550   2.2   5.0
   1 1985 293 14760.  23.4  30.6   2.750   1.4   1.0
   1 1985 294 19080.  22.9  30.8   2.620   1.3   9.0
   1 1985 295  8100.  22.9  27.4   2.680   0.8  14.2
   1 1985 296 11700.  22.8  29.1   2.690   1.2  40.3
   1 1985 297  4860.  22.4  27.7   2.600   1.0   7.4
   1 1985 298 15120.  22.0  31.5   2.710   1.2   0.0
   1 1985 299 19260.  22.0  32.5   2.810   1.5   0.0
   1 1985 300 17640.  23.5  32.2   2.720   1.0   1.0
   1 1985 301 21060.  23.8  32.0   2.760   1.0   0.0
   1 1985 302 13680.  22.9  30.5   2.770   0.6   0.0
   1 1985 303 18540.  22.2  32.0   2.870   0.9   0.0
   1 1985 304 15840.  22.9  31.5   2.830   1.1   0.0
   1 1985 305 16380.  23.0  30.0   2.790   1.3   4.4
   1 1985 306 10800.  23.4  29.0   2.690   2.9   4.1
   1 1985 307 10980.  23.4  28.7   2.670   1.0   4.2
   1 1985 308     1.   1.0   1.0   3.000   1.0   1.0
   1 1985 308 10440.  22.2  29.2   2.720   1.2   4.0
   1 1985 309 11700.  22.6  28.7   2.750   1.5  10.6
   1 1985 310     1.   1.0   1.0   1.000   1.0   1.0
   1 1985 310 15660.  22.5  30.5   2.560   1.3   0.0
   1 1985 311 11700.  22.6  29.5   2.710   1.4   2.8
   1 1985 312 15300.  23.3  30.5   2.690   1.5   0.0
   1 1985 313 16740.  21.8  30.8   2.480   1.2   0.0
   1 1985 314 16920.  22.6  30.6   2.680   1.4   0.0
   1 1985 315 12420.  23.2  29.8   2.720   1.5   0.0
   1 1985 316 17100.  22.9  30.7   2.680   1.5   0.0
   1 1985 317 16020.  22.3  30.5   2.670   1.5  32.4
   1 1985 318 12780.  23.4  29.8   2.750   1.7   8.6
   1 1985 319  5580.  24.0  28.5   2.910   1.0  11.8
   1 1985 320 10440.  23.0  29.5   2.690   1.0   1.4
   1 1985 321 14760.  22.5  30.2   2.650   0.9   2.0
   1 1985 322 14220.  22.7  30.9   2.630   0.9  10.4
   1 1985 323  9000.  22.8  28.1   2.560   1.5   0.2
   1 1985 324 13500.  23.0  29.6   2.600   1.7   0.1
   1 1985 325  3420.  23.3  27.5   2.630   1.1   8.0
   1 1985 326 11160.  23.2  29.4   2.820   1.0   6.3
   1 1985 327  9180.  23.3  30.3   2.630   0.8   6.6
   1 1985 328 15840.  22.5  31.5   2.730   0.7  11.2
   1 1985 329 13860.  22.4  31.5   2.670   0.9   0.0
   1 1985 330 14760.  23.1  31.1   2.670   1.3   0.8
   1 1985 331 10800.  23.5  30.1   2.710   1.2   6.6
   1 1985 332 14220.  23.0  30.9   2.690   1.4   1.4
   1 1985 333 10800.  23.0  29.5   2.600   1.7   0.1
   1 1985 334 10080.  21.5  29.5   2.430   1.4   0.8
   1 1985 335 14580.  21.0  30.2   2.380   1.5   1.1
   1 1985 336 11520.  21.8  30.0   2.540   1.1  14.0
   1 1985 337  7020.  23.5  28.5   2.670   1.2   1.3
   1 1985 338  7560.  22.5  27.7   2.550   1.1   4.0
   1 1985 339 11340.  23.4  29.1   2.700   0.8  10.0
   1 1985 340 11160.  23.0  30.5   2.780   0.5   5.6
   1 1985 341 15660.  23.0  31.0   2.800   0.9   7.2
   1 1985 342 15300.  22.0  31.0   2.610   0.7   0.0
   1 1985 343 10260.  23.4  28.4   2.620   1.7   0.6
   1 1985 344  3420.  23.7  26.2   2.720   1.0  12.6
   1 1985 345  5760.  22.7  27.6   2.660   1.1  20.2
   1 1985 346  6660.  22.7  27.6   2.560   0.6  11.4
   1 1985 347 10440.  22.4  29.1   2.520   1.2   1.1
   1 1985 348 15660.  23.1  30.7   2.640   1.0   0.3
   1 1985 349  9360.  22.5  28.6   2.610   2.8   0.6
   1 1985 350  6840.  22.1  25.5   2.300   3.2   0.0
   1 1985 351  8640.  21.4  24.9   2.130   2.5   0.0
   1 1985 352 10080.  20.6  26.3   2.110   1.9   0.0
   1 1985 353 10620.  20.3  27.1   2.240   1.6   0.0
   1 1985 354 11700.  20.9  27.0   2.160   1.8   0.0
   1 1985 355 15120.  20.0  27.0   1.970   2.0   0.0
   1 1985 356 14760.  18.2  28.5   2.030   1.1   0.0
   1 1985 357 12060.  19.7  28.8   2.170   1.8   0.0
   1 1985 358 16560.  21.5  26.6   2.030   2.5   0.0
   1 1985 359 17640.  18.5  26.6   1.960   1.9   0.0
   1 1985 360 16920.  17.5  27.7   2.000   1.4   0.0
   1 1985 361 10800.  20.9  28.0   2.290   1.2   0.0
   1 1985 362 14580.  20.5  28.7   2.300   1.8   0.4
   1 1985 363 12780.  21.7  29.9   2.520   1.9   0.0
   1 1985 364 10260.  23.5  29.7   2.700   1.3   0.0
   1 1985 365 13680.  22.2  30.5   2.480   1.4   0.0
