*---------------------------------------------------------*
*   Country: Philippines
*   Station: IRRI wet station site
*      Year: 1988
*    Source: Agroclimate Service Unit of IRRI.
*    Author: Daniel van Kraalingen
* Longitude: 121 15 E
*  Latitude: 14 11 N
* Elevation: 21 m.
*  Comments: Original name of data used in IRRI: ORWET.
*
*  Columns:
*  ========
*  station number
*  year
*  day
*  irradiation (kJ m-2 d-1)
*  minimum temperature (degrees Celsius)
*  maximum temperature (degrees Celsius)
*  vapour pressure (kPa)
*  mean wind speed (m s-1)
*  precipitation (mm d-1)
** WCCDESCRIPTION=Philippines, IRRI wet station site
** WCCFORMAT=2
** WCCYEARNR=1988
*---------------------------------------------------------*
 121.25  14.18    21. -0.25 -0.45
   1 1988   1  9360.  24.3  30.2   2.870   1.1   0.1
   1 1988   2 16920.  21.9  30.4   2.700   1.2   0.0
   1 1988   3 17640.  22.1  29.5   2.590   1.8   0.2
   1 1988   4 11340.  22.2  28.2   2.690   1.5   0.1
   1 1988   5 11700.  23.5  28.5   2.770   1.7   0.4
   1 1988   6 12240.  23.0  27.8   2.730   1.5   5.4
   1 1988   7 14940.  22.5  30.3   2.820   1.3   1.0
   1 1988   8 10980.  23.5  29.0   2.840   0.9  17.2
   1 1988   9  8460.  23.4  27.4   2.940   0.8  11.6
   1 1988  10  5580.  23.7  26.5   2.880   0.8  60.9
   1 1988  11 15480.  23.5  29.4   2.770   1.4   5.9
   1 1988  12 19620.  22.5  30.5   2.750   1.3   0.0
   1 1988  13 13680.  22.8  29.9   2.770   1.5   0.8
   1 1988  14  9360.  23.8  27.7   2.840   1.2   3.3
   1 1988  15  9900.  22.9  28.1   2.580   1.3   0.0
   1 1988  16  5940.  22.2  27.0   2.570   2.1  92.2
   1 1988  17 10440.  22.5  29.4   2.990   1.5   2.3
   1 1988  18  8100.  24.1  28.4   3.010   1.1   1.4
   1 1988  19 18900.  22.8  31.0   2.760   1.3   0.0
   1 1988  20 20160.  22.8  30.3   2.630   1.6   0.0
   1 1988  21 19260.  23.0  31.5   2.830   1.1   0.0
   1 1988  22 17280.  24.0  31.7   3.010   0.9   0.0
   1 1988  23 17640.  23.5  31.8   2.970   1.2   0.0
   1 1988  24 11700.  25.0  28.9   3.120   1.5   8.2
   1 1988  25  9180.  24.1  28.4   3.080   1.0   9.3
   1 1988  26 10620.  24.7  29.5   2.920   1.0   0.0
   1 1988  27 19080.  22.6  30.5   2.770   1.5   0.0
   1 1988  28 15480.  22.5  31.0   2.730   1.5   0.0
   1 1988  29 20880.  23.5  31.3   2.770   1.8   0.0
   1 1988  30 21420.  23.8  30.5   2.630   2.1   0.0
   1 1988  31 21060.  21.0  30.5   2.430   1.8   0.2
   1 1988  32 12600.  22.3  28.9   2.610   1.4   2.2
   1 1988  33 21420.  21.8  30.2   2.450   1.0   0.0
   1 1988  34 12600.  21.1  28.7   2.490   1.7   1.0
   1 1988  35 12060.  22.5  27.9   2.710   1.0   1.0
   1 1988  36 19260.  21.8  31.7   2.610   0.8   0.0
   1 1988  37 17280.  23.3  31.7   2.850   0.7   0.2
   1 1988  38 19620.  23.0  30.2   2.750   1.4   0.0
   1 1988  39 18720.  22.3  30.5   2.550   1.0   0.0
   1 1988  40 20520.  22.4  31.3   2.520   1.2   0.0
   1 1988  41 16740.  22.7  30.6   2.700   1.2   0.2
   1 1988  42 17100.  24.0  31.0   2.990   1.6   1.4
   1 1988  43 17100.  23.7  30.0   2.980   1.3   0.0
   1 1988  44 21420.  23.7  31.4   2.840   1.4   0.0
   1 1988  45 18180.  22.3  31.5   2.800   1.2   0.0
   1 1988  46 16560.  23.4  30.0   2.770   2.0   0.0
   1 1988  47 21600.  22.3  31.5   2.550   1.7   0.0
   1 1988  48 18000.  23.5  31.5   2.640   1.7   8.4
   1 1988  49 20880.  22.9  30.2   2.630   2.2   0.0
   1 1988  50 19260.  22.4  31.0   2.660   2.0   7.4
   1 1988  51 16740.  22.0  30.7   2.600   1.1   0.4
   1 1988  52 21420.  23.0  30.5   2.820   1.6   0.0
   1 1988  53 22500.  23.0  30.4   2.730   1.6   0.0
   1 1988  54 18000.  22.2  30.9   2.540   1.5   0.0
   1 1988  55 19260.  23.0  30.4   2.630   1.9   2.4
   1 1988  56 14040.  22.5  29.6   2.570   1.5   2.8
   1 1988  57 15480.  22.9  30.5   2.720   0.8   2.0
   1 1988  58 16560.  21.3  30.5   2.690   1.5   0.0
   1 1988  59 23940.  21.6  30.2   2.340   1.9   0.0
   1 1988  60 22860.  21.2  30.4   2.460   2.1   0.0
   1 1988  61 17280.  21.0  30.5   2.380   1.6   0.0
   1 1988  62 18180.  22.4  30.9   2.610   1.5   0.0
   1 1988  63 22140.  22.5  31.0   2.610   1.8   0.0
   1 1988  64 24120.  22.4  30.9   2.520   1.7   0.0
   1 1988  65 15840.  22.6  30.5   2.610   1.3   0.0
   1 1988  66 21240.  22.1  31.0   2.580   1.5   0.0
   1 1988  67 14940.  22.5  29.8   2.590   1.6   0.0
   1 1988  68 10080.  23.4  26.2   2.720   0.9   7.0
   1 1988  69 18720.  23.0  29.6   2.740   1.6   0.7
   1 1988  70 16740.  22.7  31.0   2.500   1.6   0.0
   1 1988  71 23940.  22.8  31.5   2.740   1.6   0.0
   1 1988  72 15300.  24.2  32.0   2.850   1.0   0.0
   1 1988  73 21960.  23.2  31.7   2.740   1.5   0.0
   1 1988  74 22500.  23.0  32.0   2.740   1.7   0.0
   1 1988  75 23220.  23.4  32.0   2.710   1.8   0.0
   1 1988  76 16020.  22.6  32.0   2.760   1.7   0.0
   1 1988  77 18180.  23.8  33.0   2.710   1.3   0.0
   1 1988  78 21960.  22.9  31.2   2.580   1.7   0.0
   1 1988  79 22140.  22.5  32.0   2.720   1.8   0.0
   1 1988  80 24480.  22.0  31.0   2.550   1.9   0.0
   1 1988  81 22500.  22.7  31.4   2.620   1.8   0.0
   1 1988  82 19080.  22.1  32.0   2.690   1.2   1.6
   1 1988  83 24480.  22.9  31.1   2.500   2.4   0.0
   1 1988  84 24300.  22.4  32.0   2.530   2.0   0.0
   1 1988  85 24120.  23.1  32.0   2.620   1.6   0.0
   1 1988  86 22320.  21.4  30.5   2.420   1.4   0.1
   1 1988  87 18360.  22.8  31.0   2.520   1.7   0.1
   1 1988  88 18900.  21.6  31.5   2.470   1.3   0.0
   1 1988  89 22500.  22.5  32.9   2.550   1.0   0.0
   1 1988  90 21780.  24.2  33.0   2.840   1.5   0.0
   1 1988  91 22680.  23.4  31.5   2.640   1.5   0.0
   1 1988  92 23040.  23.2  31.8   2.630   1.8   0.0
   1 1988  93 16920.  23.2  31.3   2.700   1.7   0.0
   1 1988  94 15300.  24.6  32.2   2.980   1.4   0.0
   1 1988  95 12240.  24.9  32.0   2.920   0.7   1.2
   1 1988  96 13320.  24.7  32.4   2.860   1.2   0.2
   1 1988  97 19080.  23.9  34.0   2.760   1.3   0.0
   1 1988  98 18900.  23.5  33.4   2.760   1.0   0.0
   1 1988  99 21420.  23.9  32.7   2.750   1.5   0.0
   1 1988 100 13140.  24.2  30.0   2.940   1.5  19.9
   1 1988 101  8100.  23.4  28.1   2.870   1.2  24.2
   1 1988 102  7560.  24.0  27.0   2.900   1.0  48.2
   1 1988 103 22320.  23.0  31.7   2.940   1.6   2.4
   1 1988 104 23940.  24.3  32.0   2.870   1.6   0.0
   1 1988 105 22500.  24.3  31.6   2.890   2.0   0.0
   1 1988 106 23040.  24.5  31.7   2.890   1.9   0.7
   1 1988 107 23220.  24.9  32.1   3.000   2.1   0.0
   1 1988 108 21960.  24.8  32.0   2.860   1.4   0.2
   1 1988 109 25200.  23.6  33.2   2.710   1.0   0.0
   1 1988 110 18900.  24.0  33.0   2.960   0.8   3.4
   1 1988 111 21600.  24.4  34.2   2.810   1.2   0.0
   1 1988 112 20340.  25.2  33.5   3.200   1.2   0.0
   1 1988 113 21420.  24.2  33.5   3.370   1.1   0.0
   1 1988 114 21060.  23.7  34.3   2.960   1.2   0.0
   1 1988 115 16200.  25.3  33.5   3.240   0.9   0.8
   1 1988 116 19800.  25.0  32.0   3.110   2.1  10.3
   1 1988 117 24480.  24.8  33.0   2.950   2.2   0.0
   1 1988 118 21600.  25.5  33.0   2.810   1.9   0.2
   1 1988 119 22860.  24.5  33.5   2.800   1.7   0.0
   1 1988 120 20520.  24.8  34.0   2.990   1.6   0.0
   1 1988 121 17460.  25.5  33.1   2.980   1.2   1.4
   1 1988 122 23760.  25.4  33.9   3.000   1.7   0.0
   1 1988 123 23580.  25.1  33.7   2.870   1.8   1.9
   1 1988 124 25020.  24.0  33.5   2.890   1.7   0.0
   1 1988 125 23400.  24.2  33.5   2.830   1.2   0.0
   1 1988 126 22500.  24.8  34.4   2.920   1.4   0.0
   1 1988 127 23760.  25.3  33.5   2.850   2.0   0.0
   1 1988 128 19620.  25.3  34.6   3.050   1.1  10.2
   1 1988 129 22860.  25.4  34.7   2.940   1.1   0.0
   1 1988 130 24300.  25.0  34.5   3.170   1.3   0.0
   1 1988 131 22680.  26.0  34.9   3.190   1.3   0.0
   1 1988 132 21780.  25.8  34.2   3.140   1.3   0.0
   1 1988 133 25740.  24.9  34.8   2.950   1.4   0.0
   1 1988 134 24660.  25.0  34.2   2.970   1.8   0.0
   1 1988 135 22500.  25.5  32.6   3.100   1.8   0.0
   1 1988 136 25020.  26.0  34.0   3.010   2.1   0.0
   1 1988 137 24120.  25.3  34.0   3.090   1.8   7.7
   1 1988 138 19440.  25.5  34.0   3.100   1.3   1.5
   1 1988 139 23580.  25.7  34.0   3.160   1.7   0.0
   1 1988 140 19080.  25.8  34.0   3.250   1.1   4.0
   1 1988 141 18000.  25.9  34.0   3.140   0.6   0.0
   1 1988 142 20160.  25.0  34.5   3.020   1.4   0.0
   1 1988 143 12960.  25.6  34.6   3.160   0.9   2.8
   1 1988 144 19080.  23.5  33.4   2.980   1.4  36.5
   1 1988 145 20520.  25.0  33.0   3.000   1.5   0.5
   1 1988 146 15480.  25.0  33.8   3.080   0.8   0.0
   1 1988 147 17100.  25.0  34.1   3.190   1.1   1.2
   1 1988 148 16920.  25.0  33.5   3.080   0.9   0.0
   1 1988 149 16380.  24.0  34.3   2.880   1.6   0.0
   1 1988 150 13860.  26.0  33.4   3.050   2.0   2.2
   1 1988 151  9720.  25.4  32.3   3.030   2.0   6.8
   1 1988 152 11700.  25.5  31.0   3.000   2.3  17.7
   1 1988 153 12420.  24.3  30.8   2.840   2.7  28.4
   1 1988 154  6120.  25.0  30.3   2.940   3.0  39.0
   1 1988 155  3240.  24.0  29.0   3.010   1.3  26.5
   1 1988 156  7560.  24.0  27.1   3.020   0.8  16.5
   1 1988 157 12420.  22.5  30.0   2.810   1.4   6.3
   1 1988 158 16380.  24.6  30.8   2.940   1.3   0.0
   1 1988 159 18000.  23.5  32.8   2.910   1.1   8.0
   1 1988 160 13500.  24.4  30.4   3.070   1.0  21.6
   1 1988 161 15660.  24.6  31.7   3.100   0.8   0.0
   1 1988 162 20520.  24.8  32.8   3.130   1.1   0.0
   1 1988 163 19800.  24.8  33.5   3.080   1.0   0.0
   1 1988 164 15660.  24.6  31.7   3.170   0.8   0.6
   1 1988 165 18360.  24.1  32.0   3.020   0.9   6.4
   1 1988 166 18360.  25.2  32.6   3.110   1.4   7.5
   1 1988 167 19980.  24.5  31.7   2.930   1.4  14.8
   1 1988 168 18180.  24.0  32.2   2.780   0.9   0.0
   1 1988 169 24660.  24.5  32.9   3.070   1.1  10.5
   1 1988 170 18360.  23.7  32.4   2.850   0.7   1.4
   1 1988 171 22320.  24.0  32.5   3.040   1.0   5.9
   1 1988 172 20700.  25.0  33.2   3.100   1.0   1.4
   1 1988 173 23580.  25.0  33.6   2.940   1.4  11.0
   1 1988 174 11880.  24.4  31.0   2.970   1.4   0.0
   1 1988 175 13680.  26.0  32.2   3.260   1.9   1.1
   1 1988 176 18000.  24.5  32.7   2.900   1.4   0.0
   1 1988 177 17460.  24.4  32.9   2.950   1.1   0.0
   1 1988 178 23040.  23.7  32.7   2.950   1.2   4.8
   1 1988 179 21420.  23.4  32.7   2.930   1.3  39.7
   1 1988 180 17280.  24.2  30.1   2.830   2.1   0.0
   1 1988 181 18180.  24.4  32.7   3.070   0.9   2.7
   1 1988 182 23760.  23.8  34.4   2.900   1.0   1.4
   1 1988 183 14760.  25.0  30.5   3.060   0.7   1.0
   1 1988 184 19260.  23.4  31.9   3.010   0.9   4.6
   1 1988 185 17820.  24.0  32.5   3.040   1.1   0.6
   1 1988 186 11160.  24.5  31.1   3.050   0.9  18.8
   1 1988 187 15480.  24.9  31.6   3.040   0.6   0.0
   1 1988 188 23580.  24.3  33.9   3.000   1.0   0.0
   1 1988 189 15660.  24.4  32.0   3.140   0.7  16.2
   1 1988 190 21960.  24.0  33.1   3.090   1.3   0.0
   1 1988 191 16920.  24.5  32.5   3.110   1.1  18.5
   1 1988 192 17820.  24.0  31.8   3.120   0.8   0.0
   1 1988 193 15660.  24.2  31.4   3.120   0.9  14.7
   1 1988 194 16200.  23.1  30.8   2.920   0.7  15.2
   1 1988 195 15840.  23.0  30.7   2.940   0.6   3.7
   1 1988 196 21960.  23.5  32.9   2.870   0.8   0.0
   1 1988 197 15660.  24.5  32.1   2.940   0.9   0.2
   1 1988 198 19620.  24.3  32.5   2.980   0.8   0.0
   1 1988 199 12240.  24.3  31.6   3.020   1.7   7.0
   1 1988 200  9540.  24.7  30.7   2.860   1.6   0.6
   1 1988 201 19800.  24.5  32.3   3.020   1.4   0.2
   1 1988 202 19620.  24.0  32.0   2.930   1.1   1.0
   1 1988 203 21060.  24.5  33.3   2.970   1.3  10.5
   1 1988 204 16920.  24.6  30.5   2.990   1.0   0.8
   1 1988 205 19080.  24.2  33.0   2.960   0.8   1.0
   1 1988 206 16380.  24.5  31.8   2.950   1.0  10.4
   1 1988 207 15300.  23.7  30.6   2.990   1.0  11.8
   1 1988 208 20160.  23.5  32.5   2.870   1.5  15.2
   1 1988 209 23220.  25.0  32.0   3.040   1.8   0.0
   1 1988 210 10080.  26.5  30.0   3.040   1.6   6.9
   1 1988 211  5760.  24.3  28.5   2.890   1.7  22.6
   1 1988 212 13320.  22.7  29.5   2.910   1.6   1.8
   1 1988 213 16020.  24.5  29.8   2.780   2.1   0.0
   1 1988 214 11880.  23.8  30.6   2.780   1.0   0.0
   1 1988 215 18900.  24.0  32.7   2.860   1.1   0.0
   1 1988 216 20340.  23.8  32.2   2.800   0.7   0.0
   1 1988 217 19980.  25.2  33.0   2.900   1.1  10.9
   1 1988 218 20880.  23.5  32.5   2.720   1.3   0.0
   1 1988 219 18360.  24.6  31.0   2.650   0.8   6.9
   1 1988 220 17100.  23.5  32.3   2.820   1.1   9.1
   1 1988 221 15660.  23.8  32.0   2.820   0.9   3.9
   1 1988 222 17640.  24.0  33.0   2.840   0.9   0.0
   1 1988 223 19080.  23.6  33.0   2.690   0.8   0.0
   1 1988 224 21240.  23.0  31.8   2.810   0.8   0.0
   1 1988 225 17460.  24.2  32.4   3.000   1.5  23.1
   1 1988 226 15480.  23.6  32.0   2.820   0.2   2.1
   1 1988 227 18900.  24.0  31.6   2.910   1.0  26.9
   1 1988 228 19260.  24.4  32.1   2.960   1.1   6.2
   1 1988 229  9900.  24.4  29.1   2.890   0.7   0.0
   1 1988 230 18000.  23.5  31.4   2.860   1.0   0.0
   1 1988 231 22680.  23.5  33.0   2.790   0.8   0.0
   1 1988 232 24480.  23.6  33.8   2.760   1.0   0.0
   1 1988 233 22140.  24.5  33.5   2.840   1.0   0.0
   1 1988 234 15120.  25.5  32.4   3.040   0.8   5.1
   1 1988 235 11340.  24.8  31.1   2.990   0.7   5.8
   1 1988 236 14220.  24.5  31.7   2.830   0.8   0.0
   1 1988 237 18360.  24.1  33.0   2.860   1.0  10.3
   1 1988 238 14400.  23.5  31.5   2.750   1.1  47.2
   1 1988 239 12240.  23.4  30.7   2.800   0.8   2.6
   1 1988 240  8820.  23.5  29.0   2.810   0.4   4.2
   1 1988 241 17280.  23.0  31.1   2.670   0.6   2.6
   1 1988 242 24120.  22.5  33.0   2.620   0.9   0.0
   1 1988 243 23580.  24.1  33.0   2.860   0.9  23.0
   1 1988 244 24300.  24.0  32.8   2.750   1.1   0.0
   1 1988 245 20160.  24.4  33.6   2.860   0.9   0.2
   1 1988 246 21420.  23.7  33.0   2.900   1.2   0.0
   1 1988 247 18720.  24.0  33.0   2.900   1.0   1.0
   1 1988 248 16740.  23.2  33.1   2.810   0.8   0.0
   1 1988 249 17460.  24.4  31.7   2.830   0.9   0.0
   1 1988 250 13860.  23.6  31.1   2.880   0.8   2.8
   1 1988 251 19620.  22.6  32.2   2.670   0.9  18.4
   1 1988 252 16380.  23.5  31.8   2.860   0.7   0.0
   1 1988 253 16020.  24.0  32.4   2.870   0.8   0.4
   1 1988 254 17820.  24.5  33.0   3.010   0.8   0.0
   1 1988 255 12960.  24.5  31.7   2.890   0.6   0.0
   1 1988 256 20160.  23.0  31.8   2.700   0.9   0.0
   1 1988 257 17100.  23.2  32.6   2.780   0.7   0.1
   1 1988 258 16740.  24.4  32.2   2.770   0.7   2.6
   1 1988 259 21780.  23.3  32.5   2.840   0.8   0.0
   1 1988 260 14400.  24.2  32.0   2.810   0.7   0.0
   1 1988 261 19080.  23.5  32.5   2.820   0.9   0.0
   1 1988 262 19260.  24.0  32.4   2.850   0.9   0.0
   1 1988 263  8100.  25.0  29.5   2.940   1.3  17.3
   1 1988 264 11880.  23.6  30.5   2.760   1.6   4.4
   1 1988 265 11520.  24.8  31.4   3.000   1.3  19.8
   1 1988 266 15660.  24.8  32.2   3.080   1.0   0.7
   1 1988 267 16380.  24.1  31.0   2.940   0.7   5.4
   1 1988 268 18720.  23.9  32.1   2.950   0.8   0.0
   1 1988 269 20880.  23.5  32.7   2.810   1.0   0.0
   1 1988 270 15840.  24.6  31.6   2.950   1.1   0.0
   1 1988 271 13680.  24.8  33.0   2.870   0.9   9.1
   1 1988 272 18180.  24.0  32.8   2.750   0.7   0.0
   1 1988 273 16740.  24.0  32.5   2.850   1.0  18.6
   1 1988 274 15840.  24.5  31.1   2.750   0.9   0.0
   1 1988 275  9180.  24.0  30.5   2.830   0.6   7.5
   1 1988 276  3780.  24.8  29.0   2.920   1.0  24.6
   1 1988 277  9900.  23.9  30.2   2.850   0.5   7.1
   1 1988 278 14040.  24.4  31.5   2.990   1.3   0.3
   1 1988 279  7380.  24.7  29.3   2.710   1.4  11.7
   1 1988 280 12240.  24.5  31.3   2.840   1.2   2.2
   1 1988 281  7560.  24.8  30.1   2.940   0.6   0.6
   1 1988 282 10260.  24.6  30.0   2.940   0.7   1.8
   1 1988 283  9900.  25.0  30.2   2.810   0.7  15.2
   1 1988 284 15120.  24.3  29.5   2.800   1.2   4.5
   1 1988 285 16380.  24.0  30.8   2.740   0.7  70.2
   1 1988 286 12240.  23.5  29.9   2.700   0.7  50.7
   1 1988 287  2520.  23.6  25.1   2.740   0.7  94.2
   1 1988 288 11880.  23.1  30.0   2.700   0.7   0.0
   1 1988 289  9900.  24.3  30.9   2.810   0.8   0.0
   1 1988 290 18360.  24.4  31.1   2.800   1.1  44.5
   1 1988 291  5400.  23.1  26.4   2.750   0.4  48.4
   1 1988 292  6660.  23.4  29.4   2.860   0.6   5.5
   1 1988 293 15300.  24.1  30.5   2.790   0.7   0.0
   1 1988 294  5220.  23.7  26.6   2.630   1.2   1.8
   1 1988 295 13140.  24.1  30.5   2.790   0.7  10.6
   1 1988 296 18180.  23.4  31.9   2.750   0.7   0.0
   1 1988 297  9180.  24.4  29.8   2.800   2.5  98.1
   1 1988 298  3060.  24.1  26.5   2.610   5.6 200.1
   1 1988 299  3060.  23.0  26.9   2.500   4.9  68.9
   1 1988 300 13860.  23.2  30.1   2.630   2.7  14.2
   1 1988 301 14760.  23.3  31.5   2.650   0.9   0.4
   1 1988 302 17280.  23.1  31.0   2.760   0.6   0.0
   1 1988 303 16020.  24.2  31.7   2.720   0.8   7.6
   1 1988 304  3780.  24.3  26.5   2.760   0.9  16.7
   1 1988 305 12960.  23.9  29.2   2.700   1.4   3.3
   1 1988 306 12060.  24.0  30.5   2.650   1.7   6.6
   1 1988 307  9720.  24.4  28.7   2.580   2.1  25.4
   1 1988 308  2700.  23.9  26.0   2.720   1.1 165.8
   1 1988 309  4680.  23.2  26.7   2.720   0.9  54.8
   1 1988 310  6660.  24.0  28.0   2.760   1.0  38.0
   1 1988 311  6660.  24.2  28.0   2.670   1.1   2.0
   1 1988 312  3420.  23.4  26.5   2.580   3.9  65.2
   1 1988 313 10620.  21.8  30.0   2.510   3.4   1.7
   1 1988 314 14580.  24.8  30.2   2.720   2.7   0.0
   1 1988 315 19800.  23.8  32.0   2.590   1.2   0.0
   1 1988 316 16920.  23.7  31.4   2.700   0.9   0.0
   1 1988 317  9900.  24.4  29.0   2.870   0.9  12.8
   1 1988 318 11340.  23.5  30.5   3.070   1.1   7.8
   1 1988 319 13140.  24.6  29.5   2.870   1.4   1.6
   1 1988 320 11160.  24.0  30.1   2.910   1.1   8.7
   1 1988 321 15300.  24.5  31.0   2.840   1.4   8.8
   1 1988 322 13500.  24.9  30.5   2.970   1.4   5.2
   1 1988 323 11700.  24.8  30.2   2.970   2.1  11.8
   1 1988 324  6840.  24.5  27.9   2.760   3.1   1.8
   1 1988 325  7920.  23.9  27.5   2.610   1.7   0.1
   1 1988 326  9360.  24.2  28.2   2.650   1.9   1.6
   1 1988 327 11340.  24.0  29.1   2.610   1.5   0.0
   1 1988 328 15840.  23.0  30.2   2.530   1.6   0.0
   1 1988 329 13500.  21.5  29.0   2.390   1.7   0.4
   1 1988 330  7740.  22.5  26.7   2.600   1.7   0.8
   1 1988 331 13680.  22.8  29.4   2.540   1.9   1.3
   1 1988 332  7740.  23.4  27.2   2.560   1.9   0.0
   1 1988 333  7920.  23.0  27.8   2.430   2.7   0.1
   1 1988 334  7200.  22.9  25.1   2.300   2.2   0.0
   1 1988 335 13140.  20.8  27.7   2.200   2.0   0.0
   1 1988 336 13320.  20.1  26.5   2.230   1.6   0.0
   1 1988 337 15840.  20.0  28.5   2.190   2.6   0.0
   1 1988 338 11520.  22.7  27.6   2.310   2.5   0.0
   1 1988 339  8280.  23.8  27.0   2.470   1.4   0.0
   1 1988 340 13680.  22.3  28.0   2.370   2.2   0.0
   1 1988 341 17820.  22.0  28.3   2.040   2.2   0.0
   1 1988 342 16200.  21.0  28.5   2.220   2.2   0.0
   1 1988 343 17280.  19.0  28.8   2.050   1.9   0.0
   1 1988 344 17280.  19.5  27.7   2.070   2.2   0.0
   1 1988 345 11700.  21.2  27.2   2.190   2.8   2.2
   1 1988 346 15300.  21.2  26.7   2.190   2.3   0.0
   1 1988 347 16560.  18.3  27.4   2.150   1.7   0.0
   1 1988 348 18000.  18.0  27.5   2.110   1.9   0.0
   1 1988 349 15840.  17.3  27.1   2.010   1.7   0.0
   1 1988 350 12240.  18.1  26.6   2.140   1.9   0.3
   1 1988 351  5220.  21.0  25.0   2.250   2.9   0.0
   1 1988 352  7020.  21.3  25.6   2.320   3.3   0.3
   1 1988 353  7560.  21.0  25.0   2.400   1.8   0.7
   1 1988 354  8280.  21.2  26.2   2.490   1.9   2.2
   1 1988 355  5940.  22.4  26.5   2.490   1.5   0.8
   1 1988 356  8280.  22.4  27.2   2.350   2.2   0.4
   1 1988 357  9360.  21.9  26.3   2.120   2.1   0.0
   1 1988 358  5220.  20.7  25.5   2.200   1.6   0.0
   1 1988 359  4860.  22.2  25.7   2.460   1.0   2.2
   1 1988 360  9540.  22.0  29.0   2.680   0.7   2.2
   1 1988 361 14040.  23.0  29.5   2.530   2.1   0.0
   1 1988 362 10260.  23.1  27.5   2.310   1.7   7.4
   1 1988 363 11160.  22.0  29.5   2.490   1.2   0.0
   1 1988 364 13680.  23.0  30.0   2.550   2.7   8.6
   1 1988 365  5940.  23.3  26.5   2.520   2.0   2.5
   1 1988 366  7740.  23.2  27.0   2.570   1.8   0.2
