*---------------------------------------------------------*
*   Country: Philippines
*   Station: IRRI wet station site
*      Year: 1990
*    Source: Agroclimate Service Unit of IRRI.
*    Author: Daniel van Kraalingen
* Longitude: 121 15 E
*  Latitude: 14 11 N
* Elevation: 21 m.
*  Comments: Original name of data used in IRRI: ORWET. 
*            Vapour pressure is early morning vapour 
*            pressure. This file is extracted from CLICOM 
*            database.
*
*  Columns:
*  ========
*  station number
*  year
*  day
*  irradiation (kJ m-2 d-1)
*  minimum temperature (degrees Celsius)
*  maximum temperature (degrees Celsius)
*  vapour pressure (kPa)
*  mean wind speed (m s-1)
*  precipitation (mm d-1)
** WCCDESCRIPTION=Philippines, IRRI wet station site
** WCCFORMAT=2
** WCCYEARNR=1990
*---------------------------------------------------------*
 121.25  14.18    21. -0.25 -0.45
   1 1990   1    18.  18.5  29.5   2.410   1.1   0.0
   1 1990   2    18.  20.0  29.6   2.260   1.2   0.0
   1 1990   3    10.  22.2  27.8   2.660   2.3   0.0
   1 1990   4    13.  23.0  27.6   2.490   2.1   0.0
   1 1990   5    18.  19.9  28.6   2.420   2.3   0.0
   1 1990   6     9.  22.5  27.6   2.610   2.0   0.0
   1 1990   7    15.  19.5  28.3   2.390   2.3   0.0
   1 1990   8    14.  22.4  28.6   2.700   2.4   0.0
   1 1990   9    11.  20.6  29.0   2.690   1.3   0.6
   1 1990  10    12.  22.0  29.4   2.770   1.6   0.0
   1 1990  11    19.  21.6  30.2   2.710   2.1   5.0
   1 1990  12    17.  21.0  30.1   2.900   1.8   0.0
   1 1990  13    11.  21.2  28.5   2.670   1.9   1.0
   1 1990  14    24.  21.1  29.8   2.870   2.1   0.0
   1 1990  15    12.  21.5  30.8   2.650   1.9   0.0
   1 1990  16    18.  20.2  30.6   2.460   1.1   0.0
   1 1990  17     9.  21.3  27.0   2.550   1.8   0.0
   1 1990  18    13.  20.5  27.3   2.710   2.1   0.0
   1 1990  19    18.  19.5  28.7   2.380   1.6   0.0
   1 1990  20    18.  19.8  28.5   2.440   2.2   0.0
   1 1990  21    15.  20.8  27.5   2.140   1.9   0.0
   1 1990  22    15.  21.9  28.5   2.520   2.0   0.0
   1 1990  23    11.  23.0  28.0   2.790   1.8   0.6
   1 1990  24     9.  23.0  26.4   2.460   2.2   0.0
   1 1990  25    13.  22.1  27.2   2.520   2.3   0.6
   1 1990  26     8.  22.5  25.1   2.580   0.9   5.8
   1 1990  27    18.  22.6  29.6   2.580   1.3   0.0
   1 1990  28    14.  21.6  30.5   2.710   1.1   0.0
   1 1990  29    18.  22.5  31.1   2.620   1.3   0.0
   1 1990  30    13.  22.9  30.0   2.730   1.3   0.0
   1 1990  31    17.  23.3  30.5   2.720   1.6   0.0
   1 1990  32    19.  21.5  30.0   2.580   2.2   0.0
   1 1990  33    16.  23.0  30.0   2.810   1.9   0.0
   1 1990  34    19.  23.6  30.0   2.930   1.9   0.0
   1 1990  35    18.  21.7  30.3   2.760   1.6   0.0
   1 1990  36    15.  23.1  30.0   2.680   1.9   0.0
   1 1990  37    20.  22.8  30.0   2.640   2.5   0.0
   1 1990  38    16.  22.5  28.5   2.560   2.1   1.0
   1 1990  39    20.  21.8  29.5   2.500   2.2   0.0
   1 1990  40    12.  23.6  29.0   2.540   3.0   1.0
   1 1990  41    20.  23.0  29.2   2.480   2.1   0.0
   1 1990  42    21.  21.0  29.5   2.460   1.9   0.0
   1 1990  43    19.  21.0  29.2   2.430   1.9   0.0
   1 1990  44    16.  22.6  29.0   2.620   1.9   0.0
   1 1990  45    22.  21.2  31.0   2.480   1.9   0.0
   1 1990  46    21.  21.3  30.0   2.510   2.0   0.0
   1 1990  47    19.  20.5  29.9   2.480   1.8   0.0
   1 1990  48    16.  22.6  30.0   2.610   1.5   0.0
   1 1990  49    21.  21.0  30.5   2.520   2.1   0.0
   1 1990  50    19.  21.6  30.1   2.580   1.8   0.0
   1 1990  51    21.  21.6  30.4   2.520   1.9   0.0
   1 1990  52    14.  22.2  29.0   2.620   1.5   1.1
   1 1990  53    16.  21.9  31.1   2.580   1.6   0.0
   1 1990  54    23.  21.5  30.2   2.520   1.7   0.0
   1 1990  55    21.  20.7  30.1   2.570   1.9   0.0
   1 1990  56    20.  22.0  29.0   2.570   1.9   0.0
   1 1990  57    22.  21.8  30.4   2.600   1.6   0.0
   1 1990  58    21.  21.9  30.9   2.510   1.7   0.0
   1 1990  59    18.  23.1  30.2   2.770   1.3   0.0
   1 1990  60    19.  23.6  31.5   2.640   1.1   0.0
   1 1990  61    23.  21.3  31.0   2.600   1.4   0.0
   1 1990  62    22.  21.0  30.1   2.520   1.6   0.0
   1 1990  63    22.  21.8  31.5   2.410   1.2   0.0
   1 1990  64    21.  21.3  31.4   2.550   1.1   0.0
   1 1990  65    21.  22.3  30.9   2.660   1.3   0.0
   1 1990  66    21.  22.4  30.9   2.720   1.5   4.6
   1 1990  67    11.  22.5  27.5   2.570   1.0  20.6
   1 1990  68    12.  21.7  28.1   2.570   2.1   0.0
   1 1990  69    18.  22.0  28.5   2.340   2.0   0.0
   1 1990  70    18.  21.7  28.3   2.530   1.9   0.0
   1 1990  71    23.  21.0  29.1   2.390   2.2   0.0
   1 1990  72    18.  22.0  28.5   2.450   2.0   0.0
   1 1990  73    23.  21.4  29.7   2.520   2.3   0.0
   1 1990  74    17.  21.5  29.7   2.580   1.9   1.6
   1 1990  75     9.  22.5  26.2   2.600   1.4   0.0
   1 1990  76    18.  21.5  29.0   2.480   2.0   0.6
   1 1990  77    17.  21.5  29.5   2.540   1.5   2.0
   1 1990  78    13.  22.5  29.0   2.600   1.6   0.0
   1 1990  79    18.  23.3  30.8   2.590   1.1   0.0
   1 1990  80    18.  22.9  30.5   3.320   1.4   0.0
   1 1990  81    24.  23.5  31.0   2.770   1.8   0.0
   1 1990  82    20.  22.0  31.2   2.660   2.0   0.0
   1 1990  83    16.  22.3  31.2   2.690   1.7   0.0
   1 1990  84    24.  21.8  31.9   2.610   1.5   0.0
   1 1990  85    23.  22.0  31.0   2.710   1.7   0.0
   1 1990  86    23.  21.0  30.8   2.460   1.7   0.0
   1 1990  87    22.  21.4  31.5   2.790   1.7   0.0
   1 1990  88    23.  22.0  32.0   2.650   1.7   0.0
   1 1990  89    20.  22.0  31.5   2.640   1.6   0.0
   1 1990  90    24.  22.5  31.5   2.730   1.9   0.0
   1 1990  91    24.  22.7  32.5   2.800   1.4   0.0
   1 1990  92    24.  23.5  31.7   2.820   1.8   0.0
   1 1990  93    25.  22.1  33.6   2.600   1.8   0.0
   1 1990  94    25.  24.0  33.0   2.940   1.6   0.0
   1 1990  95    22.  24.0  31.1   2.770   2.9   0.0
   1 1990  96    21.  24.0  31.0   2.670   2.5   4.8
   1 1990  97    19.  24.0  31.0   2.850   1.7   0.3
   1 1990  98    22.  23.2  31.7   2.880   2.0   0.0
   1 1990  99    21.  24.8  31.5   2.860   2.2   0.0
   1 1990 100    15.  23.5  30.5   2.720   1.7   0.4
   1 1990 101    17.  23.9  33.0   3.020   1.5   0.0
   1 1990 102    21.  23.5  34.2   2.960   1.5   0.0
   1 1990 103    21.  25.1  33.5   3.070   1.1   0.0
   1 1990 104    19.  24.7  33.4   3.150   1.1   0.0
   1 1990 105    20.  25.1  33.0   3.000   1.2   0.1
   1 1990 106    21.  22.2  33.7   2.960   1.1   0.0
   1 1990 107    24.  22.0  34.0   2.900   1.1   0.0
   1 1990 108    22.  22.5  34.5   2.920   0.9   0.0
   1 1990 109    21.  24.0  33.7   2.830   1.0   0.8
   1 1990 110    22.  23.4  35.3   2.930   1.1   0.0
   1 1990 111    21.  24.8  34.2   3.050   1.3   0.0
   1 1990 112    21.  24.5  34.1   3.290   1.1   0.0
   1 1990 113    21.  23.3  34.2   2.880   0.9   0.0
   1 1990 114    20.  25.6  33.4   2.970   2.0   0.0
   1 1990 115    17.  25.5  33.5   3.190   1.3   0.0
   1 1990 116    23.  24.4  33.2   3.140   2.2   0.0
   1 1990 117    24.  25.5  33.0   2.910   2.4   0.0
   1 1990 118    24.  24.7  32.6   2.790   2.7   0.0
   1 1990 119    22.  24.4  32.8   2.930   2.1   0.0
   1 1990 120    22.  24.8  33.1   2.820   2.3   0.0
   1 1990 121    25.  25.3  33.5   2.980   1.9   0.0
   1 1990 122    26.  24.7  33.0   2.890   1.8   0.0
   1 1990 123    22.  24.0  33.5   2.980   1.6   0.0
   1 1990 124    25.  25.3  33.6   2.880   1.3   0.0
   1 1990 125    25.  24.2  34.0   2.800   1.5   0.0
   1 1990 126    22.  24.8  34.0   3.090   1.2   5.2
   1 1990 127    24.  25.2  34.5   3.190   1.3  11.8
   1 1990 128    25.  25.5  33.5   3.220   1.4   0.0
   1 1990 129    25.  25.5  33.4   3.110   2.0   0.0
   1 1990 130    23.  24.8  33.0   3.100   1.5   0.0
   1 1990 131    25.  26.3  35.0   3.230   1.5   0.0
   1 1990 132    24.  25.6  34.5   3.130   1.9   0.0
   1 1990 133    19.  25.0  31.7   3.060   1.3   8.5
   1 1990 134    18.  25.0  33.7   3.150   1.6   0.3
   1 1990 135    20.  26.2  33.7   3.020   2.8   0.0
   1 1990 136    24.  24.8  33.2   2.860   2.2   0.0
   1 1990 137    13.  26.0  31.7   3.150   1.1  38.2
   1 1990 138    13.  25.0  31.5   3.100   1.4   1.7
   1 1990 139    15.  25.0  32.3   3.580   0.6   1.2
   1 1990 140    17.  25.0  32.5   3.180   0.9   3.8
   1 1990 141    10.  25.2  31.7   3.410   0.5  12.4
   1 1990 142    11.  25.1  30.8   3.280   1.0  24.0
   1 1990 143    13.  25.4  32.0   3.370   0.8   0.4
   1 1990 144    18.  25.4  32.5   3.090   0.9  36.5
   1 1990 145    18.  24.0  33.1   3.190   0.9   0.0
   1 1990 146    17.  24.9  33.0   3.210   0.8  10.8
   1 1990 147    14.  24.6  31.6   3.120   0.8  24.8
   1 1990 148    15.  23.5  31.5   3.120   1.0   9.4
   1 1990 149    17.  24.2  32.1   3.140   1.2   6.6
   1 1990 150    15.  24.0  31.1   3.010   1.0  27.3
   1 1990 151     8.  24.9  29.8   3.030   1.4  19.4
   1 1990 152    15.  25.0  32.8   3.190   1.2   4.6
   1 1990 153    22.  23.9  33.4   3.040   0.8   0.7
   1 1990 154    19.  24.0  33.0   3.060   1.2  11.5
   1 1990 155    21.  24.2  33.0   3.150   1.1   0.0
   1 1990 156    23.  24.5  33.8   3.150   1.1   0.0
   1 1990 157    14.  25.1  32.4   3.370   0.8  16.3
   1 1990 158    16.  25.4  33.3   2.990   0.7   5.7
   1 1990 159    18.  25.2  33.2   3.180   0.8   1.7
   1 1990 160    17.  24.6  32.5   3.260   0.9  68.8
   1 1990 161    21.  24.0  34.7   3.100   1.0  12.0
   1 1990 162    21.  24.8  32.3   3.060   1.2   2.2
   1 1990 163    22.  25.5  33.5   2.950   1.1   0.0
   1 1990 164    19.  25.2  33.0   3.240   1.1   0.1
   1 1990 165     8.  24.5  30.9   2.920   1.6  68.2
   1 1990 166    10.  23.4  28.8   3.000   1.0   1.0
   1 1990 167    17.  24.0  31.6   2.970   1.7   0.0
   1 1990 168    20.  25.1  33.0   2.880   1.3   0.0
   1 1990 169    20.  25.5  32.4   3.250   1.2   0.0
   1 1990 170    20.  25.6  32.5   3.220   1.4   0.2
   1 1990 171     9.  24.9  30.3   2.910   0.8  17.6
   1 1990 172     6.  24.1  28.0   2.860   3.2  21.2
   1 1990 173     7.  24.7  28.5   2.920   4.5  13.3
   1 1990 174    11.  24.0  30.4   2.990   1.7   4.7
   1 1990 175    15.  24.7  31.8   3.140   0.9   0.0
   1 1990 176    11.  24.3  29.0   3.160   1.1  33.9
   1 1990 177     9.  23.7  29.0   2.970   1.9  12.0
   1 1990 178     6.  25.5  28.7   2.760   2.0   6.4
   1 1990 179     8.  24.3  28.5   3.040   1.1   7.3
   1 1990 180    19.  23.5  31.9   3.030   0.8   0.0
   1 1990 181    22.  23.2  31.4   3.040   1.0  36.9
   1 1990 182    20.  23.5  31.6   3.090   0.8   2.1
   1 1990 183    17.  23.6  30.5   3.060   0.9   0.0
   1 1990 184    14.  24.5  31.0   3.130   0.9   0.2
   1 1990 185    21.  22.5  32.0   2.890   1.0   0.0
   1 1990 186    18.  24.4  31.6   2.980   1.2   0.0
   1 1990 187    17.  24.4  31.2   3.090   1.2  22.0
   1 1990 188    16.  24.2  31.0   2.860   0.8  26.5
   1 1990 189    16.  23.4  31.5   2.930   0.9   2.0
   1 1990 190    14.  24.2  31.5   2.850   1.4   0.0
   1 1990 191    13.  25.4  31.0   3.040   1.0   0.0
   1 1990 192    19.  24.0  31.5   3.010   1.0  31.6
   1 1990 193    18.  24.1  32.0   2.850   0.8  13.8
   1 1990 194    21.  24.4  33.5   3.080   0.9   0.0
   1 1990 195    23.  25.0  33.0   3.190   1.2   5.9
   1 1990 196    20.  24.4  32.5   2.920   1.0   1.9
   1 1990 197    20.  23.1  32.0   3.060   0.9   1.2
   1 1990 198    19.  24.4  32.2   3.070   1.0  17.6
   1 1990 199    16.  23.2  30.7   2.930   0.5  14.8
   1 1990 200    21.  23.4  31.0   2.870   1.0   0.2
   1 1990 201    15.  24.0  31.5   3.040   1.2  13.7
   1 1990 202    22.  23.1  32.0   2.940   1.5   1.9
   1 1990 203    20.  24.6  33.1   3.000   0.9   0.0
   1 1990 204    17.  24.3  31.0   3.210   1.0   0.1
   1 1990 205    18.  25.1  32.5   3.160   1.5   0.0
   1 1990 206     7.  25.6  29.0   2.960   1.7  40.4
   1 1990 207    13.  22.9  30.9   3.040   1.9  11.4
   1 1990 208     7.  23.7  28.5   2.840   1.8  13.4
   1 1990 209     5.  24.2  27.6   2.920   2.8  25.3
   1 1990 210    12.  23.4  31.2   2.710   1.8   9.2
   1 1990 211    20.  23.9  32.0   3.020   2.0   0.2
   1 1990 212    22.  25.0  32.8   2.990   1.4   0.0
   1 1990 213    20.  25.0  33.0   3.130   1.3   0.0
   1 1990 214    23.  25.4  33.1   2.960   1.6   0.0
   1 1990 215    21.  26.1  33.5   3.180   0.9   0.0
   1 1990 216    16.  25.0  32.0   3.160   0.7   5.2
   1 1990 217    22.  25.0  32.5   3.260   0.7   0.2
   1 1990 218    18.  25.0  32.3   3.330   0.9   2.0
   1 1990 219    16.  24.7  32.6   3.210   1.0   0.1
   1 1990 220    19.  23.8  32.3   3.210   0.8   0.0
   1 1990 221    13.  24.6  31.5   3.230   0.8   0.0
   1 1990 222    18.  24.0  33.1   3.170   0.8   0.0
   1 1990 223    17.  23.8  32.5   2.900   0.8   4.5
   1 1990 224    11.  24.0  29.0   3.090   0.7  13.0
   1 1990 225     6.  23.6  26.2   2.870   0.3   5.1
   1 1990 226    10.  24.0  29.4   3.130   0.6  20.0
   1 1990 227     8.  23.2  29.0   2.960   0.5  18.6
   1 1990 228    12.  23.1  32.0   3.220   2.5  21.2
   1 1990 229     9.  25.0  28.5   2.840   5.7  18.4
   1 1990 230    12.  26.4  29.7   3.000   7.0  32.4
   1 1990 231    18.  24.5  30.0   2.960   6.8  24.1
   1 1990 232    16.  26.4  30.5   2.910   5.6   7.2
   1 1990 233    13.  25.8  30.8   2.910   4.7   5.4
   1 1990 234     9.  26.0  29.5   2.840   3.2   6.0
   1 1990 235     8.  25.9  30.0   3.080   3.4   8.0
   1 1990 236     3.  25.7  28.6   3.060   1.1 163.3
   1 1990 237    16.  22.1  31.9   3.000   3.1  36.2
   1 1990 238    13.  23.6  30.4   2.790   4.9  13.1
   1 1990 239    12.  25.1  29.6   2.930   2.2   4.5
   1 1990 240    10.  24.5  29.4   3.010   1.4   1.6
   1 1990 241    17.  23.5  32.0   2.950   2.6   0.2
   1 1990 242    16.  26.0  32.5   2.530   1.7   0.0
   1 1990 243    17.  24.4  32.2   2.590   2.2   0.0
   1 1990 244     2.  26.2  26.7   2.710   1.4  73.7
   1 1990 245    15.  22.4  30.9   2.710   1.2   0.0
   1 1990 246    14.  24.3  31.0   2.790   1.5   0.5
   1 1990 247    24.  23.4  32.7   2.930   1.2   0.1
   1 1990 248    19.  24.0  31.6   3.100   1.6   0.0
   1 1990 249    16.  24.1  31.4   2.780   3.9   3.8
   1 1990 250     4.  25.6  29.0   2.880   2.8  22.1
   1 1990 251    11.  24.4  29.0   2.870   1.5   6.3
   1 1990 252    20.  23.1  31.8   3.120   1.2   0.0
   1 1990 253    21.  24.0  33.0   2.920   0.9   0.0
   1 1990 254    19.  23.4  31.3   3.070   1.0   0.0
   1 1990 255    18.  23.2  31.5   3.080   1.0   5.6
   1 1990 256    23.  24.4  32.4   3.060   1.1   0.9
   1 1990 257    18.  23.4  32.0   3.030   1.4   0.0
   1 1990 258    16.  26.3  32.1   2.910   1.6   0.8
   1 1990 259    20.  23.5  33.0   3.010   1.0   0.0
   1 1990 260    14.  24.3  31.1   3.050   1.0   0.0
   1 1990 261    20.  24.3  31.7   3.260   1.3   0.0
   1 1990 262    21.  24.8  33.2   3.010   1.2  31.0
   1 1990 263    17.  24.0  31.5   2.910   0.8   0.0
   1 1990 264    15.  24.4  29.5   2.860   1.6   7.6
   1 1990 265     8.  24.0  27.6   2.880   0.7   4.3
   1 1990 266    18.  23.7  31.6   2.910   1.0   5.2
   1 1990 267    22.  24.8  32.0   3.100   1.0  34.6
   1 1990 268    15.  24.0  31.6   3.220   0.7   0.0
   1 1990 269    19.  23.4  32.0   3.100   0.9   0.6
   1 1990 270    15.  23.8  31.0   3.100   1.0   0.0
   1 1990 271    23.  23.2  32.2   2.940   1.3   1.6
   1 1990 272    13.  24.4  30.1   2.970   1.2   4.0
   1 1990 273    16.  24.1  30.2   3.030   1.3   3.5
   1 1990 274    10.  25.5  30.0   3.190   1.1   0.3
   1 1990 275    12.  24.3  28.8   3.120   0.7   0.0
   1 1990 276    20.  23.7  32.4   2.970   1.0   0.0
   1 1990 277    23.  25.0  32.5   3.000   1.4   0.0
   1 1990 278    23.  25.8  33.0   2.960   1.1   0.0
   1 1990 279    20.  24.2  32.1   3.020   1.2   0.0
   1 1990 280    21.  24.5  32.0   2.950   0.9   0.0
   1 1990 281    19.  22.5  32.0   2.860   1.4   6.8
   1 1990 282     4.  24.3  26.0   2.980   0.9  18.4
   1 1990 283     7.  23.5  27.7   2.910   0.7  66.8
   1 1990 284    12.  23.5  29.1   2.900   1.0  22.0
   1 1990 285     7.  23.8  27.0   3.040   0.6  14.6
   1 1990 286    16.  23.9  32.0   2.920   0.8  53.3
   1 1990 287    13.  23.6  30.3   3.050   0.7   0.0
   1 1990 288    16.  24.4  32.1   3.010   1.0  31.9
   1 1990 289    16.  23.5  30.2   2.890   1.1   0.0
   1 1990 290    14.  24.5  31.0   2.930   1.0  50.8
   1 1990 291     7.  24.0  27.0   2.850   0.5   9.0
   1 1990 292    16.  23.5  31.0   2.960   0.8   0.0
   1 1990 293    15.  24.4  31.5   3.000   0.8   0.0
   1 1990 294     8.  24.1  28.1   2.950   0.9   4.2
   1 1990 295    12.  23.5  29.0   3.000   1.1   4.8
   1 1990 296    16.  23.7  30.0   2.930   1.4   1.2
   1 1990 297    13.  24.0  30.5   2.910   1.2   0.0
   1 1990 298    17.  23.5  31.4   2.910   1.3   0.0
   1 1990 299    17.  23.4  30.7   2.820   1.5   0.0
   1 1990 300    15.  22.3  30.0   2.890   1.5   0.0
   1 1990 301    20.  23.5  31.5   2.950   1.9   2.7
   1 1990 302    14.  24.5  30.9   3.040   1.1   5.8
   1 1990 303    21.  24.2  31.9   2.940   2.0   0.0
   1 1990 304    12.  24.5  30.0   2.910   1.4   2.1
   1 1990 305    18.  24.6  31.7   3.100   1.3   0.0
   1 1990 306    15.  25.0  31.5   2.990   1.5   0.2
   1 1990 307    13.  24.9  30.9   3.010   0.6   0.0
   1 1990 308    19.  23.0  32.1   2.880   1.1   0.0
   1 1990 309    14.  23.8  32.0   2.860   0.9   0.0
   1 1990 310    16.  24.6  32.0   3.010   1.1   0.0
   1 1990 311    14.  24.6  31.0   2.970   1.1  22.6
   1 1990 312     9.  24.5  28.7   3.010   1.1   9.6
   1 1990 313    18.  24.0  32.4   2.910   1.1   0.5
   1 1990 314    17.  24.0  31.2   2.950   1.5   0.0
   1 1990 315    13.  24.1  30.0   2.820   1.6  63.6
   1 1990 316     7.  23.6  27.0   2.770   1.9  65.4
   1 1990 317     3.  23.3  28.5   2.830   2.9  98.8
   1 1990 318    12.  23.4  29.9   3.000   1.9   3.9
   1 1990 319    21.  23.9  32.0   3.070   1.7   3.9
   1 1990 320    14.  23.5  30.2   2.770   1.3   7.9
   1 1990 321     9.  22.1  29.5   2.760   0.8   1.8
   1 1990 322     7.  23.5  28.5   2.900   1.2  27.4
   1 1990 323    18.  23.7  31.5   2.950   1.6   0.0
   1 1990 324    19.  25.0  31.5   2.940   1.9   0.4
   1 1990 325    13.  24.1  30.5   2.900   2.7   3.0
   1 1990 326    15.  23.9  29.5   2.700   2.9   1.9
   1 1990 327    10.  24.4  29.5   2.680   2.2   6.2
   1 1990 328    10.  23.2  28.5   2.670   1.7   0.6
   1 1990 329    18.  21.2  29.9   2.480   1.6   0.6
   1 1990 330    14.  23.0  29.2   2.790   2.0   0.9
   1 1990 331    15.  21.2  30.0   2.440   1.2   0.0
   1 1990 332    16.  21.4  32.0   2.710   1.4   0.0
   1 1990 333    16.  23.5  29.2   2.640   1.3   0.0
   1 1990 334    15.  22.3  29.2   2.470   1.4   0.0
   1 1990 335    14.  21.9  29.0   2.930   1.6   0.0
   1 1990 336    11.  22.6  28.0   2.370   2.4   3.6
   1 1990 337    11.  23.4  27.1   2.320   3.3   1.2
   1 1990 338     7.  23.5  26.5   2.410   2.7   0.3
   1 1990 339     6.  23.0  27.0   2.620   1.8   2.2
   1 1990 340    15.  22.5  30.0   2.720   1.9   0.2
   1 1990 341    14.  23.6  29.8   2.770   2.5   7.8
   1 1990 342     6.  23.0  26.5   2.820   0.8  40.8
   1 1990 343    17.  23.3  29.6   2.840   2.0   0.0
   1 1990 344    14.  22.2  29.2   2.710   1.5   0.0
   1 1990 345    11.  22.7  29.1   2.740   1.6   0.8
   1 1990 346    16.  24.0  30.1   2.760   1.9   1.2
   1 1990 347    18.  23.5  30.0   3.310   2.2   1.0
   1 1990 348    13.  22.5  29.5   2.690   1.7   6.4
   1 1990 349     8.  24.0  26.7   2.900   1.3  39.3
   1 1990 350    10.  23.5  27.5   2.820   2.0   2.4
   1 1990 351    10.  23.5  28.0   2.770   1.1   2.1
   1 1990 352    17.  23.2  30.0   2.710   1.9   0.0
   1 1990 353    18.  21.6  30.6   2.620   1.6   0.0
   1 1990 354    19.  21.1  32.8   2.550   0.7   0.0
   1 1990 355    17.  21.7  30.7   2.660   1.0   0.5
   1 1990 356    11.  23.4  28.0   2.770   1.4  10.4
   1 1990 357     9.  22.5  27.1   2.620   1.9   2.7
   1 1990 358    13.  21.8  28.5   2.400   2.0   4.7
   1 1990 359    12.  21.6  27.6   2.560   1.7   0.6
   1 1990 360    17.  21.4  28.8   2.560   2.1   0.0
   1 1990 361    18.  21.4  28.5   2.360   2.3   0.0
   1 1990 362    10.  21.9  27.7   2.480   1.7   0.4
   1 1990 363    12.  23.0  31.0   2.700   1.4   4.1
   1 1990 364    12.  23.5  28.7   2.600   1.9   0.7
   1 1990 365    14.  23.5  29.4   2.670   1.6   2.4
