*---------------------------------------------------------*
*   Country: Philippines
*   Station: IRRI wet station site
*      Year: 1989
*    Source: Agroclimate Service Unit of IRRI.
*    Author: Daniel van Kraalingen
* Longitude: 121 15 E
*  Latitude: 14 11 N
* Elevation: 21 m.
*  Comments: Original name of data used in IRRI: ORWET. 
*            Incomplete year !.
*
*  Columns:
*  ========
*  station number
*  year
*  day
*  irradiation (kJ m-2 d-1)
*  minimum temperature (degrees Celsius)
*  maximum temperature (degrees Celsius)
*  vapour pressure (kPa)
*  mean wind speed (m s-1)
*  precipitation (mm d-1)
** WCCDESCRIPTION=Philippines, IRRI wet station site
** WCCFORMAT=2
** WCCYEARNR=1989
*---------------------------------------------------------*
 121.25  14.18    21. -0.25 -0.45
   1 1989   1  9900.  22.2  28.8   2.560   2.2   2.2
   1 1989   2 12060.  23.4  28.2   2.490   2.5   1.2
   1 1989   3  7200.  23.0  27.0   2.530   2.2   1.0
   1 1989   4  7560.  23.0  27.5   2.600   2.7   0.0
   1 1989   5  9720.  22.3  27.5   2.200   2.3   0.9
   1 1989   6 14040.  21.7  28.3   2.330   1.9   0.6
   1 1989   7 16920.  22.5  30.3   2.600   1.9   4.0
   1 1989   8 17640.  21.7  30.9   2.460   1.9   0.0
   1 1989   9 15840.  22.6  30.7   2.590   1.8   0.0
   1 1989  10 15660.  24.2  30.7   2.860   1.9   0.1
   1 1989  11 14040.  23.0  30.2   2.600   2.3  19.7
   1 1989  12 10620.  23.7  28.0   2.660   2.9   1.2
   1 1989  13 14400.  22.6  28.6   2.300   2.3   0.1
   1 1989  14 10800.  21.5  27.7   2.230   1.6   0.0
   1 1989  15 10260.  22.3  27.0   2.180   2.4   1.3
   1 1989  16 14220.  20.9  28.6   2.380   2.6   0.1
   1 1989  17  6660.  22.0  27.0   2.240   2.4   3.1
   1 1989  18 10440.  23.0  27.7   2.680   1.7   6.8
   1 1989  19 17280.  22.8  30.6   2.610   1.7   0.0
   1 1989  20 17100.  22.8  30.0   2.620   1.3   1.9
   1 1989  21 14220.  24.0  29.5   2.640   2.1  17.8
   1 1989  22  8100.  23.1  28.5   2.710   1.0   3.9
   1 1989  23 18180.  22.1  31.1   2.580   2.2   0.0
   1 1989  24 12600.  24.5  27.5   2.440   2.8   0.0
   1 1989  25 14940.  21.5  27.7   2.200   2.2   0.0
   1 1989  26 18000.  20.4  28.5   2.200   2.1   0.0
   1 1989  27  7920.  20.0  26.2   2.120   3.3   0.0
   1 1989  28  8640.  21.5  24.7   2.020   3.9   0.0
   1 1989  29  6480.  22.2  23.5   2.000   2.5   0.0
   1 1989  30  7380.  20.0  24.4   2.060   2.3   0.3
   1 1989  31  5400.  22.5  23.5   2.360   1.2   7.6
   1 1989  32 13680.  21.6  27.0   2.350   1.3   3.1
   1 1989  33 12060.  20.7  27.1   2.140   2.6   0.0
   1 1989  34  9000.  21.8  24.3   2.200   1.9   0.0
   1 1989  35 10080.  21.2  25.6   2.250   1.9   0.0
   1 1989  36 13140.  21.8  26.4   2.330   2.2   0.0
   1 1989  37 20520.  22.0  28.6   2.310   1.9   0.0
   1 1989  38 15480.  20.4  28.5   2.310   1.6   0.0
   1 1989  39 19980.  20.2  29.6   2.240   1.0   0.0
   1 1989  40 20700.  18.5  29.9   2.110   1.1   0.0
   1 1989  41 19440.  19.8  29.5   2.150   1.3   0.0
   1 1989  42 16380.  21.6  28.5   2.340   1.2   3.6
   1 1989  43 11700.  20.6  26.5   2.330   1.3   1.2
   1 1989  44 11520.  21.0  26.6   2.420   1.2   0.0
   1 1989  45  8640.  20.5  27.1   2.420   1.4   5.2
   1 1989  46  9720.  22.8  28.2   2.610   1.8   8.6
   1 1989  47 10080.  22.8  28.3   2.560   1.3   0.0
   1 1989  48 19980.  22.4  29.9   2.590   1.7   0.0
   1 1989  49 19080.  21.8  29.6   2.410   1.7   0.0
   1 1989  50 18720.  21.6  28.7   2.310   2.5   0.0
   1 1989  51  4320.  21.1  25.0   2.200   1.6   3.2
   1 1989  52 17280.  22.6  27.7   2.400   2.0   0.0
   1 1989  53  9180.  20.8  26.5   2.200   1.8   0.7
   1 1989  54  7560.  21.7  26.5   2.520   1.1  19.9
   1 1989  55  9180.  23.0  27.5   2.660   1.1   2.9
   1 1989  56 11520.  23.4  29.2   2.640   0.9   0.0
   1 1989  57  8460.  21.1  27.7   2.450   1.3  23.8
   1 1989  58  6660.  23.2  25.5   2.710   0.6  10.5
   1 1989  59 17460.  23.3  29.3   2.670   1.6   0.0
   1 1989  60 22320.  23.7  30.2   2.600   1.6   0.0
   1 1989  61 16920.  24.0  29.5   2.680   1.6   0.0
   1 1989  62 21600.  22.2  30.6   2.580   1.4   0.0
   1 1989  63 22320.  22.6  31.8   2.490   1.0   0.0
   1 1989  64 22680.  22.5  30.7   2.510   1.5   0.7
   1 1989  65 12420.  23.0  27.0   2.530   1.7   0.0
   1 1989  66 14040.  21.2  27.0   2.370   1.9   0.0
   1 1989  67 18180.  21.0  26.5   2.210   2.3   0.2
   1 1989  68 11160.  20.2  25.0   2.170   2.3   0.0
   1 1989  69 15480.  18.4  26.5   2.100   1.8   0.0
   1 1989  70 13500.  20.3  27.4   2.330   1.7   0.0
   1 1989  71  8280.  22.8  26.1   2.580   1.2  14.6
   1 1989  72 10260.  22.9  28.2   2.740   1.0   3.4
   1 1989  73 12780.  22.0  29.2   2.730   0.6   9.7
   1 1989  74 12600.  23.7  29.2   2.820   1.3  42.7
   1 1989  75 18900.  23.1  29.3   2.690   1.4   0.5
   1 1989  76 24120.  23.2  29.5   2.550   1.9   0.0
   1 1989  77 16920.  23.4  29.3   2.550   1.4   0.0
   1 1989  78 20700.  22.6  32.0   2.520   1.0   0.0
   1 1989  79 16200.  22.5  30.6   2.560   0.9   0.0
   1 1989  80 15120.  25.0  29.0   2.820   1.8   5.9
   1 1989  81 15120.  23.0  28.5   2.460   1.9   0.0
   1 1989  82 15300.  22.6  30.5   2.560   0.7   0.0
   1 1989  83 21960.  22.3  31.5   2.480   0.9   0.0
   1 1989  84 18900.  22.8  32.2   2.790   1.1   0.0
   1 1989  85 22680.  24.0  32.5   2.540   1.1   0.0
   1 1989  86 22320.  22.9  31.5   2.450   0.9   0.0
   1 1989  87 20520.  23.5  31.6   2.570   1.3   0.0
   1 1989  88 19080.  24.8  29.2   2.820   1.9   0.7
   1 1989  89 10980.  24.2  28.6   2.790   1.5  21.9
   1 1989  90  8640.  24.4  28.2   2.840   1.0  23.2
   1 1989  91 15840.  23.8  30.2   2.670   1.1   0.0
   1 1989  92 16200.  24.6  30.5   2.810   0.9   9.3
   1 1989  93 21060.  24.9  32.4   2.870   1.2   0.0
   1 1989  94 24120.  23.8  32.5   2.520   1.4   0.0
   1 1989  95 20700.  22.6  31.7   2.510   0.8   0.0
   1 1989  96 24660.  23.6  31.6   2.620   1.3   0.0
   1 1989  97 22500.  23.8  31.2   2.570   1.3   0.0
   1 1989  98 17100.  25.2  31.0   2.890   1.1   0.0
   1 1989  99 21240.  23.4  31.5   2.680   1.6   0.0
   1 1989 100 21240.  24.8  31.5   2.870   1.6   0.0
   1 1989 101 23940.  23.6  31.4   2.610   2.1   0.3
   1 1989 102 20520.  23.2  31.5   2.520   2.0   0.6
   1 1989 103 21240.  24.6  31.0   2.800   1.8   0.0
   1 1989 104 24660.  23.4  31.5   2.640   1.4   0.0
   1 1989 105 24120.  24.6  32.0   2.810   1.2   0.0
   1 1989 106 25020.  24.0  32.4   2.680   1.2   0.0
   1 1989 107 19980.  24.8  31.2   2.800   1.6   0.0
   1 1989 108 22860.  24.1  31.7   2.520   1.6   0.0
   1 1989 109 22500.  23.1  32.0   2.590   1.5   0.0
   1 1989 110 22140.  23.3  32.5   2.630   1.3   0.0
   1 1989 111 23760.  23.2  33.9   2.550   0.9   0.0
   1 1989 112 19260.  23.4  32.5   2.570   1.1   0.0
   1 1989 113 20880.  24.0  32.1   2.620   0.9   0.0
   1 1989 114 20700.  23.2  32.5   2.410   1.0   0.0
   1 1989 115 17820.  24.0  32.4   2.750   1.2   0.0
   1 1989 116 18720.  22.6  32.5   2.660   1.3   0.0
   1 1989 117 12240.  24.3  31.2   2.860   0.9   1.0
   1 1989 118 18720.  24.8  33.1   2.940   1.0   0.0
   1 1989 119 20700.  24.8  32.6   2.740   1.4   0.0
   1 1989 120 20880.  24.4  34.0   2.880   1.1   0.0
   1 1989 121 11520.  22.9  31.5   2.740   0.7   1.7
   1 1989 122 17100.  23.7  33.2   2.760   1.1   4.3
   1 1989 123 18000.  24.8  32.6   2.910   1.1   0.0
   1 1989 124 13680.  24.8  32.1   2.840   1.1   5.0
   1 1989 125 13320.  23.7  32.5   2.810   0.7  23.8
   1 1989 126 16740.  23.0  32.8   2.630   0.9   1.9
   1 1989 127 19260.  23.5  34.2   2.790   0.8   2.2
   1 1989 128 20160.  24.0  33.5   2.910   1.0   4.0
   1 1989 129 18000.  25.0  33.4   2.840   0.9   4.0
   1 1989 130 24660.  25.2  34.0   2.820   1.6   2.8
   1 1989 131 16200.  26.4  32.6   3.010   1.2  28.0
   1 1989 132 19620.  26.0  32.8   3.030   1.7   0.0
   1 1989 133 21600.  24.6  33.0   2.730   1.5   0.0
   1 1989 134 19980.  26.0  33.7   2.950   1.5   0.0
   1 1989 135 19260.  25.8  32.6   2.920   1.6   0.0
   1 1989 136 17280.  25.6  32.5   2.860   1.9  15.1
   1 1989 137  3060.  23.6  26.0   2.570   6.0 220.1
   1 1989 138 11700.  24.0  29.7   2.640   2.6   5.5
   1 1989 139 11520.  24.8  30.4   2.810   2.1  36.8
   1 1989 140 15300.  25.0  31.0   2.760   1.4   0.6
   1 1989 141 17100.  25.0  32.0   2.760   1.3   0.8
   1 1989 142 24120.  25.2  32.3   2.790   1.4   0.0
   1 1989 143 19440.  25.0  32.0   2.730   1.7   0.0
   1 1989 144 23760.  25.0  33.2   2.780   1.1   0.0
   1 1989 145 14580.  25.8  32.9   2.850   0.9  15.2
   1 1989 146 14220.  24.8  32.0   2.900   0.9  12.4
   1 1989 147 19440.  26.0  31.6   2.970   1.3   0.0
   1 1989 148 16380.  26.0  32.2   2.940   0.8   1.4
   1 1989 149 17100.  25.0  33.4   2.880   1.0   0.0
   1 1989 150 23580.  25.0  33.5   2.770   0.9   7.7
   1 1989 151 17820.  25.8  33.0   2.830   0.8   0.0
   1 1989 152 20700.  25.6  33.5   2.990   1.7   1.2
   1 1989 153 21060.  26.2  32.8   2.930   1.2  28.9
   1 1989 154 13860.  23.3  31.0   2.670   0.6   1.5
   1 1989 155 20160.  23.1  32.6   2.740   0.9   2.4
   1 1989 156 21060.  25.4  33.2   2.850   1.1  13.4
   1 1989 157  4860.  25.2  27.0   2.740   1.3  61.2
   1 1989 158 10080.  25.0  28.7   2.760   2.7   5.9
   1 1989 159 14220.  25.0  30.0   2.720   1.8   7.8
   1 1989 160 18180.  23.3  31.4   2.630   1.6   5.7
   1 1989 161 18360.  23.0  31.0   2.640   0.9   1.0
   1 1989 162 19980.  23.8  32.6   2.750   1.0   0.0
   1 1989 163 19620.  24.2  32.1   2.750   1.2   0.0
   1 1989 164 18000.  25.0  32.1   2.820   0.6   0.0
   1 1989 165 19260.  24.4  32.7   2.880   0.9   0.0
   1 1989 166 22680.  23.6  33.2   2.790   0.9   0.5
   1 1989 167 19980.  25.6  32.7   2.800   0.9   0.2
   1 1989 168 18540.  25.0  32.6   2.770   0.9   2.2
   1 1989 169 19440.  25.2  33.9   2.820   0.9   0.0
   1 1989 170 12420.  24.6  30.2   2.900   0.8   1.5
   1 1989 171 16740.  24.0  31.4   2.750   1.0  18.7
   1 1989 172 15300.  24.8  31.2   2.760   1.4   0.7
   1 1989 173 11880.  25.0  30.5   2.650   1.3  12.8
   1 1989 174 12420.  24.4  31.0   2.600   1.0   2.7
   1 1989 175 11880.  23.8  30.8   2.650   0.9  12.0
   1 1989 176 21060.  23.9  31.0   2.750   2.5   0.0
   1 1989 177 21960.  25.6  33.0   2.810   2.5   0.0
   1 1989 178 23400.  24.6  33.0   2.810   1.1   9.5
   1 1989 179 17640.  25.4  31.9   2.800   0.9   0.0
   1 1989 180 13140.  24.6  32.4   2.690   0.6  24.2
   1 1989 181 17640.  24.2  32.8   2.740   0.8   0.0
   1 1989 182 16560.  24.7  33.0   2.810   0.8   0.1
   1 1989 183 19440.  24.7  32.6   2.740   1.8   0.0
   1 1989 184 12420.  24.8  31.6   2.720   0.9   0.0
   1 1989 185 21420.  24.3  31.5   2.720   1.5   0.0
   1 1989 186 17640.  25.1  31.0   2.890   0.9   6.7
   1 1989 187 17460.  25.0  31.9   2.840   0.8   3.0
   1 1989 188 17460.  24.0  33.0   2.800   0.8   1.8
   1 1989 189 12960.  24.4  32.4   2.770   1.3   2.0
   1 1989 190 13860.  25.1  30.0   2.810   1.5   4.9
   1 1989 191 22860.  23.8  32.5   2.660   0.8   0.0
   1 1989 192 14220.  24.1  30.2   2.670   0.9   0.8
   1 1989 193 11340.  23.5  30.8   2.710   0.6   5.2
   1 1989 194 21780.  24.7  31.7   2.830   1.4   0.0
   1 1989 195 23220.  24.8  33.0   2.830   0.9   0.0
   1 1989 196 14940.  25.8  32.5   2.760   3.0   9.0
   1 1989 197  4860.  25.0  27.9   2.550   2.9  36.6
   1 1989 198  6120.  24.7  28.1   2.720   1.7   4.1
   1 1989 199 13860.  24.8  31.5   2.720   0.6   0.0
   1 1989 200  6840.  24.0  28.1   2.740   1.4  78.8
   1 1989 201  5400.  24.0  27.6   2.820   3.0  60.6
   1 1989 202 16740.  25.0  30.4   2.820   2.0  12.9
   1 1989 203 19980.  24.5  32.1   2.850   1.5   0.0
   1 1989 204 23400.  24.2  32.3   2.620   1.1   0.0
   1 1989 205 24120.  23.0  32.4   2.430   1.2   0.0
   1 1989 206 17280.  24.0  32.5   2.650   1.1   0.4
   1 1989 207 14220.  25.0  32.5   2.690   1.4  14.4
   1 1989 208 12780.  25.0  31.7   2.710   1.5   4.6
   1 1989 209 16380.  26.8  31.4   2.740   2.6   0.0
   1 1989 210 18540.  27.8  32.1   2.760   4.0   2.2
   1 1989 211  8820.  27.0  30.4   3.350   2.8  16.0
   1 1989 212 13140.  28.2  31.0   3.070   2.6  30.2
   1 1989 213  7020.  24.4  28.5   2.600   1.9  10.0
   1 1989 214  8820.  24.7  28.2   2.600   2.9  24.4
   1 1989 215 14940.  23.5  31.0   2.540   2.4  19.7
   1 1989 216 10440.  24.5  31.7   2.700   1.1   1.2
   1 1989 217 12600.  25.8  31.7   2.730   1.6   4.0
   1 1989 218  3780.  25.4  27.2   2.600   1.3  25.4
   1 1989 219  6840.  24.0  28.0   2.540   1.3   7.0
   1 1989 220 14760.  23.5  30.0   2.540   0.7  15.3
   1 1989 221 17280.  23.8  31.8   2.540   1.4   3.0
   1 1989 222 19080.  25.6  33.0   2.650   1.3   0.0
   1 1989 223 21420.  23.5  32.7   2.550   1.0   0.0
   1 1989 224 21240.  23.5  31.7   2.590   1.1   0.1
   1 1989 225 17100.  25.0  31.5   2.730   1.1  13.8
   1 1989 226 13860.  24.2  31.9   2.700   0.7  18.3
   1 1989 227 14760.  24.4  30.1   2.830   0.7  10.4
   1 1989 228 21780.  23.2  31.4   2.690   1.1   0.0
   1 1989 229 16740.  24.8  31.0   2.710   1.9   0.0
   1 1989 230  9000.  25.2  29.5   2.740   1.9   6.0
   1 1989 231 11160.  25.0  30.0   2.750   1.8   1.0
   1 1989 232  9540.  25.4  28.4   2.730   1.9  16.2
   1 1989 233  9720.  24.5  28.0   2.700   1.9   5.8
   1 1989 234 14400.  24.6  30.7   2.750   1.0   0.0
   1 1989 235 23760.  23.1  32.5   2.410   1.0   0.0
   1 1989 236 22860.  22.0  33.4   2.450   0.7   0.0
   1 1989 237 21600.  21.9  33.1   2.460   0.7   0.0
   1 1989 238 19080.  23.0  32.5   2.620   0.8   0.0
   1 1989 239 22320.  23.4  32.7   2.490   0.9   0.0
   1 1989 240 18000.  24.5  32.1   2.810   0.8   8.5
   1 1989 241 19080.  24.3  33.2   2.690   0.8   0.3
   1 1989 242  9540.  24.5  29.1   2.750   0.9  40.0
   1 1989 243 10800.  24.6  30.1   2.770   0.8   0.0
   1 1989 244 12600.  24.9  31.5   2.830   0.5   0.0
   1 1989 245 12420.  24.4  30.6   2.880   0.9  13.9
   1 1989 246 10620.  23.6  29.3   2.700   0.6  26.8
   1 1989 247 18900.  24.2  31.1   2.680   1.0   0.0
   1 1989 248 12240.  24.0  31.2   2.790   0.7  42.4
   1 1989 249 20520.  23.5  32.8   2.750   1.3   0.0
   1 1989 250 15840.  24.0  30.0   2.780   0.8   2.9
   1 1989 251 11340.  24.2  31.5   2.820   1.6  13.4
   1 1989 252  7560.  25.0  29.2   2.730   3.3  41.3
   1 1989 253  5400.  24.0  28.8   2.690   3.9  45.2
   1 1989 254 10980.  24.0  30.0   2.960   3.4  22.8
   1 1989 255  8820.  25.4  29.5   2.860   2.1   2.4
   1 1989 256 12060.  25.3  30.4   2.780   1.6   0.0
   1 1989 257 13860.  24.0  31.3   2.710   1.0   0.2
   1 1989 258 11700.  24.0  29.5   2.850   0.7  10.0
   1 1989 259 16200.  23.3  30.0   2.770   0.7   0.0
   1 1989 260 19620.  24.0  32.9   2.610   1.0   0.0
   1 1989 261 14940.  23.0  31.0   2.710   0.7   0.0
   1 1989 262 21240.  23.1  33.0   2.590   0.5   0.0
   1 1989 263 21420.  23.6  32.0   2.620   1.3   0.0
   1 1989 264 12600.  24.5  30.9   2.750   0.7   6.0
   1 1989 265 19980.  23.2  31.8   2.640   1.2   0.0
   1 1989 266 17460.  24.6  32.2   2.840   1.2   0.0
   1 1989 267 21600.  25.2  31.7   2.940   1.2   0.0
   1 1989 268 19260.  25.2  31.5   2.860   1.3   1.0
   1 1989 269 11340.  25.0  29.5   2.870   0.9   4.6
   1 1989 270 10980.  24.4  29.2   2.680   0.8   7.0
   1 1989 271 16920.  23.6  31.5   2.600   1.1  16.4
   1 1989 272 19800.  23.1  31.8   2.640   1.3   2.7
   1 1989 273 16200.  24.0  32.2   2.720   1.0   5.4
   1 1989 274 16380.  24.0  32.4   2.870   0.7   1.0
   1 1989 275 15660.  24.6  31.7   2.890   0.8   0.0
   1 1989 276 21060.  24.3  33.0   2.640   0.8   4.4
   1 1989 277 14940.  24.6  31.6   2.740   0.9   0.7
   1 1989 278 14940.  24.0  32.2   2.810   1.3   0.0
   1 1989 279 20160.  24.8  33.0   2.670   1.6   0.0
   1 1989 280 19080.  25.2  32.6   2.790   1.1   0.0
   1 1989 281 15480.  24.0  31.6   2.770   0.9  14.8
   1 1989 282 20340.  23.6  32.5   2.700   1.0  27.3
   1 1989 283 13140.  23.8  30.5   2.670   5.7 224.6
   1 1989 284  3420.  20.5  26.8   2.370   2.4   9.2
   1 1989 285 16200.  24.9  31.0   2.680   1.2   0.3
   1 1989 286 14040.  24.2  29.8   2.670   1.0   9.4
   1 1989 287 19440.  23.7  31.6   2.940   1.7   1.3
   1 1989 288 13500.  24.6  30.5   3.030   1.0   0.8
   1 1989 289 20160.  24.0  32.2   3.080   0.9   0.0
   1 1989 290 18360.  24.9  31.7   2.910   0.9   0.0
   1 1989 291 17640.  23.0  31.6   2.790   1.1   0.0
   1 1989 292  7920.  24.7  29.7   2.940   2.0   5.5
   1 1989 293 19440.  23.3  32.0   2.900   1.7   0.7
   1 1989 294 20160.  25.0  32.0   3.110   1.8   0.2
   1 1989 295 11340.  24.0  30.7   2.940   1.3  20.5
   1 1989 296 14040.  24.0  29.5   3.140   1.1  11.4
   1 1989 297 18540.  24.0  31.6   3.010   1.7   0.5
   1 1989 298 18000.  24.9  31.0   3.020   1.7   0.0
   1 1989 299 16560.  22.8  30.5   2.840   1.4   0.0
   1 1989 300 16560.  22.5  31.0   2.710   1.1   0.0
   1 1989 301 13500.  23.0  30.0   2.810   0.8   0.0
   1 1989 302 15840.  23.6  31.1   2.960   1.5   0.0
   1 1989 303 16740.  24.8  31.0   2.890   1.7   0.0
   1 1989 304  9900.  22.6  28.1   2.790   1.3   0.8
   1 1989 305 16740.  24.0  30.5   2.900   2.1   2.4
   1 1989 306 15120.  23.5  30.5   2.820   2.1   0.0
   1 1989 307  6840.  23.8  28.4   2.870   1.0   0.4
   1 1989 308 10440.  24.4  27.2   2.960   1.3   1.7
   1 1989 309 14220.  24.0  31.2   3.070   1.6   5.0
   1 1989 310  8820.  24.6  27.5   2.980   1.4   0.1
   1 1989 311 15840.  23.2  30.0   2.750   2.0   0.2
   1 1989 312 18540.  23.5  31.1   2.650   2.3   1.5
   1 1989 313 13320.  23.4  29.3   2.870   1.7   0.0
   1 1989 314 19080.  22.7  31.5   2.730   1.6   0.0
   1 1989 315 16380.  23.2  31.3   2.760   1.8   0.4
   1 1989 316 14940.  23.8  30.5   2.920   1.7   2.3
   1 1989 317 16380.  22.7  30.0   2.770   1.7   0.0
   1 1989 318 14760.  23.0  30.5   2.820   1.8   0.0
   1 1989 319 13680.  24.0  29.2   2.910   1.8   0.0
   1 1989 320  8100.  23.7  27.7   2.940   1.7   1.3
   1 1989 321 17640.  23.2  29.0   2.710   2.3   0.0
   1 1989 322 11880.  22.0  28.5   2.480   1.4   0.1
   1 1989 323 14760.  20.1  28.2   2.330   0.9   0.0
   1 1989 324 13140.  19.8  28.2   2.420   1.1   0.0
   1 1989 325  5940.  23.2  28.9   2.640   3.9  17.6
   1 1989 326  6480.  23.2  27.5   2.950   0.8   4.1
   1 1989 327 12060.  21.0  30.1   2.590   0.9   0.0
   1 1989 328 17820.  21.6  30.5   2.600   1.4   0.0
   1 1989 329 14400.  22.8  30.2   2.860   1.3   1.0
   1 1989 330 15120.  23.6  30.0   2.820   1.6   0.0
   1 1989 331 17100.  21.4  30.7   2.670   1.4   0.0
   1 1989 332 16560.  21.7  30.3   2.660   1.9   2.1
   1 1989 333  5400.  23.0  26.2   2.570   3.1   0.0
   1 1989 334 11340.  22.1  26.7   2.230   3.1   0.0
