*---------------------------------------------------------*
*   Country: Philippines
*   Station: IRRI wet station site
*      Year: 1983
*    Source: Agroclimate Service Unit of IRRI.
*    Author: Daniel van Kraalingen
* Longitude: 121 15 E
*  Latitude: 14 11 N
* Elevation: 21 m.
*  Comments: Original name of data used in IRRI: ORWET.
*
*  Columns:
*  ========
*  station number
*  year
*  day
*  irradiation (kJ m-2 d-1)
*  minimum temperature (degrees Celsius)
*  maximum temperature (degrees Celsius)
*  vapour pressure (kPa)
*  mean wind speed (m s-1)
*  precipitation (mm d-1)
** WCCDESCRIPTION=Philippines, IRRI wet station site
** WCCFORMAT=2
** WCCYEARNR=1983
*---------------------------------------------------------*
 121.25  14.18    21. -0.25 -0.45
   1 1983   1 17460.  23.0  31.8   2.570   1.0   0.0
   1 1983   2 15300.  24.0  30.5   2.720   1.8   0.0
   1 1983   3  9360.  22.5  29.0   2.660   2.3  18.6
   1 1983   4  8640.  23.4  27.8   2.770   1.9   1.3
   1 1983   5 17100.  22.1  28.8   2.480   2.2   0.0
   1 1983   6 13680.  21.8  29.0   2.470   1.8   0.0
   1 1983   7 19080.  20.9  29.8   2.470   2.0   0.0
   1 1983   8 13320.  21.0  28.5   2.720   1.1   0.0
   1 1983   9 12600.  22.6  28.1   2.740   1.6   5.2
   1 1983  10 13860.  22.0  28.6   2.680   1.4   9.0
   1 1983  11 16380.  21.7  29.1   2.630   2.1   2.4
   1 1983  12 17100.  21.5  29.5   2.640   1.6   3.9
   1 1983  13 12420.  21.6  29.2   2.690   1.2   2.4
   1 1983  14 11340.  23.1  27.7   2.820   1.4   7.0
   1 1983  15 17100.  22.5  30.0   2.640   1.8   0.3
   1 1983  16 11160.  22.4  28.1   2.760   1.3   8.6
   1 1983  17 19800.  21.0  29.2   2.500   2.1   0.0
   1 1983  18 10260.  21.4  27.7   2.580   1.3   0.8
   1 1983  19 14400.  22.0  28.2   2.690   1.3   1.0
   1 1983  20 14040.  21.5  28.0   2.650   1.2   1.0
   1 1983  21 18180.  22.1  29.6   2.590   1.5   0.0
   1 1983  22 15480.  22.4  27.5   2.550   2.3   0.0
   1 1983  23 14400.  22.2  28.1   2.610   2.0   0.0
   1 1983  24 12960.  21.6  28.0   2.500   1.5   0.0
   1 1983  25 14400.  21.8  28.0   2.580   1.4   0.2
   1 1983  26  9900.  21.5  27.0   2.640   1.8  12.2
   1 1983  27  9180.  22.5  27.0   2.750   1.9   0.6
   1 1983  28  9900.  22.2  27.9   2.720   1.1   1.6
   1 1983  29 12960.  21.0  29.5   2.580   1.3   0.0
   1 1983  30 20340.  21.6  30.7   2.600   1.3   0.0
   1 1983  31 19080.  21.2  30.2   2.560   1.1   0.0
   1 1983  32 16200.  21.8  30.2   2.500   1.1   0.0
   1 1983  33 18720.  20.7  30.5   2.460   1.1   0.0
   1 1983  34 17820.  20.1  30.5   2.470   1.4   0.0
   1 1983  35 21600.  20.5  29.6   2.450   1.7   0.0
   1 1983  36 21780.  21.4  30.4   2.370   1.9   0.0
   1 1983  37 19440.  20.5  30.2   2.320   1.2   0.0
   1 1983  38 19800.  17.7  29.8   2.210   1.2   0.0
   1 1983  39 22140.  16.8  29.7   2.090   1.5   0.0
   1 1983  40 22140.  18.2  29.0   2.110   1.9   0.0
   1 1983  41 21600.  19.0  29.7   2.120   1.6   0.0
   1 1983  42 22140.  18.7  29.4   2.210   0.9   0.0
   1 1983  43 17100.  18.5  29.1   2.210   1.4   0.0
   1 1983  44 19440.  20.1  29.7   2.360   1.4   0.0
   1 1983  45 22860.  20.5  30.1   2.310   1.8   0.0
   1 1983  46 20700.  20.1  31.4   2.460   1.2   0.0
   1 1983  47 21060.  20.1  32.4   2.290   1.4   0.0
   1 1983  48 19080.  19.9  31.6   2.460   1.9   0.0
   1 1983  49 20700.  21.5  30.1   2.310   1.5   0.0
   1 1983  50 20340.  21.7  29.0   2.510   1.8   0.0
   1 1983  51 21780.  19.2  31.4   2.310   1.4   0.0
   1 1983  52 19800.  21.3  30.0   2.560   1.8   0.0
   1 1983  53 16380.  23.2  29.0   2.740   2.0   0.1
   1 1983  54 16740.  21.6  30.5   2.640   1.9   2.1
   1 1983  55 20700.  23.7  31.0   2.670   1.6   0.0
   1 1983  56 23040.  21.5  31.0   2.430   1.4   0.0
   1 1983  57 24300.  20.0  29.9   2.280   2.4   0.0
   1 1983  58 22680.  21.6  30.1   2.520   2.5   0.0
   1 1983  59 18360.  21.7  30.6   2.400   1.9   0.0
   1 1983  60 13860.  21.8  31.7   2.380   1.3   0.0
   1 1983  61 17460.  23.1  31.7   2.500   1.4   0.0
   1 1983  62 14580.  23.0  30.6   2.750   1.6   0.0
   1 1983  63 23580.  21.9  31.2   2.560   1.2   0.0
   1 1983  64 18360.  22.0  29.1   2.740   1.9   1.2
   1 1983  65 10620.  22.3  27.3   2.610   1.5   0.2
   1 1983  66 20700.  22.4  29.8   2.520   1.5   0.0
   1 1983  67 19620.  22.2  30.7   2.770   1.3   0.0
   1 1983  68 19260.  21.7  29.8   2.720   1.5   0.0
   1 1983  69 20340.  21.5  32.0   2.680   1.3   0.0
   1 1983  70 20880.  21.9  30.7   2.700   1.5   0.0
   1 1983  71 21960.  20.9  32.1   2.600   1.9   0.0
   1 1983  72 17820.  21.7  32.6   2.740   1.2   0.0
   1 1983  73 22860.  24.0  31.1   2.960   2.0   0.0
   1 1983  74 24840.  22.4  31.7   2.740   1.9   0.0
   1 1983  75 15840.  22.1  32.5   2.810   1.1   0.0
   1 1983  76 21420.  23.5  32.5   2.950   1.2   0.0
   1 1983  77 24840.  23.0  30.7   2.760   1.8   0.0
   1 1983  78 24480.  21.1  32.1   2.600   1.9   0.0
   1 1983  79 21060.  22.8  33.5   2.830   1.6   0.0
   1 1983  80 23220.  22.5  32.1   2.870   1.6   0.0
   1 1983  81 24120.  22.0  30.8   2.700   1.7   0.0
   1 1983  82 24120.  20.6  32.7   2.520   1.2   0.0
   1 1983  83 24660.  20.7  32.9   2.590   1.4   0.0
   1 1983  84 22140.  22.2  33.4   2.690   1.3   0.0
   1 1983  85 24300.  21.7  32.8   2.720   1.5   0.0
   1 1983  86 17820.  22.5  31.9   2.740   1.8   0.0
   1 1983  87 25200.  22.0  32.7   2.570   1.7   0.0
   1 1983  88 22860.  20.7  32.8   2.570   1.4   0.0
   1 1983  89 19260.  20.6  31.5   2.650   0.9   6.5
   1 1983  90 20700.  21.5  32.1   2.680   1.0   0.0
   1 1983  91 19800.  23.2  33.0   2.700   0.9   0.0
   1 1983  92 19620.  24.2  32.0   3.020   1.4   0.0
   1 1983  93 19080.  23.7  31.2   2.860   1.1   0.0
   1 1983  94 23400.  22.2  33.2   2.620   1.2   0.0
   1 1983  95 22320.  21.7  33.5   2.680   1.1   0.0
   1 1983  96 19620.  22.4  33.6   2.820   1.0   0.0
   1 1983  97 24660.  23.5  33.5   2.800   1.8   0.0
   1 1983  98 23400.  23.5  34.2   2.690   1.4   0.0
   1 1983  99 23400.  22.9  33.8   2.750   1.5   0.0
   1 1983 100 24120.  22.5  34.0   2.560   1.7   0.0
   1 1983 101 25560.  22.1  33.7   2.570   1.2   0.0
   1 1983 102 24660.  20.4  34.2   2.560   1.3   0.0
   1 1983 103 23400.  20.5  32.5   2.550   1.3   0.0
   1 1983 104 23940.  20.0  31.5   2.380   1.6   0.0
   1 1983 105 20880.  22.0  33.2   2.590   1.5   0.0
   1 1983 106 24120.  22.4  32.0   2.710   1.6   0.0
   1 1983 107 23580.  23.0  33.0   2.820   2.3   0.0
   1 1983 108 23940.  24.7  32.8   2.870   2.7   0.0
   1 1983 109 24660.  24.5  33.1   2.610   2.1   0.0
   1 1983 110 25740.  23.6  32.7   2.770   1.9   0.1
   1 1983 111 17640.  23.6  33.1   2.690   1.7   0.0
   1 1983 112 16740.  24.6  32.0   2.940   1.5   0.2
   1 1983 113 18360.  24.4  32.7   2.900   1.8   0.0
   1 1983 114 25380.  24.1  32.3   2.700   2.9   0.4
   1 1983 115 16920.  25.0  32.3   2.890   2.4   0.0
   1 1983 116 21780.  23.7  31.9   2.860   2.7   0.0
   1 1983 117 21960.  24.2  31.8   2.820   2.4   0.0
   1 1983 118 24660.  23.1  32.6   2.710   2.2   0.0
   1 1983 119 20340.  23.0  32.0   2.830   2.0   0.0
   1 1983 120 19440.  22.9  32.7   2.750   2.0   0.0
   1 1983 121 25560.  23.0  32.5   2.560   2.5   0.0
   1 1983 122 18000.  23.2  31.9   2.860   2.2   0.0
   1 1983 123 19440.  23.0  31.7   2.740   2.1   0.0
   1 1983 124 26100.  23.5  32.5   2.720   2.3   0.0
   1 1983 125 24300.  23.1  33.7   2.750   1.7   0.0
   1 1983 126 24840.  21.4  32.1   2.590   1.9   0.0
   1 1983 127 23400.  23.5  33.4   2.800   1.3   0.0
   1 1983 128 25560.  24.1  33.5   2.850   2.2   0.0
   1 1983 129 24660.  23.7  33.5   2.530   2.0   0.0
   1 1983 130 23400.  23.7  34.5   2.880   1.5   0.0
   1 1983 131 16920.  23.4  34.3   2.930   1.1   0.0
   1 1983 132 22860.  23.2  34.7   2.760   1.6   0.0
   1 1983 133 23580.  22.5  34.2   2.810   1.4   0.0
   1 1983 134 22320.  22.6  34.7   2.740   1.4   0.0
   1 1983 135 16200.  24.5  34.1   2.870   1.5   0.0
   1 1983 136 17460.  24.5  34.6   2.990   1.2   0.0
   1 1983 137 20160.  24.0  34.7   3.030   1.1   2.0
   1 1983 138 17640.  25.7  32.8   3.220   1.2   0.0
   1 1983 139 18720.  25.2  33.4   3.020   1.1   2.0
   1 1983 140 15120.  24.4  35.0   3.000   1.0   0.0
   1 1983 141 21060.  24.6  35.4   2.890   1.5   0.0
   1 1983 142 21600.  24.8  35.1   3.050   1.5   0.0
   1 1983 143 18000.  26.1  34.5   3.110   1.5   0.6
   1 1983 144 18180.  25.0  35.0   2.930   1.3   0.0
   1 1983 145 18360.  24.5  33.3   2.830   1.2   0.0
   1 1983 146 25560.  24.6  34.0   2.770   1.9   0.0
   1 1983 147 26460.  24.1  33.4   2.610   1.9   0.0
   1 1983 148 24120.  24.0  34.5   2.890   1.4   0.0
   1 1983 149 23040.  24.3  34.1   2.960   1.2   0.0
   1 1983 150 16920.  25.0  35.5   3.040   1.2  29.4
   1 1983 151 18720.  25.0  34.4   3.150   0.9  10.6
   1 1983 152 20880.  25.5  34.0   3.150   1.2   6.7
   1 1983 153 15660.  24.2  33.5   3.010   0.9  14.0
   1 1983 154 24660.  23.9  35.4   2.880   1.1   0.0
   1 1983 155 15300.  25.4  33.6   3.090   1.7   0.0
   1 1983 156 17640.  26.6  34.3   3.140   2.1   5.7
   1 1983 157 10440.  25.0  30.2   2.970   1.4   0.1
   1 1983 158 16560.  25.5  34.5   3.010   1.2   6.2
   1 1983 159 23400.  24.8  35.0   2.970   1.3   0.0
   1 1983 160 26100.  24.7  34.0   2.930   1.9   0.0
   1 1983 161 24840.  25.7  33.8   2.920   1.9   0.0
   1 1983 162 19260.  25.5  33.2   3.030   1.8   6.2
   1 1983 163 18720.  24.9  33.1   3.080   1.4   0.0
   1 1983 164 20340.  25.0  33.5   2.940   1.7   0.0
   1 1983 165 24660.  25.6  33.9   2.940   1.9   0.0
   1 1983 166 19800.  25.4  33.6   3.070   1.4   0.0
   1 1983 167 17460.  24.9  33.6   3.200   1.3  36.9
   1 1983 168 18720.  23.7  33.6   3.050   0.9  41.9
   1 1983 169 20880.  24.0  33.5   3.170   1.2   0.0
   1 1983 170 22140.  24.6  33.5   3.040   1.1   7.4
   1 1983 171 15120.  25.2  33.4   3.140   0.8   2.6
   1 1983 172 18900.  25.1  32.0   3.110   1.4   5.0
   1 1983 173 21960.  24.7  32.2   2.880   2.1   0.8
   1 1983 174 11520.  25.2  32.4   3.330   1.7  21.2
   1 1983 175 25740.  24.7  32.8   3.050   2.0   0.0
   1 1983 176 16560.  24.6  32.7   3.130   0.7   2.6
   1 1983 177 15660.  25.0  32.5   3.170   0.7   2.6
   1 1983 178 12600.  24.8  31.3   3.190   0.6   9.1
   1 1983 179 20520.  24.0  33.0   2.980   1.0   0.0
   1 1983 180 20880.  24.2  34.5   3.060   0.9   2.3
   1 1983 181 23940.  25.0  34.5   3.060   0.7   0.2
   1 1983 182 24300.  24.9  34.4   3.090   0.9   0.1
   1 1983 183 20160.  25.2  33.8   3.110   1.1   0.2
   1 1983 184 19800.  24.9  33.5   3.040   0.8   0.0
   1 1983 185 17640.  24.5  33.5   3.100   0.6   8.0
   1 1983 186 19260.  25.5  33.0   3.280   1.0   2.8
   1 1983 187 22860.  24.1  33.1   3.090   1.1   0.0
   1 1983 188 16920.  24.6  33.1   3.130   0.8   0.0
   1 1983 189 17460.  24.9  32.5   3.150   0.9   9.3
   1 1983 190 21780.  24.7  34.0   3.160   0.9  17.2
   1 1983 191  6300.  25.0  27.9   3.190   2.3  41.4
   1 1983 192 13860.  25.4  30.5   3.120   1.0  11.0
   1 1983 193 15840.  24.2  33.1   3.010   0.6   0.0
   1 1983 194 21060.  24.9  32.5   3.150   1.2   3.4
   1 1983 195 10800.  24.3  30.0   3.080   4.2 154.7
   1 1983 196  4860.  22.0  25.9   2.790   5.5 184.3
   1 1983 197 11160.  24.7  29.3   2.960   2.4   0.6
   1 1983 198 15120.  25.1  31.2   2.980   0.6   0.0
   1 1983 199 12420.  24.1  29.7   2.920   0.6   2.9
   1 1983 200 21600.  24.5  32.5   3.090   1.2   0.0
   1 1983 201 12780.  25.2  29.8   3.030   1.0  22.3
   1 1983 202 18360.  24.8  31.7   3.100   1.1  12.8
   1 1983 203 20520.  24.6  33.1   3.130   0.8   0.4
   1 1983 204 20160.  24.6  32.6   2.980   0.9   4.8
   1 1983 205 12960.  23.8  31.8   3.050   0.9   0.4
   1 1983 206  6840.  24.9  28.3   3.150   0.8  78.2
   1 1983 207 16380.  23.0  31.1   2.870   1.0  24.3
   1 1983 208 12600.  23.8  30.1   3.030   0.8   0.4
   1 1983 209 18180.  24.6  32.3   3.130   0.8  19.2
   1 1983 210 14220.  24.6  31.3   3.140   0.9  38.4
   1 1983 211 19440.  24.4  31.4   3.010   1.3   0.8
   1 1983 212 16380.  25.0  30.0   3.120   1.2   0.8
   1 1983 213 17460.  24.0  32.0   3.010   1.3   0.0
   1 1983 214 16920.  24.7  31.1   3.030   0.8   0.0
   1 1983 215 14040.  24.6  31.0   2.970   0.6   0.0
   1 1983 216 14400.  23.5  31.1   2.980   0.4   2.8
   1 1983 217 15120.  23.0  30.7   2.940   0.6   2.6
   1 1983 218 13140.  24.0  30.5   3.090   0.7   5.6
   1 1983 219 12240.  23.2  30.1   2.940   0.6   2.6
   1 1983 220 17640.  23.6  31.5   3.010   0.6   0.0
   1 1983 221 17460.  23.1  32.0   2.990   0.8   0.0
   1 1983 222 21420.  23.5  32.2   2.890   1.5   0.6
   1 1983 223 11880.  25.2  30.4   2.930   2.0   0.0
   1 1983 224  6120.  26.0  28.8   3.010   1.8   9.2
   1 1983 225  7560.  25.4  29.0   2.920   2.4   9.4
   1 1983 226 12600.  25.7  30.0   2.970   2.6  15.8
   1 1983 227  9720.  24.5  30.4   2.990   2.0   2.4
   1 1983 228 10080.  25.1  30.6   3.010   1.4  13.8
   1 1983 229 19620.  23.8  32.0   2.990   0.9   0.0
   1 1983 230 16560.  24.5  30.7   3.100   0.7   3.4
   1 1983 231 16560.  24.5  31.6   3.180   0.6  43.7
   1 1983 232 18900.  24.0  31.7   3.060   0.8   0.0
   1 1983 233 20880.  23.5  31.7   2.940   0.9   0.2
   1 1983 234 18000.  23.9  31.7   3.100   0.8  21.1
   1 1983 235 14580.  23.9  31.7   2.950   0.7   0.0
   1 1983 236 23400.  23.9  33.5   2.950   1.1   0.0
   1 1983 237 20340.  23.0  33.2   2.850   1.6   0.0
   1 1983 238 22680.  25.3  33.4   3.100   1.2   0.0
   1 1983 239 22500.  24.6  33.4   2.920   1.3   0.0
   1 1983 240 17280.  24.0  32.9   3.210   1.1  49.1
   1 1983 241 20700.  23.6  32.5   2.990   0.9   0.0
   1 1983 242 10980.  25.0  30.6   3.100   0.7   1.1
   1 1983 243 14400.  24.0  30.7   3.070   0.6  13.0
   1 1983 244 12600.  24.1  33.1   3.170   0.5  18.4
   1 1983 245 19800.  23.9  32.0   3.100   0.8   0.6
   1 1983 246 16020.  24.9  32.4   3.250   0.8   3.8
   1 1983 247 14220.  25.0  30.1   3.070   1.1   3.4
   1 1983 248 18180.  25.0  32.8   2.910   0.6   0.0
   1 1983 249 21240.  23.3  31.0   2.960   0.8   0.4
   1 1983 250 17280.  24.2  33.6   2.890   0.9   1.8
   1 1983 251 20520.  23.0  33.8   2.860   0.6   0.0
   1 1983 252 16380.  24.6  33.0   3.190   0.6   0.0
   1 1983 253 19620.  24.6  32.6   3.050   0.9   1.0
   1 1983 254 13860.  25.2  31.2   3.000   0.9   0.8
   1 1983 255 20340.  24.0  32.2   3.080   1.0   0.0
   1 1983 256 14400.  23.9  32.0   3.060   0.8   8.8
   1 1983 257 19620.  24.4  33.1   3.130   1.1   0.3
   1 1983 258 19260.  24.6  32.6   3.030   0.9   0.0
   1 1983 259 15300.  25.4  32.1   3.150   0.9   0.0
   1 1983 260 19080.  24.4  32.7   3.030   0.7   0.0
   1 1983 261 19440.  23.7  33.2   2.920   0.7   0.0
   1 1983 262 18720.  23.3  33.6   2.840   0.9   0.6
   1 1983 263 18720.  25.0  32.2   3.150   1.0   0.9
   1 1983 264  9720.  24.7  30.7   3.070   0.6   4.1
   1 1983 265  8460.  25.1  30.5   3.210   0.8  46.6
   1 1983 266  9360.  24.2  28.4   3.010   0.6   0.7
   1 1983 267 16560.  23.7  31.9   2.880   0.9   0.0
   1 1983 268 14400.  26.0  31.3   3.050   2.2   3.4
   1 1983 269  3960.  24.7  26.2   2.870   2.6  26.2
   1 1983 270  7560.  24.2  28.7   2.870   1.6   3.4
   1 1983 271 11700.  23.9  29.2   2.910   0.8   0.0
   1 1983 272 21060.  22.6  32.2   2.810   1.0   0.1
   1 1983 273 13140.  24.9  30.0   3.230   1.1  17.8
   1 1983 274 10260.  24.7  30.6   3.070   1.0  22.5
   1 1983 275 12420.  25.0  30.5   3.140   1.3  14.0
   1 1983 276 17100.  23.4  31.4   2.960   0.9  21.4
   1 1983 277 14760.  23.7  30.7   2.960   0.9   8.2
   1 1983 278  6480.  24.2  28.4   3.060   0.9   0.5
   1 1983 279 11520.  25.4  30.4   3.290   1.0   7.0
   1 1983 280 17280.  24.8  32.1   3.210   0.8  34.0
   1 1983 281 16200.  23.5  32.2   3.010   0.8   0.0
   1 1983 282 19440.  23.7  32.0   2.910   0.8   7.6
   1 1983 283  7200.  23.5  28.9   2.890   1.9  71.5
   1 1983 284  7200.  23.1  27.1   2.720   1.6   0.7
   1 1983 285 18180.  23.5  31.0   2.830   1.7   2.2
   1 1983 286 21060.  22.3  32.5   2.670   0.7   0.0
   1 1983 287 13860.  24.5  30.2   3.050   0.9   6.3
   1 1983 288 11340.  25.1  30.0   3.180   1.3  11.5
   1 1983 289  7740.  24.0  29.1   3.050   0.6   0.0
   1 1983 290 15120.  24.2  30.8   2.990   1.0   0.2
   1 1983 291 14220.  23.8  30.7   2.900   1.2   0.4
   1 1983 292 16020.  24.5  30.0   3.030   1.1   4.0
   1 1983 293  6120.  24.6  27.7   3.080   0.8   7.8
   1 1983 294 17640.  24.0  30.5   2.980   1.5   2.2
   1 1983 295 19080.  23.7  32.5   2.990   1.3   1.7
   1 1983 296 14040.  24.0  31.8   3.040   0.9   9.8
   1 1983 297 10620.  25.0  29.1   3.160   0.9   2.2
   1 1983 298 10620.  24.5  29.4   3.120   1.1   3.8
   1 1983 299 20160.  24.1  31.7   2.990   0.9   0.0
   1 1983 300  4140.  25.3  27.2   3.230   1.4  76.7
   1 1983 301 10620.  23.5  30.5   3.070   1.1   4.0
   1 1983 302 12240.  25.0  31.2   3.140   1.2   8.7
   1 1983 303 11340.  23.8  30.3   2.940   1.0  39.6
   1 1983 304 17820.  23.5  31.2   3.010   1.1   0.0
   1 1983 305 20340.  23.5  32.5   2.950   0.7   0.0
   1 1983 306 12600.  24.7  31.0   3.040   1.0   5.2
   1 1983 307  7740.  23.5  28.2   2.990   0.7   2.0
   1 1983 308  5580.  23.5  27.8   2.970   0.4   0.0
   1 1983 309 12780.  22.6  29.7   2.870   0.9   0.0
   1 1983 310 17640.  24.5  31.0   2.880   1.5   0.0
   1 1983 311 11880.  24.1  28.4   2.870   2.0   0.0
   1 1983 312 15300.  23.1  30.5   2.750   1.8   0.0
   1 1983 313 17100.  21.8  30.0   2.520   1.8   0.0
   1 1983 314 15660.  21.5  30.6   2.760   1.3   2.9
   1 1983 315 16560.  23.6  29.9   2.840   1.6   0.4
   1 1983 316  9720.  21.8  28.6   2.560   1.3   1.2
   1 1983 317  7560.  23.9  27.9   3.010   1.3   2.6
   1 1983 318  9540.  23.6  27.5   2.870   1.5   2.2
   1 1983 319 16200.  23.5  30.4   2.800   1.8   0.7
   1 1983 320 18180.  23.5  31.0   2.870   1.6   0.0
   1 1983 321 14220.  22.0  29.7   2.660   1.4   0.0
   1 1983 322  6660.  23.4  27.6   2.790   1.8  11.3
   1 1983 323 15840.  23.4  29.0   2.570   2.0   0.0
   1 1983 324 10800.  21.7  28.6   2.530   1.5   0.0
   1 1983 325  7200.  23.1  27.5   2.790   1.1   1.4
   1 1983 326 14040.  23.0  31.8   2.870   0.5   0.0
   1 1983 327 13140.  23.8  30.1   2.980   0.9   0.0
   1 1983 328 14760.  24.6  29.4   2.870   1.2   0.0
   1 1983 329 16740.  22.0  30.1   2.600   0.7   0.0
   1 1983 330 13680.  23.5  29.5   2.740   2.2   0.0
   1 1983 331 11520.  22.7  27.5   2.520   2.9   0.2
   1 1983 332  7200.  23.5  27.1   2.820   2.4   1.2
   1 1983 333 18360.  23.1  29.6   2.770   2.2   0.0
   1 1983 334 16200.  23.5  30.4   2.750   1.8   0.2
   1 1983 335  9720.  23.5  27.5   2.760   2.1   1.2
   1 1983 336  9900.  23.2  27.5   2.820   1.9   0.1
   1 1983 337  9000.  23.6  27.5   2.760   2.4   0.0
   1 1983 338 12060.  21.3  27.9   2.120   2.7   0.2
   1 1983 339 15840.  21.5  27.4   2.150   2.7   0.0
   1 1983 340 15840.  19.5  27.2   2.120   2.0   0.0
   1 1983 341 12600.  21.7  28.0   2.350   2.7   0.0
   1 1983 342  3960.  23.5  26.5   2.630   1.6   0.6
   1 1983 343  4500.  23.1  25.0   2.600   2.3   4.5
   1 1983 344  5220.  22.9  26.3   2.290   1.8   0.0
   1 1983 345  8460.  21.1  26.8   2.120   2.3   0.0
   1 1983 346  7560.  22.9  26.2   2.060   2.2   0.0
   1 1983 347  6120.  23.0  26.6   2.750   1.4   5.4
   1 1983 348  5580.  24.0  27.8   2.790   1.4   1.3
   1 1983 349  9900.  23.1  27.4   2.560   2.1   0.0
   1 1983 350 15120.  23.5  28.5   2.390   2.0   0.0
   1 1983 351  9360.  20.9  27.2   2.400   1.4   0.0
   1 1983 352  9540.  23.0  27.0   2.360   2.0   0.2
   1 1983 353 13320.  20.7  28.0   2.280   1.9   0.0
   1 1983 354 16920.  20.6  28.4   2.200   2.4   0.0
   1 1983 355  8100.  21.0  27.0   2.280   1.7   0.0
   1 1983 356  9720.  23.2  27.9   2.640   1.3   0.0
   1 1983 357  8280.  23.5  27.5   2.660   1.6   0.0
   1 1983 358  9180.  23.5  26.6   2.520   2.0   0.0
   1 1983 359  8820.  21.7  27.0   2.480   1.8   0.0
   1 1983 360  7560.  22.2  26.5   2.410   1.8   0.0
   1 1983 361  9720.  22.2  26.3   2.380   1.8   0.6
   1 1983 362  7920.  22.5  26.2   2.540   1.4   0.2
   1 1983 363  9180.  22.2  29.1   2.580   0.5   0.0
   1 1983 364 16020.  21.8  30.6   2.430   1.1   1.1
   1 1983 365  8640.  22.5  26.5   2.490   1.8   0.4
