*---------------------------------------------------------*
*   Country: Philippines
*   Station: IRRI wet station site
*      Year: 1987
*    Source: Agroclimate Service Unit of IRRI.
*    Author: Daniel van Kraalingen
* Longitude: 121 15 E
*  Latitude: 14 11 N
* Elevation: 21 m.
*  Comments: Original name of data used in IRRI: ORWET.
*
*  Columns:
*  ========
*  station number
*  year
*  day
*  irradiation (kJ m-2 d-1)
*  minimum temperature (degrees Celsius)
*  maximum temperature (degrees Celsius)
*  vapour pressure (kPa)
*  mean wind speed (m s-1)
*  precipitation (mm d-1)
** WCCDESCRIPTION=Philippines, IRRI wet station site
** WCCFORMAT=2
** WCCYEARNR=1987
*---------------------------------------------------------*
 121.25  14.18    21. -0.25 -0.45
   1 1987   1 11340.  21.4  30.5   2.440   1.3   0.0
   1 1987   2  9720.  20.8  29.8   2.320   1.1   0.0
   1 1987   3 14580.  22.2  30.5   2.530   1.2   0.0
   1 1987   4 12780.  22.0  30.2   2.490   1.5   0.0
   1 1987   5 17460.  21.0  30.5   2.230   1.2   0.0
   1 1987   6 12420.  21.2  30.0   2.280   2.0   2.0
   1 1987   7 10980.  22.6  28.7   2.530   1.9  18.8
   1 1987   8  4860.  22.4  26.4   2.460   1.4  13.4
   1 1987   9 16740.  20.4  28.2   2.050   2.1   0.0
   1 1987  10 10620.  20.2  28.0   2.210   1.9   0.0
   1 1987  11 13860.  21.2  28.5   2.420   1.9   0.0
   1 1987  12 16920.  19.6  29.4   2.170   1.2   2.2
   1 1987  13  4680.  21.3  24.1   2.140   2.6   1.2
   1 1987  14  9720.  19.5  25.7   1.930   2.0   0.0
   1 1987  15 15300.  19.0  27.2   1.810   2.1   0.0
   1 1987  16 15300.  18.5  27.9   1.950   1.9   0.0
   1 1987  17  8820.  21.2  27.4   2.310   1.9   0.4
   1 1987  18  7380.  22.5  27.2   2.350   2.1   0.2
   1 1987  19 12060.  20.7  28.0   2.260   1.7   0.0
   1 1987  20  9000.  20.1  27.5   2.230   1.7   0.7
   1 1987  21 15660.  19.3  28.1   2.070   1.8   0.0
   1 1987  22 15300.  20.6  28.2   2.150   2.3   0.0
   1 1987  23 17280.  20.1  28.2   2.020   1.8   0.0
   1 1987  24 18540.  18.2  28.7   2.000   1.4   0.2
   1 1987  25 13320.  20.2  28.2   2.050   2.2   1.2
   1 1987  26 12780.  21.1  26.8   2.120   2.7   0.0
   1 1987  27 15120.  19.2  27.0   1.870   2.5   0.0
   1 1987  28 11880.  20.0  26.0   1.900   2.2   0.0
   1 1987  29 13680.  19.8  26.6   2.020   2.1   0.0
   1 1987  30 17460.  18.0  27.4   1.930   1.8   0.0
   1 1987  31 12240.  18.5  27.7   2.130   1.6   0.0
   1 1987  32  3960.  21.2  28.5   2.300   1.7   0.0
   1 1987  33  6300.  21.7  28.2   2.250   1.7   0.0
   1 1987  34  9180.  21.1  26.5   2.310   2.7   0.9
   1 1987  35  9108.  21.5  24.7   2.050   2.8   0.0
   1 1987  36 10800.  18.5  24.5   1.780   2.0   0.0
   1 1987  37 15660.  17.6  26.2   1.850   2.2   0.1
   1 1987  38  9540.  20.1  26.7   2.070   1.5   1.1
   1 1987  39 16020.  20.3  27.6   2.060   2.4   1.0
   1 1987  40 12600.  20.5  27.8   2.140   2.3   0.0
   1 1987  41 16020.  19.4  28.2   2.090   1.7   0.0
   1 1987  42 16740.  19.5  29.3   2.120   1.9   0.0
   1 1987  43 18720.  19.7  29.7   2.210   1.8   0.0
   1 1987  44 20340.  18.3  28.6   2.010   1.9   0.0
   1 1987  45 19980.  18.8  28.1   1.910   2.1   0.0
   1 1987  46  9900.  19.0  27.4   2.190   1.7   0.0
   1 1987  47 18360.  21.0  29.0   2.230   2.3   0.0
   1 1987  48  9180.  19.5  26.5   2.220   1.5   0.6
   1 1987  49 19980.  20.8  28.4   2.070   2.4   0.0
   1 1987  50 13500.  17.5  27.2   1.960   2.0   0.8
   1 1987  51 16740.  19.9  27.5   2.020   2.1   0.0
   1 1987  52 20520.  19.2  27.8   2.000   2.1   0.0
   1 1987  53 14040.  18.8  28.2   2.140   1.9   0.0
   1 1987  54 16380.  21.9  30.0   2.290   1.8   0.0
   1 1987  55 21780.  21.0  29.8   2.240   1.6   0.0
   1 1987  56 22320.  20.7  29.8   2.180   1.9   0.0
   1 1987  57 19080.  21.0  29.7   2.250   1.8   0.0
   1 1987  58 20700.  20.2  31.0   2.300   1.2   0.0
   1 1987  59 13680.  22.0  27.5   2.380   2.2   0.0
   1 1987  60 20880.  20.2  29.2   2.190   2.1   0.0
   1 1987  61 12060.  20.8  27.9   2.170   2.5   0.9
   1 1987  62 21240.  20.6  28.1   2.050   2.8   0.0
   1 1987  63 20340.  19.2  28.7   2.040   2.2   0.0
   1 1987  64 22860.  18.7  28.6   2.010   2.1   0.0
   1 1987  65 20700.  19.0  30.1   2.040   1.4   0.0
   1 1987  66 22680.  19.5  29.5   2.240   1.5   0.0
   1 1987  67 21600.  19.5  30.7   2.120   1.9   0.0
   1 1987  68 20880.  19.9  29.7   2.290   2.0   0.0
   1 1987  69 21780.  21.4  30.6   2.340   2.0   0.0
   1 1987  70 24300.  20.0  29.9   2.120   2.1   0.0
   1 1987  71 19080.  21.6  30.6   2.400   2.2   0.0
   1 1987  72 14220.  23.4  30.1   2.750   1.6   0.0
   1 1987  73 19800.  22.6  31.0   2.570   1.5   0.0
   1 1987  74 19440.  22.0  31.5   2.410   1.6   0.0
   1 1987  75 22680.  20.6  33.0   2.200   1.5   0.1
   1 1987  76 19980.  22.3  32.0   2.380   1.7   0.0
   1 1987  77 24120.  21.6  30.5   2.350   1.7   0.0
   1 1987  78 17460.  20.7  29.5   2.440   1.4   0.0
   1 1987  79 23040.  22.7  32.5   2.380   1.3   0.0
   1 1987  80 19980.  22.5  32.0   2.560   1.7   0.8
   1 1987  81 21600.  23.4  33.2   2.390   1.7   0.0
   1 1987  82 23580.  21.5  31.8   2.220   1.9   0.0
   1 1987  83 24120.  21.2  32.9   2.330   1.4   0.0
   1 1987  84 24300.  21.7  31.5   2.320   1.7   0.0
   1 1987  85 23940.  21.6  31.2   2.380   2.0   0.0
   1 1987  86 25200.  20.6  31.6   2.180   2.0   0.0
   1 1987  87 24660.  22.6  31.5   2.390   2.2   0.1
   1 1987  88 25020.  22.6  31.1   2.450   2.2   1.2
   1 1987  89 24840.  21.5  31.5   2.370   2.5   0.0
   1 1987  90 20340.  20.7  30.0   2.240   1.9   1.6
   1 1987  91 19260.  21.6  30.6   2.370   1.8   0.7
   1 1987  92 13140.  22.1  30.5   2.450   1.1   0.2
   1 1987  93 24120.  22.3  32.5   2.390   1.3   0.0
   1 1987  94 19800.  22.9  31.0   2.580   1.4   0.0
   1 1987  95 17100.  22.3  30.6   2.350   1.4   0.0
   1 1987  96 18000.  22.2  31.2   2.330   1.4   0.0
   1 1987  97 21960.  22.0  32.0   2.420   1.5   0.0
   1 1987  98 25740.  22.9  32.2   2.510   1.7   0.0
   1 1987  99 22860.  22.5  32.5   2.530   1.4   0.0
   1 1987 100 17640.  22.4  32.1   2.470   1.1   0.0
   1 1987 101 24120.  22.0  32.7   2.520   1.1   0.0
   1 1987 102 25020.  22.4  34.0   2.620   1.2   0.0
   1 1987 103 24480.  22.6  32.1   2.460   1.8   0.0
   1 1987 104 26100.  21.1  31.7   2.360   1.9   0.0
   1 1987 105 24660.  22.0  33.5   2.300   1.1   0.0
   1 1987 106 22500.  22.8  32.7   2.560   1.1   0.0
   1 1987 107 23220.  25.5  33.2   2.790   1.4   0.0
   1 1987 108 23940.  24.5  34.1   2.650   1.7   0.2
   1 1987 109 13680.  25.2  33.0   2.880   1.4   7.2
   1 1987 110 25020.  22.9  32.2   2.550   1.9   0.0
   1 1987 111 21960.  23.8  33.0   2.730   1.9   0.0
   1 1987 112 26640.  23.4  32.7   2.450   1.9   0.0
   1 1987 113 24480.  22.0  32.0   2.300   1.7   0.0
   1 1987 114 18540.  22.8  32.6   2.550   1.7   8.3
   1 1987 115 25740.  23.1  33.0   2.490   2.1   0.0
   1 1987 116 25740.  22.1  32.0   2.400   1.6   0.0
   1 1987 117 23580.  22.6  32.5   2.440   1.8   0.0
   1 1987 118 24120.  22.2  31.6   2.450   2.1   0.0
   1 1987 119 22500.  23.0  33.5   2.480   1.7   0.0
   1 1987 120 21600.  23.1  32.1   2.510   1.8   0.0
   1 1987 121 26100.  22.9  33.1   2.400   1.4   0.0
   1 1987 122 22680.  23.3  33.9   2.510   1.3   0.0
   1 1987 123 24840.  24.1  34.0   2.720   1.2   0.0
   1 1987 124 23580.  23.5  33.2   2.460   1.7   0.0
   1 1987 125 24120.  22.9  33.5   2.470   1.7   0.0
   1 1987 126 23220.  23.2  34.5   2.550   1.0   0.0
   1 1987 127 25020.  23.9  34.2   2.560   1.1   0.0
   1 1987 128 24120.  23.2  33.8   2.470   1.7   0.0
   1 1987 129 24840.  23.4  33.0   2.430   2.2   0.0
   1 1987 130 21960.  23.5  33.7   2.490   1.6   1.4
   1 1987 131 25560.  23.0  34.0   2.530   1.7   0.0
   1 1987 132 25380.  22.7  34.1   2.420   1.6   0.0
   1 1987 133 24660.  25.2  34.7   2.610   1.3   0.0
   1 1987 134 21780.  24.9  36.0   2.660   1.1   0.0
   1 1987 135 25020.  25.4  34.6   2.610   1.7   0.0
   1 1987 136 20340.  24.8  34.9   2.620   0.9   6.0
   1 1987 137 20340.  23.2  35.1   2.510   0.8   0.0
   1 1987 138 21960.  23.5  34.0   2.610   1.0   0.0
   1 1987 139 25380.  24.7  35.0   2.550   1.4   0.0
   1 1987 140 21060.  24.2  34.0   2.740   1.0   1.1
   1 1987 141 21960.  24.8  34.5   2.710   1.2   0.1
   1 1987 142 17820.  24.1  34.0   2.780   0.8  16.6
   1 1987 143 16920.  24.3  34.6   2.800   1.0   0.5
   1 1987 144 19080.  24.5  33.0   2.850   1.0  10.2
   1 1987 145 20340.  25.5  33.5   2.740   1.4  18.4
   1 1987 146 20340.  25.1  33.7   2.690   1.1   0.5
   1 1987 147 14040.  24.9  32.8   2.810   1.0   4.4
   1 1987 148 18180.  25.1  33.5   2.770   0.9   5.4
   1 1987 149 19440.  24.7  33.9   2.830   0.9   8.6
   1 1987 150 19260.  24.6  33.7   2.820   1.0   0.0
   1 1987 151 20700.  25.2  33.0   2.800   1.1   5.8
   1 1987 152 21240.  25.0  33.7   2.870   1.1   1.0
   1 1987 153 17820.  26.2  33.5   2.780   1.0   7.0
   1 1987 154 25920.  25.9  34.0   2.650   1.8   0.0
   1 1987 155 18720.  25.4  33.9   2.820   1.3  33.0
   1 1987 156 21600.  25.5  33.7   2.780   1.6   0.0
   1 1987 157 20340.  25.5  33.5   2.830   1.4   0.0
   1 1987 158 19260.  25.5  35.5   2.770   0.9   5.6
   1 1987 159 19260.  24.5  32.5   2.800   0.9   0.0
   1 1987 160 10080.  25.0  32.2   2.800   0.6  27.4
   1 1987 161 10440.  24.3  29.9   2.650   1.5   3.2
   1 1987 162 15840.  24.9  32.6   2.730   1.7   2.8
   1 1987 163 14940.  24.6  31.7   2.830   1.4  32.8
   1 1987 164 13680.  25.2  31.0   2.910   1.7  10.0
   1 1987 165 12240.  25.4  31.5   2.800   1.6   1.9
   1 1987 166  9180.  25.5  30.0   2.750   1.7   8.8
   1 1987 167  9720.  25.6  30.5   2.700   1.7   1.4
   1 1987 168 15660.  25.6  31.8   2.820   1.3   0.0
   1 1987 169 14760.  25.2  33.1   2.820   1.2   0.6
   1 1987 170 22680.  25.5  33.5   2.720   1.3   0.0
   1 1987 171 21240.  25.0  33.5   2.810   1.3   0.0
   1 1987 172 23040.  25.0  33.4   2.680   0.9   0.0
   1 1987 173 21600.  24.0  33.0   2.690   0.9   2.7
   1 1987 174 20520.  23.5  34.0   2.610   1.3   0.0
   1 1987 175 24480.  24.6  34.1   2.710   1.9   0.0
   1 1987 176 24300.  26.7  34.5   2.940   1.7   0.0
   1 1987 177 14040.  25.1  33.6   2.970   0.9  96.6
   1 1987 178 17100.  24.7  32.5   2.820   0.9   2.6
   1 1987 179 18360.  25.0  31.5   2.850   0.9   5.2
   1 1987 180 12960.  25.0  30.5   2.880   0.9  46.8
   1 1987 181 14040.  23.9  32.0   2.720   1.2   0.0
   1 1987 182 13320.  25.4  32.4   2.750   0.9  12.8
   1 1987 183 18720.  24.0  33.0   2.670   1.2   0.0
   1 1987 184 18000.  25.3  31.6   2.800   1.3   0.4
   1 1987 185 11160.  24.5  30.5   2.790   0.7  11.4
   1 1987 186 13860.  24.8  30.2   2.700   0.7   0.0
   1 1987 187 25020.  23.4  31.7   2.550   1.1   0.0
   1 1987 188 19260.  23.5  32.0   2.780   0.8   0.5
   1 1987 189 21240.  24.0  32.5   2.750   1.0   0.0
   1 1987 190 17280.  24.3  32.5   2.570   1.1   0.0
   1 1987 191 11700.  24.4  30.5   2.660   1.0  24.8
   1 1987 192 12240.  23.0  30.0   2.650   0.6   0.0
   1 1987 193 12960.  24.8  31.0   2.610   2.4   0.0
   1 1987 194 15660.  26.8  31.6   2.840   2.6   0.0
   1 1987 195  9900.  25.5  30.5   2.720   2.4   0.4
   1 1987 196 10440.  26.0  30.6   2.670   1.4   1.1
   1 1987 197 14040.  24.9  31.5   2.540   1.2   1.1
   1 1987 198 21600.  24.0  32.2   2.700   0.8   0.0
   1 1987 199 16380.  22.8  32.0   2.570   1.2   2.8
   1 1987 200 13680.  25.7  30.6   2.740   2.0   0.1
   1 1987 201 12240.  25.7  31.0   2.650   1.9   2.8
   1 1987 202 14760.  24.5  30.7   2.570   1.1   2.4
   1 1987 203 21060.  24.5  32.0   2.690   1.0   0.0
   1 1987 204 22140.  24.0  33.1   2.600   1.3   1.4
   1 1987 205 18360.  25.2  32.0   2.660   0.8   0.0
   1 1987 206 15300.  24.0  32.5   2.620   1.2   0.0
   1 1987 207 11700.  26.2  31.0   2.740   1.0   1.1
   1 1987 208 17820.  24.2  32.0   2.700   1.0   0.0
   1 1987 209 18720.  23.4  31.5   2.610   0.8  24.8
   1 1987 210 15660.  24.0  32.5   2.770   1.1  22.0
   1 1987 211 19620.  22.8  33.2   2.550   1.1   6.9
   1 1987 212 17460.  24.2  31.6   2.710   0.7   0.0
   1 1987 213 13860.  24.5  31.2   2.760   0.9   9.7
   1 1987 214 13680.  24.2  31.3   2.690   1.0  12.2
   1 1987 215 19620.  24.9  33.0   2.720   0.6   0.0
   1 1987 216 24120.  23.9  33.0   2.470   0.9   0.4
   1 1987 217 24660.  24.3  33.5   2.490   1.0   0.0
   1 1987 218 20340.  24.0  32.6   2.670   1.2   0.0
   1 1987 219 20340.  22.7  32.2   2.500   0.8   0.0
   1 1987 220 18000.  24.4  32.8   2.620   0.7   0.0
   1 1987 221 22140.  23.5  32.4   2.530   0.8   0.0
   1 1987 222 22140.  24.1  33.2   2.700   1.0   0.0
   1 1987 223 21060.  25.0  32.5   3.050   1.2   0.0
   1 1987 224  8100.  25.2  30.4   2.970   3.5  39.6
   1 1987 225  4680.  25.0  28.4   2.750   3.4   3.4
   1 1987 226 16740.  25.1  31.0   3.120   1.1   0.0
   1 1987 227 15120.  24.0  31.1   2.920   1.1   2.7
   1 1987 228 17280.  24.0  32.1   2.810   2.3   0.6
   1 1987 229 15660.  26.0  31.9   3.040   3.7   0.4
   1 1987 230  5400.  26.5  28.7   2.920   2.3  41.4
   1 1987 231 13860.  24.1  30.1   2.760   1.6   6.6
   1 1987 232 16380.  25.7  31.0   3.060   1.8   7.0
   1 1987 233 15120.  23.9  31.4   3.050   1.1   0.0
   1 1987 234 11340.  24.5  30.0   2.980   0.5   8.6
   1 1987 235 14220.  24.3  31.5   3.080   1.0   2.6
   1 1987 236 18180.  24.3  30.7   3.080   1.1   5.2
   1 1987 237 22320.  24.2  32.5   2.980   0.7   0.0
   1 1987 238 19800.  23.7  31.4   2.920   0.9   0.0
   1 1987 239 23580.  24.5  33.0   2.890   2.1   0.0
   1 1987 240 19620.  25.2  32.7   2.880   2.7   0.7
   1 1987 241 22320.  25.5  32.5   2.980   3.4   0.0
   1 1987 242 19080.  28.1  32.4   3.110   2.0   0.3
   1 1987 243 17460.  24.6  32.0   2.890   1.0   3.6
   1 1987 244 14760.  25.0  30.5   2.880   0.8  20.7
   1 1987 245 13860.  23.7  28.8   2.870   1.0   6.3
   1 1987 246  9900.  24.3  29.4   2.980   0.9   6.8
   1 1987 247 15660.  24.3  30.9   2.900   1.1   1.4
   1 1987 248 14760.  24.8  31.4   3.000   2.0   2.2
   1 1987 249  9540.  24.4  30.5   3.010   2.1  41.9
   1 1987 250 15120.  24.4  30.9   3.010   2.3  33.7
   1 1987 251 11340.  24.4  29.9   2.990   1.8  17.4
   1 1987 252 12420.  24.1  30.7   2.920   1.4   2.6
   1 1987 253  9360.  25.4  29.5   3.070   0.6   8.0
   1 1987 254 16200.  23.6  31.7   2.950   0.8   7.2
   1 1987 255 12780.  24.0  30.0   3.100   0.6   0.5
   1 1987 256 19260.  24.0  31.9   2.990   0.8   1.4
   1 1987 257 16200.  24.2  31.4   3.060   0.8   0.1
   1 1987 258 15840.  25.4  32.3   3.030   0.8   0.1
   1 1987 259 12240.  26.0  31.6   3.130   1.0   2.2
   1 1987 260 16380.  24.8  30.5   2.970   0.7   0.6
   1 1987 261 16020.  24.0  31.5   3.030   0.9   3.4
   1 1987 262 16920.  23.3  32.5   2.930   0.9  66.1
   1 1987 263 21600.  23.1  33.5   2.910   0.8   0.0
   1 1987 264 16560.  24.7  31.5   3.080   1.2   0.0
   1 1987 265 13860.  24.6  32.0   3.160   0.9  33.4
   1 1987 266 20880.  24.3  31.8   2.930   1.1   0.0
   1 1987 267 23400.  23.5  33.1   2.670   0.8   0.0
   1 1987 268 22320.  23.8  32.8   2.850   1.0   0.0
   1 1987 269 22680.  24.4  33.6   2.920   1.0  13.4
   1 1987 270 22860.  24.7  31.9   2.960   1.1   0.0
   1 1987 271 19980.  24.4  31.8   3.080   1.0   0.0
   1 1987 272 12420.  25.0  31.4   3.060   0.9   0.0
   1 1987 273  9180.  24.5  29.2   2.980   1.0   4.2
   1 1987 274 18900.  24.0  31.7   2.780   1.1   2.6
   1 1987 275 12780.  24.6  31.0   3.100   0.6   0.0
   1 1987 276 17460.  23.5  31.7   2.990   0.9   0.0
   1 1987 277 16200.  23.5  31.7   2.940   1.2   0.0
   1 1987 278 11700.  24.1  31.6   2.860   0.7   4.1
   1 1987 279 17820.  23.9  32.1   2.910   1.1   0.1
   1 1987 280 17820.  24.1  32.1   3.020   1.4  10.4
   1 1987 281 11160.  24.5  28.9   3.010   0.9   0.8
   1 1987 282 16920.  24.0  31.7   2.860   1.3   0.0
   1 1987 283 23220.  23.1  32.5   2.840   1.0   0.0
   1 1987 284 23940.  22.6  33.0   2.580   0.8   0.0
   1 1987 285 22860.  23.7  33.0   2.710   0.9   0.0
   1 1987 286 22320.  23.6  32.5   2.870   0.9   0.0
   1 1987 287 20880.  23.9  33.1   2.800   1.1   0.0
   1 1987 288 12240.  24.8  30.5   2.970   0.8   6.2
   1 1987 289 18540.  23.4  33.0   2.830   0.8   0.0
   1 1987 290 15300.  24.6  31.1   2.990   1.1   0.0
   1 1987 291 19440.  24.1  31.5   2.840   1.0   0.0
   1 1987 292 20700.  23.2  32.3   2.770   1.2   0.0
   1 1987 293 15120.  24.0  31.0   2.970   1.3   0.7
   1 1987 294 20520.  24.1  32.6   2.860   1.4   0.0
   1 1987 295 19260.  24.2  32.5   2.860   1.1   0.0
   1 1987 296 10260.  24.4  31.0   2.860   3.2   0.0
   1 1987 297 15840.  26.8  33.0   3.160   2.2   0.0
   1 1987 298 16740.  26.0  33.6   3.250   1.2   1.8
   1 1987 299 15840.  24.0  31.8   3.040   0.9   8.0
   1 1987 300 17280.  23.2  31.8   2.790   1.1   2.0
   1 1987 301 14940.  24.5  30.0   2.980   1.9   5.8
   1 1987 302 13140.  24.5  29.0   2.960   1.1   0.0
   1 1987 303 10080.  24.8  31.1   3.060   1.1  29.1
   1 1987 304 12600.  24.9  29.2   3.120   0.9   2.0
   1 1987 305 20520.  24.2  31.1   2.900   1.9   1.7
   1 1987 306 13500.  24.4  30.1   3.090   1.3  13.4
   1 1987 307 13860.  24.2  30.6   2.960   1.6   8.1
   1 1987 308 14940.  24.0  30.0   2.960   1.6   1.9
   1 1987 309 17100.  25.0  31.1   3.040   1.8   0.3
   1 1987 310 20160.  23.9  31.1   2.900   1.4   0.0
   1 1987 311 20160.  23.0  31.5   2.850   1.5   0.0
   1 1987 312 15840.  24.0  31.1   2.960   1.5   0.2
   1 1987 313 19620.  23.3  31.1   2.740   1.7   0.0
   1 1987 314 15840.  24.2  31.0   2.920   1.2   0.4
   1 1987 315 19080.  24.5  31.5   2.820   1.6   7.2
   1 1987 316 17280.  24.0  31.3   3.050   1.3   0.1
   1 1987 317 11880.  25.0  30.9   3.140   1.1   0.4
   1 1987 318 10440.  24.0  29.9   2.920   0.9   9.4
   1 1987 319  5040.  24.4  26.7   2.990   1.0  24.2
   1 1987 320 10440.  24.5  29.0   3.080   1.0   4.2
   1 1987 321 14760.  23.5  31.1   3.050   0.6  31.3
   1 1987 322 13320.  23.8  31.2   3.050   0.7   0.0
   1 1987 323 15660.  24.0  31.4   3.050   1.2   0.0
   1 1987 324  6300.  24.5  28.0   3.110   0.5  17.8
   1 1987 325  3960.  23.7  25.0   2.800   0.8  39.6
   1 1987 326  9720.  22.9  28.8   2.840   1.5   2.3
   1 1987 327 10980.  23.7  30.3   3.070   1.1   6.5
   1 1987 328 14400.  24.0  30.4   3.080   1.4   1.6
   1 1987 329  6840.  23.0  29.1   2.740   4.4  81.0
   1 1987 330  6480.  24.2  27.5   2.840   3.4   4.3
   1 1987 331 19260.  23.4  31.7   3.080   1.4   0.0
   1 1987 332 14940.  23.5  31.0   3.100   1.2   0.0
   1 1987 333  9720.  22.7  28.7   2.870   0.8   1.2
   1 1987 334 11700.  23.5  30.0   2.750   0.6   0.0
   1 1987 335  9720.  23.7  30.2   2.850   1.5   1.5
   1 1987 336  5940.  24.3  26.8   2.860   2.0   1.0
   1 1987 337  7380.  23.4  27.1   2.770   1.5  67.3
   1 1987 338  2880.  23.5  24.5   2.680   0.9  40.0
   1 1987 339 16560.  22.5  30.8   2.730   1.4   3.8
   1 1987 340 12600.  23.3  28.4   2.820   1.6   0.6
   1 1987 341  9720.  23.0  27.2   2.740   2.5   0.2
   1 1987 342  8280.  23.1  27.0   2.680   1.4   2.5
   1 1987 343  8460.  24.0  27.2   2.960   1.5  10.8
   1 1987 344 11880.  23.2  29.2   2.790   1.2   0.3
   1 1987 345 18720.  23.2  30.5   2.870   1.0   1.0
   1 1987 346 12960.  23.2  28.5   2.740   1.8   0.0
   1 1987 347 12420.  21.5  27.8   2.580   1.6   0.0
   1 1987 348  9900.  22.6  27.5   2.710   1.8  15.2
   1 1987 349 12600.  22.1  27.5   2.410   1.7   0.4
   1 1987 350  9720.  21.7  27.1   2.410   1.6   0.5
   1 1987 351  3240.  23.6  26.5   2.850   1.0  87.2
   1 1987 352 10980.  24.1  29.9   2.990   1.8   0.2
   1 1987 353 11880.  23.8  29.7   2.980   1.5   0.0
   1 1987 354 13320.  22.5  29.4   2.820   1.1   0.8
   1 1987 355  8820.  23.8  29.2   2.960   1.0  16.4
   1 1987 356 10620.  24.0  27.8   2.970   1.7  10.3
   1 1987 357  9720.  23.6  27.2   2.900   1.3   4.2
   1 1987 358 18720.  23.5  29.8   2.730   2.1   4.1
   1 1987 359 18540.  23.1  30.2   2.730   2.3   0.6
   1 1987 360  6660.  23.2  27.5   2.710   1.5   3.1
   1 1987 361 17460.  22.8  30.0   2.620   1.8   1.1
   1 1987 362 14400.  22.2  29.5   2.710   1.6   1.1
   1 1987 363 11880.  22.9  28.7   2.790   1.0   0.0
   1 1987 364 18000.  22.8  31.0   2.910   0.9   0.0
   1 1987 365 11520.  23.5  29.0   2.750   1.2   2.2
